-26.33662485  
12.66259001  
-6.584194623  
10.8807224  
51.65369805  
120.2222994  
-3.81130534  
-1.50080227  
128.873098  
3.845582731  
-3.105123131  
7.347425967  
52.40176526  
14.1781389  
31.4002801  
38.88480799  
-15.26129642  
-13.97694448  
25.87320561  
22.78615232  
25.31640113  
-1.717141761  
22.57814326  
74.08322967  
28.08056843  
56.96708352  
77.46059979  
17.28747707  
-27.52906683  
36.89633514  
33.41456367  
25.34498514  
-15.40513211  
-32.83898422  
-8.212715145  
40.6005061  
-13.66894036  
11.0774289  
35.80631328  
-14.6616804  
15.29173077  
18.44117507  
68.03680148  
40.28270812  
