123.643045  
31.08157075  
-21.07124552  
54.98196283  
-23.57393421  
133.9191689  
-37.84487256  
13.91776877  
181.8845722  
4.317754339  
-48.22064761  
39.12814908  
-55.91439646  
17.80833372  
-58.93162796  
18.37869507  
51.90162409  
39.45051524  
8.222453818  
34.47560635  
51.29876711  
-16.41118256  
26.63645968  
-0.3302345862  
14.27398602  
-11.38789088  
1.304247955  
2.320304821  
1.84834202  
-2.52622556  
56.67280357  
-16.48127864  
-19.7958606  
-1.936577972  
-4.401771326  
34.17506942  
122.2512476  
22.17160471  
57.47498998  
-10.24765957  
-17.15282358  
0.471820806  
-33.6622618  
61.24973655  
