77.46822034  
-1.987519124  
39.00077632  
0.4310441535  
42.94362009  
169.9697159  
-11.95292203  
27.56618992  
159.7211567  
11.66604394  
-22.30969198  
-20.07842858  
-0.9840427844  
15.9215315  
-38.52616217  
-9.081224804  
42.10814754  
-15.41244973  
-0.2303194792  
-8.544777574  
-20.22052507  
-43.50416132  
6.130762744  
-5.987691426  
5.037899819  
-18.24792621  
9.527278217  
22.81586837  
15.69983618  
23.6730879  
-5.033140479  
2.958206459  
11.90647305  
27.22616986  
-22.94102284  
28.47909363  
17.8017916  
39.32554079  
62.83131482  
9.376164683  
-24.51013078  
59.7639128  
37.99867816  
9.391789905  
