-13.923208  
-107.1761489  
-20.68623444  
11.15288132  
15.46462057  
69.89088211  
16.9953697  
-9.463764735  
-62.28357017  
-8.139905037  
-9.32655472  
-50.07637443  
-3.934668577  
33.9799986  
27.2361318  
38.80542151  
30.89739826  
45.78581645  
-40.70659942  
-17.39470992  
-92.61451128  
-6.274528869  
-51.23149598  
-40.45750475  
-0.945342659  
-56.76555754  
15.16837423  
21.68523196  
50.74660515  
2.256209987  
-7.009082198  
8.743750813  
-91.69361588  
-78.59229778  
53.12935912  
-72.09183381  
-51.51070843  
-29.19060502  
-22.88835897  
30.43913926  
16.41613371  
10.33463346  
-53.47496726  
-25.29169621  
