90.83999511  
14.65871447  
10.60391651  
14.98871253  
73.57212799  
82.40265363  
4.092548179  
19.80845554  
129.8996064  
2.427413235  
-24.03516541  
-58.45087229  
-16.68301023  
9.697820612  
-25.68677881  
7.239647431  
-2.895312765  
11.83280684  
-17.30919258  
2.521870221  
7.086118745  
-51.07725448  
-46.52426458  
37.95800114  
4.242170525  
-22.21585384  
67.5099217  
21.23633415  
-13.97221289  
14.49933037  
-13.84783067  
-40.54737494  
-8.908772222  
-49.33554649  
7.476279591  
81.79240847  
14.55008914  
23.37250631  
12.11065252  
36.23639409  
-9.520159296  
-18.73036301  
30.03586705  
-10.22935208  
