-2.866320197  
-8.303158617  
-1.0428053  
7.938966672  
-0.421022894  
0.3108371178  
6.400438197  
4.724403385  
-3.56141608  
3.364838452  
4.639984685  
0.1720582038  
-8.306208436  
3.039229623  
-8.596181043  
-0.09181002776  
-1.640658418  
1.697804632  
-3.425549989  
5.230825476  
-0.3612310131  
0.9844495753  
7.380172118  
-0.5945781271  
1.039550621  
-10.4489982  
-5.110271768  
0.2902494984  
-1.07549504  
-4.880526268  
0.09693340659  
-4.728525346  
2.545543273  
-5.316115097  
2.168302735  
1.215970822  
7.749285046  
-5.84282074  
-3.270943256  
7.287033367  
3.607210135  
2.899348402  
2.413491058  
-2.327739028  
