33.45678756  
-35.3133926  
-0.9588875592  
-15.49482443  
-38.76309655  
182.6098782  
-6.022819698  
25.36499637  
32.9852302  
-11.80770062  
-33.77705663  
-3.335597777  
1.972307193  
-18.32254485  
-2.250358939  
-33.35012238  
-1.109853867  
10.55292656  
-13.78911388  
65.29725056  
9.960434146  
-22.72406821  
-10.82593369  
18.24688419  
37.21317913  
54.33418007  
9.328236115  
-22.62430383  
43.20571985  
21.48779012  
-17.32128659  
16.90734799  
-15.6932761  
-0.7175360881  
10.69418716  
-27.32477846  
107.9892826  
26.88922065  
-12.20522119  
40.67920634  
-13.65551269  
40.7923904  
-0.1376646042  
-3.773936906  
