-93.38999476  
-3.336111302  
2.931371361  
15.96440553  
7.647871777  
118.3113282  
6.493628211  
-1.319495205  
47.00607923  
-13.46012239  
17.94098929  
0.5258560162  
31.19200652  
10.51927499  
10.35190386  
25.55105193  
-11.80722356  
37.56951533  
-15.62400947  
29.23516759  
11.85328361  
-41.39890623  
-1.918605244  
-56.71709276  
-5.697536003  
18.0082025  
50.04697258  
-17.76050635  
24.40402535  
14.00876822  
-54.94021901  
110.1632499  
2.598357715  
-18.53427148  
21.22343126  
-29.61969873  
-35.15251326  
86.84828839  
-54.68159771  
-6.614473091  
-35.84518534  
-2.48152777  
28.72908859  
1.842538269  
