67.55929707  
23.9407  
33.78262367  
-4.642360604  
16.76790065  
142.2898953  
-19.1738229  
26.81040901  
102.1574192  
24.2178884  
-4.163464671  
-13.2453672  
-4.34681881  
5.155259771  
-57.40893727  
-16.61930403  
31.4700381  
-15.63037932  
-1.811006224  
13.42954367  
2.678623442  
-40.06907686  
-3.192866786  
-18.54234227  
-12.34700957  
-41.75554736  
-3.322603013  
12.39908143  
15.30364889  
4.444677147  
2.924287553  
-20.86506561  
30.40699172  
14.5011133  
-32.24474798  
45.51770709  
-7.632364296  
23.35016517  
31.5301606  
3.584728262  
-31.26247922  
35.12327137  
48.80731005  
16.39418137  
