123.1619288  
30.25710947  
-22.99862702  
57.81492148  
-26.09609012  
136.5817195  
-39.76219352  
13.06602284  
185.6387132  
5.44620185  
-51.07874789  
39.60300664  
-60.71085269  
20.15094321  
-55.83144388  
19.64673003  
55.39594807  
42.06969815  
7.825610697  
38.29503855  
52.15805712  
-16.15927844  
29.7906942  
0.419667608  
19.7782887  
-10.73272498  
6.746493861  
1.785165387  
0.7497611355  
-3.40919651  
59.10529673  
-15.25528868  
-20.24045526  
-1.109040136  
-5.075807813  
32.32292286  
121.0095126  
28.93585901  
60.35040147  
-9.062701213  
-19.01182095  
2.233779404  
-32.01206848  
63.31144617  
