99.92828227  
10.52786519  
-38.09945645  
17.32817992  
3.925722437  
142.922456  
-43.45144248  
23.71442026  
133.8612752  
24.86518635  
-35.32986728  
24.61213487  
-30.51217295  
-16.47032096  
-68.92143747  
18.56374136  
15.6679569  
22.12454613  
20.7774998  
17.0487416  
48.86018339  
-15.51648718  
31.67868842  
41.07535933  
17.61322015  
-11.34804794  
40.27687554  
-8.596635447  
26.9464603  
-2.593604231  
44.61724268  
-4.310191405  
-8.267688528  
9.176754313  
5.106715803  
-17.97794794  
75.41411449  
45.37834904  
26.48596506  
-13.07381754  
-40.31875739  
-12.5591417  
-37.27257278  
8.112672488  
