48.50533175  
-11.40472428  
-44.31985474  
33.12442114  
-12.35215842  
-86.17467308  
-12.02216933  
22.34175005  
-108.116928  
-9.089925647  
5.216194762  
53.73936923  
-10.15369492  
-19.63013374  
-122.2307072  
45.6266806  
-35.87070489  
79.26110823  
-25.61969805  
-0.9148134334  
-34.77697832  
32.46840732  
-11.0056641  
66.5387402  
-11.15780108  
13.11939468  
-59.91064824  
-24.57639577  
133.9715922  
-68.49631219  
62.08474953  
-89.1964857  
-14.70147222  
-7.691590309  
70.95635692  
8.214468649  
21.08075633  
-117.9059181  
8.006349836  
-14.43470808  
13.10602894  
0.3265269143  
82.14337116  
77.05767535  
