11.09894848  
14.47993517  
4.617880791  
0.5339024365  
1.902569875  
15.49142548  
8.821357474  
-8.461440563  
-3.396954417  
-0.5468091331  
-10.05737181  
-2.354460537  
-0.3083525896  
1.15389736  
-1.915506031  
-3.880086571  
4.759880066  
-5.667313382  
-3.798708081  
-2.709391981  
-8.954219818  
7.0727759  
10.05959547  
-0.2349557281  
0.6066882014  
0.2892974019  
10.66977865  
-2.084940284  
6.011285752  
-7.561685055  
3.223847091  
7.222555935  
11.08333749  
-25.18350983  
-6.906145751  
7.214718282  
-2.537432253  
8.247919306  
-13.53799081  
-8.797714591  
-2.489887953  
-4.738850355  
9.474110186  
-19.19442677  
