-99.72828918  
-11.94280144  
-28.6335464  
-14.94420146  
-71.06179745  
109.5892425  
24.16026902  
-33.61451483  
34.05141113  
-10.47135711  
3.132725682  
-45.46685249  
16.45777449  
3.780344372  
29.33226663  
-40.94592846  
0.5767859864  
6.023194399  
-35.36421283  
27.25209271  
46.67761974  
-77.03053833  
-24.21654482  
23.45042394  
10.65186858  
66.44569798  
-40.11463097  
-3.528792126  
-124.0854114  
13.95132269  
-20.50089687  
51.38402523  
-32.51995094  
34.26331278  
-28.92852108  
3.339502611  
42.53025621  
45.65613202  
-12.25908772  
-23.96837052  
-19.07697611  
52.46687912  
70.49574043  
11.54062232  
