95.50511299  
8.348438176  
-39.00166139  
17.47017304  
2.195108625  
145.3311949  
-46.13705248  
20.56453755  
135.0843448  
19.73719602  
-34.38232821  
28.45268449  
-25.41655583  
-18.06792192  
-69.00081842  
17.50167708  
13.62733648  
21.4907879  
19.49522039  
16.18200846  
46.22001283  
-18.27847922  
33.21423507  
40.63175657  
17.65023828  
-11.60084056  
35.99278548  
-9.318663154  
28.48443976  
-6.80463724  
42.35684751  
-4.480145092  
-10.78122871  
6.578812924  
6.973459676  
-16.72517756  
76.09432789  
46.74450919  
26.19837365  
-15.37977243  
-40.76142934  
-14.75296002  
-40.63416322  
7.682067048  
