50.82527068  
41.72755556  
-8.284495961  
11.65956951  
-7.464248807  
95.51853742  
-8.422109812  
28.01403969  
133.4230652  
4.4731119  
-54.55939082  
4.175011459  
-35.70064912  
35.72056808  
-54.96774672  
-27.66033316  
33.96492311  
10.49409094  
26.44070964  
-51.58614602  
0.439046076  
-28.95856716  
24.63059075  
-25.83742214  
-3.09914418  
-7.610161527  
-2.675413152  
22.16095193  
27.68091846  
-9.004741856  
50.83398601  
2.020403115  
21.83148453  
65.82039206  
4.949036305  
11.63552973  
25.8358001  
80.16708564  
35.34300466  
5.299265878  
-60.65444853  
58.62397528  
-19.33865546  
49.24097079  
