-40.68494029  
-14.88003519  
-0.903161821  
-18.2181596  
39.28463473  
3.164242723  
-27.27129627  
11.42923411  
-39.92367818  
24.32444206  
23.80649315  
-17.7291481  
-17.8487007  
-12.44209159  
36.80954764  
-39.72745925  
-7.137996389  
-24.63307747  
4.31971829  
-31.08467557  
52.42126303  
-56.92462262  
53.10194746  
-41.44718094  
-52.12518769  
71.35451516  
31.94066787  
-2.985243852  
18.34805653  
12.78054258  
-15.25978483  
-16.60426791  
-6.97084196  
-4.910823481  
8.514543346  
16.37424966  
-54.08930178  
-11.42004062  
-44.21410127  
9.656370965  
-9.386966556  
50.53785703  
-42.29573216  
4.553805213  
