46.51529054  
39.58928811  
-21.55772218  
-8.163826692  
-6.518194625  
83.05084445  
-6.638091833  
14.7473406  
134.8910276  
0.9266609667  
-46.45532327  
-5.496432075  
-40.94954203  
32.51494646  
-51.58660735  
-19.23542666  
30.61892545  
9.832059541  
7.70532738  
-45.85539656  
-14.51593589  
-4.647198968  
21.05191724  
-8.610439972  
12.57551365  
-2.857881353  
0.2349958881  
-5.539504859  
40.35802206  
-22.70726625  
34.64542923  
7.144013316  
12.80439095  
88.00090508  
18.92914037  
-14.25860621  
1.769467881  
51.89913509  
32.07111495  
-3.459326627  
-33.88871267  
47.64243633  
-13.45629414  
20.21475349  
