-2.796229787  
-8.109926095  
-2.529288271  
1.469574437  
-9.948930562  
11.22682562  
6.452852552  
-0.3913085358  
22.17645676  
-6.883464135  
-16.75081904  
-0.2451595236  
1.045074567  
-4.638569035  
24.37439972  
-4.349152453  
19.54481383  
-16.94174157  
5.465327539  
3.421269538  
-2.27442424  
-2.241886812  
-13.76104076  
-3.940195148  
6.128369588  
1.56544354  
10.38349542  
-5.223045968  
-4.360830963  
-15.09089327  
9.509272158  
23.53097433  
2.237741033  
-3.306518512  
-4.281186232  
-2.723905176  
7.885044409  
3.353636065  
4.353232492  
17.39001526  
-10.97370477  
5.89858482  
-4.446692955  
-4.066772057  
