9.477058524  
10.71989643  
3.744352393  
1.166755577  
3.55242008  
17.84328496  
10.82293755  
-13.33108148  
1.82954617  
-2.881658449  
-7.162144547  
-4.330029988  
0.8714519288  
1.916200468  
2.214713021  
4.440390354  
7.749602205  
-8.598391133  
1.207260713  
-3.749539982  
-3.46072034  
9.540179255  
14.28352865  
-9.00725447  
5.704693259  
-0.6352969297  
12.41281433  
7.541948281  
2.218798762  
-18.48798177  
-1.427390971  
13.44742727  
9.943720311  
-21.41200909  
-5.446634984  
11.61836803  
-9.545212231  
7.073052733  
-10.17001893  
-5.536590721  
-6.415943713  
-3.637382003  
8.259899432  
-17.90906916  
