90.26588678  
16.49972204  
8.006245579  
11.56681804  
72.66408517  
87.53381899  
3.330859572  
19.03691054  
128.2005209  
3.090564005  
-23.42694477  
-57.92503901  
-16.86402969  
9.602278322  
-27.51782989  
8.525970144  
-3.225044323  
10.08133491  
-17.58634536  
0.5522033317  
7.362922238  
-47.5027161  
-43.29145858  
36.90030961  
3.330475028  
-21.76275871  
65.67593869  
22.0333584  
-16.29532807  
16.8865053  
-12.17053945  
-39.62946594  
-12.72351806  
-46.50006735  
5.555552713  
78.86866161  
12.95033544  
23.77467913  
14.34352126  
37.32645575  
-11.39381494  
-16.8933129  
31.4986513  
-10.09224551  
