-22.89608711  
-29.52402085  
-24.42059776  
-35.77960014  
-24.50135504  
152.2417752  
30.87084947  
17.94654073  
52.63561474  
-8.62577913  
-51.87300019  
15.85444921  
109.756034  
11.18605427  
41.60963004  
27.63703837  
27.00810516  
5.665766781  
29.70788229  
83.80374371  
-9.622997755  
-18.30709355  
-34.43622947  
29.55097551  
-43.52327857  
44.86733016  
94.81856294  
2.509967685  
-20.80170486  
13.35598165  
12.49791715  
75.75449666  
-18.83707613  
-21.82308103  
-18.67221636  
66.60368096  
-19.4662623  
-17.00629056  
30.70482444  
-18.28444048  
3.911900656  
0.5596576604  
106.0958441  
24.44624474  
