115.5734988  
-4.395745772  
-39.44339856  
27.03791118  
4.233984339  
118.1882718  
9.254123027  
9.621356088  
139.6567998  
-19.63831799  
-45.7198202  
4.295350306  
-62.82509421  
1.788042068  
-23.64948148  
9.739916682  
5.862838555  
5.352394642  
19.71381111  
16.54752167  
63.01030367  
-7.28270717  
29.82603359  
35.98567884  
30.8243176  
-17.72194231  
34.15581055  
-22.79359022  
52.45480738  
-14.37931914  
15.40374541  
-18.76805547  
12.80400853  
30.99653355  
1.06370994  
-18.45399367  
117.0765323  
47.74509975  
14.54921626  
-22.15249319  
-7.624525626  
-11.77931617  
-55.2306176  
0.4116804564  
