109.2040741  
3.045937943  
-41.3057696  
24.00174484  
9.086628363  
113.4175534  
13.93196861  
8.429021349  
127.6769264  
-20.87201768  
-43.31001586  
5.515119899  
-60.0541686  
3.774452932  
-18.96093581  
9.195601575  
5.636843214  
2.412300962  
19.90030848  
14.4076336  
56.92345865  
-4.702735737  
26.4702668  
32.77663023  
31.85805695  
-17.64076883  
29.45926192  
-20.12939858  
49.58797878  
-14.19888097  
13.17044076  
-16.844188  
11.5106888  
30.74132885  
2.86797057  
-15.07869965  
110.7266774  
44.64251806  
13.18778377  
-24.75123885  
-10.87114442  
-8.011643153  
-47.34534439  
3.026115421  
