71.47338876  
-18.83714234  
27.96281375  
2.740368962  
2.038341761  
83.02233176  
-9.910185458  
17.95136664  
62.8142095  
-17.04411993  
-17.19686074  
-28.42089306  
-14.71338177  
-4.390015434  
-57.7052137  
-42.66511494  
-18.35790797  
-13.15075922  
1.651731637  
-14.73793006  
-4.787867672  
-13.72849195  
-14.88827484  
-47.50072912  
24.78400535  
-56.7964136  
-0.4212850116  
-16.61270113  
20.97244822  
-15.21177758  
-11.09544326  
-41.94078982  
37.15118087  
-61.88831601  
-53.68812665  
21.81862032  
-85.46878269  
-7.507421311  
-4.114122629  
-43.62824483  
-16.91954641  
-10.80038673  
-28.20975601  
-19.88447963  
