-36.63441551  
12.50181166  
-4.15085038  
7.077098887  
65.57395119  
122.2485414  
-3.435032045  
-0.05665625225  
137.7268951  
7.132777868  
7.232664585  
14.14795235  
53.81060349  
10.55657329  
35.29342602  
23.41613472  
-10.55373153  
-22.37583804  
23.50090339  
19.11486258  
27.38153943  
-2.903579387  
18.87575531  
72.41933273  
28.64337502  
53.67164818  
83.79063741  
21.8705652  
-19.33532745  
35.70464615  
42.13526499  
25.27044542  
-11.90836643  
-36.02565865  
-2.826571459  
33.38292103  
-15.20578984  
18.85460335  
39.10081571  
-15.64065895  
16.92358368  
20.10139431  
70.33998385  
42.8629204  
