77.86179202  
91.5168626  
53.32368484  
-0.6806016485  
13.45938865  
175.7601256  
-43.14026491  
42.371954  
77.56271418  
86.65738659  
29.94115767  
26.87400106  
-2.489604048  
3.833781054  
-79.55535078  
-1.067816456  
59.69478153  
-8.644896539  
-6.274524889  
64.77313829  
48.01795371  
-60.83813318  
0.3830102285  
-6.63012716  
-66.96464064  
-76.26661367  
-19.58672697  
35.9536493  
18.11683808  
-1.86775827  
30.79367375  
-40.67947731  
40.51073021  
49.98479561  
-31.00430102  
82.95552355  
8.667394394  
32.8159268  
15.03716372  
36.05782708  
-46.54598837  
41.84098632  
127.9883254  
57.44792239  
