27.37391171  
-72.48474944  
-11.22336535  
-68.77067572  
30.75341446  
32.80448515  
0.2267355919  
30.07223905  
-57.44537544  
17.05994699  
21.3846268  
-81.80617272  
33.4145477  
-8.264834653  
51.73910794  
2.646174014  
86.61149398  
43.10285625  
32.75868493  
-80.08528617  
34.94262898  
9.506764715  
-98.74545548  
-70.04600881  
-21.93134165  
-10.34674219  
26.50053226  
62.77168352  
-25.99397744  
70.05463128  
6.532197096  
-28.33636895  
18.73967952  
-21.21575661  
-37.11289083  
-40.98003268  
-112.9272757  
-29.9093936  
34.63778748  
80.2044178  
-54.59229489  
-19.33342869  
-39.68307916  
2.145511748  
