15.1396002  
128.1980743  
-0.2388667039  
-37.92852889  
58.89037532  
129.6569449  
-43.15345973  
45.84537234  
67.6777421  
15.81712661  
59.82162747  
38.87682022  
-54.8707648  
-3.245990872  
-72.80790041  
55.52712159  
36.51404526  
56.92902674  
40.74295646  
48.01828916  
45.77907955  
4.520733487  
57.81413959  
-11.01048907  
-35.06460068  
2.273123549  
37.51806529  
51.18680246  
98.89905466  
-0.4596427963  
30.68819152  
34.45813349  
34.9355189  
1.033215489  
-10.38945045  
87.71104685  
-17.19316359  
66.76612591  
31.57189634  
-52.39748605  
-36.38100842  
22.64566499  
17.33417237  
-21.55937657  
