-41.73694424  
-13.56679896  
-1.003345234  
-18.59568112  
34.3048939  
0.4039850462  
-29.21078805  
11.30302297  
-40.83715861  
21.36468028  
22.97628444  
-16.60004426  
-16.06494719  
-14.50764605  
37.789062  
-39.45890431  
-6.230281827  
-23.47352244  
7.320772688  
-31.6343797  
54.24562866  
-53.81447819  
51.32448067  
-40.2982712  
-51.17677314  
73.58699844  
32.94731524  
-3.222696771  
16.15072198  
12.75157696  
-13.69141754  
-16.13954458  
-6.677339349  
-3.954811987  
6.877246298  
14.7328249  
-54.79489615  
-8.663262061  
-45.46239217  
6.025413808  
-11.33744021  
49.90892245  
-41.43464226  
0.9653648564  
