6.766522686  
-11.40521787  
-2.071897109  
4.823367071  
0.9039329688  
60.84658101  
8.310610183  
1.03996466  
0.777004377  
2.322799691  
1.918411016  
-0.279653722  
1.054457899  
5.951280944  
-3.84957393  
-9.558889421  
-5.211698898  
3.32645154  
-0.4117887656  
-4.289114149  
2.597113919  
4.729177141  
6.926414363  
3.289208937  
5.109632126  
-1.222031148  
-11.85337825  
-2.98503596  
4.760972706  
-9.662465445  
3.364311266  
4.972193686  
-1.330684622  
-1.607366806  
-7.400364717  
3.563261954  
-5.496735768  
6.113893286  
-6.415600554  
-0.1009876092  
-6.582536499  
-6.830101124  
