-430.7990417  
-51.82167053  
148.4469452  
135.4014282  
-105.3224564  
-157.1049805  
-118.731369  
-140.4397736  
-70.54199982  
-9.506866455  
165.5816803  
-40.72994614  
-256.6025391  
68.04933929  
181.005127  
236.2258301  
-127.477478  
365.2962952  
231.5170135  
-14.16001129  
286.8540649  
192.645874  
193.6468506  
-79.45194244  
-89.66252136  
170.5322266  
38.51350784  
93.79549408  
-219.2798767  
326.3591919  
266.6322937  
76.18981934  
9.897409439  
-43.16580963  
-184.5235596  
-146.447464  
-194.3692932  
125.009613  
27.40965271  
-148.6555786  
103.0350037  
-16.92599487  
