-110.4432297  
21.84955406  
-34.89659882  
-15.31100178  
-21.54214668  
-223.9340668  
-30.92186356  
-11.08568192  
16.56945992  
-20.84936714  
-3.75728631  
-0.3394567668  
19.88758659  
-21.59705925  
0  
-6.71282959  
-16.39369583  
7.963486671  
-45.1720047  
7.68878603  
57.01062393  
-22.30220413  
15.33176327  
53.11954498  
9.137989044  
33.49808502  
55.71543884  
-53.59139633  
-30.00988579  
46.26324081  
-8.065657616  
-34.82160568  
0  
37.53308487  
-15.2505331  
85.45761871  
32.53191757  
12.09932232  
11.75779724  
21.82184219  
16.74329376  
-71.34568024  
