14.14649926  
-7.734428687  
-0.8808800868  
0.9961534249  
1.397769561  
50.92211513  
7.098778272  
-0.9815159883  
0.4056737194  
5.409658435  
0.3853389942  
-1.413832576  
2.755748189  
5.956958042  
-3.889048283  
-11.70545752  
-3.278965249  
3.597754894  
4.016227762  
-4.477614326  
0.5827788267  
4.85407896  
-2.566269344  
4.615506728  
4.250429294  
3.010542992  
-11.83158032  
4.79487188  
2.462707298  
-3.894727646  
2.498592566  
5.977118419  
4.134928526  
-1.358749585  
-11.89721635  
6.951469369  
-5.249351761  
3.672207741  
-0.2385456898  
-1.450353983  
-2.321921456  
-7.255430503  
