159.7837372  
-32.48403263  
19.5388751  
-18.04439831  
67.79397011  
438.5665283  
12.49575233  
29.18979549  
-34.02554607  
-8.721425116  
-7.318201065  
-27.8503685  
-30.22359562  
-34.9569602  
0.9844913483  
-46.30653572  
12.1088686  
-22.75696945  
31.37381554  
-161.1597977  
-13.97064209  
23.32330561  
-19.71984863  
44.79841709  
-24.59560871  
-34.37089157  
-59.75919342  
-92.98256683  
43.38076305  
-66.32789612  
2.59288311  
23.10394287  
-56.33482742  
-46.74520683  
-9.143772125  
-131.4206467  
-29.33802986  
20.32573128  
18.88128281  
-23.089849  
-68.35475492  
20.52179241  
