203.6884308  
-123.3967342  
-12.12716007  
76.3225441  
14.29746604  
82.21977282  
40.56287861  
-177.840807  
-16.99300146  
-35.1417563  
-68.9568305  
1.117664576  
-57.89496469  
-0.9639167786  
68.21547461  
-101.9533825  
-40.59885025  
-10.27455902  
20.08178425  
-39.117571  
1.421947956  
32.22360945  
157.5104542  
-51.56842041  
-51.56239986  
-12.70951939  
-45.5224905  
-16.70333576  
283.5655365  
-48.38419819  
76.9776535  
43.87210512  
65.86673737  
43.5372715  
60.39834261  
50.00182915  
37.32903671  
-185.5885963  
-47.92098951  
-14.86229324  
197.4455719  
-30.3944869  
