80.67623138  
-21.9242363  
-10.76167297  
-33.35015106  
-70.56024933  
68.56012726  
-6.633186817  
-23.45485115  
-26.6819706  
-22.41248322  
-27.3894577  
49.45705032  
16.3214817  
2.532305956  
31.21312523  
26.43541145  
-23.05167007  
-10.78040504  
2.583568335  
-31.63372231  
-34.52597046  
-19.15928268  
-1.193091512  
3.511211634  
6.754308224  
27.52234077  
49.0174408  
45.21881104  
40.13966751  
-28.72714043  
-17.75000954  
26.8591156  
-11.55260849  
18.63258553  
49.31271362  
-42.62697983  
-20.33321953  
-19.62253189  
-3.482384205  
28.98921013  
10.01993561  
7.503577232  
