153.9674726  
-26.29189318  
-103.5710979  
-53.04091547  
5.677450345  
121.7882261  
-34.38622169  
-26.04454201  
-35.39985175  
-111.8532324  
-93.48276125  
13.37026022  
-59.97199893  
3.495376855  
46.82859643  
-15.32528433  
-56.3146553  
-15.37640766  
16.68472983  
-17.95767668  
74.18510568  
7.51003121  
61.08494902  
18.09034661  
75.94217767  
-14.90681116  
51.60132229  
77.33491966  
175.8989208  
-41.00989651  
10.727675  
-3.743421883  
20.28853157  
151.2727114  
167.5944127  
-107.1934197  
65.37106307  
-14.97068975  
88.03236762  
12.10783259  
130.0860169  
35.75454405  
