159.0982208  
-2.344064713  
-137.4176369  
-51.88058949  
-75.11422348  
5.343353271  
2.49114418  
-23.39733505  
-48.84130478  
-186.2490311  
-169.1610565  
25.58034134  
-0.2117424011  
-114.9718132  
69.98243713  
-60.38146973  
-101.7937889  
-8.966646194  
58.87707663  
1.360853195  
96.1090641  
41.83728981  
66.56359482  
-17.70478201  
128.1473351  
-94.81023407  
41.04986572  
209.0022202  
159.5220871  
-53.63719559  
31.5933466  
6.282400131  
-102.973938  
335.8492126  
297.7202682  
-116.786253  
81.69960785  
-44.64845657  
153.2499084  
153.4728622  
221.2431107  
47.27535629  
