27.06202316  
-37.87823486  
-17.08039284  
-84.41923523  
47.94390488  
53.28830338  
134.4978638  
-116.6949615  
-57.66558075  
-113.5730896  
-20.47626686  
27.08691788  
-55.76691818  
4.309263229  
60.90549469  
-17.61952209  
-33.1789093  
59.75228119  
31.61362839  
-4.080360413  
15.76228714  
0.6698722839  
123.4546967  
-14.90884686  
3.505989075  
-116.627594  
86.6758728  
-144.222168  
173.7431335  
-57.34222412  
50.59642029  
129.0298462  
97.33939362  
-92.02616882  
72.25836182  
55.11965942  
108.2635956  
-91.02744293  
118.0958099  
-80.95554352  
115.436142  
13.02209854  
