-29.27317047  
6.693519592  
-13.80625343  
8.070976257  
7.076762676  
-16.71432304  
3.859342098  
1.250513196  
-4.821588516  
4.172543526  
-3.852139473  
-9.632347107  
2.55719471  
4.350963593  
4.151805878  
-3.665188789  
0.07723474503  
-7.785141945  
7.94121933  
7.173379421  
-9.236330032  
-2.628651619  
-12.19271374  
-12.89024544  
1.666129112  
-10.01995277  
-11.57527351  
-13.96203518  
-9.974887848  
4.484500885  
-13.79491234  
3.291302204  
-0.5843644142  
-8.070837975  
-52.69826126  
22.00886536  
-26.77445984  
11.90428734  
-5.160225391  
-11.90167522  
-0.8957381248  
-1.468662739  
