159.0670929  
-6.414142609  
-78.31697845  
-26.30249977  
-66.74848175  
61.59022141  
-3.550712585  
-7.765731812  
-59.86449432  
-136.8291168  
-197.8545837  
-33.06847382  
50.48897552  
-130.8182831  
43.7953186  
-46.15280151  
-92.65428925  
56.81644058  
-15.6439333  
-54.04985428  
147.0052643  
17.64770889  
32.32836151  
-15.89013195  
92.95439911  
-75.73789215  
37.09416199  
255.3069305  
167.30896  
-16.8886795  
44.54724121  
18.24171448  
-130.4701538  
238.5101013  
220.4889984  
-15.33059311  
59.10990143  
-30.37849426  
138.5979156  
170.8711243  
170.5858002  
45.3002243  
