164.3117451  
-34.53229632  
-89.7000573  
-45.38030433  
0.3305759901  
127.2264471  
-24.77564983  
-31.75908218  
-40.67468357  
-114.9089069  
-89.88664492  
15.96788906  
-53.98992812  
3.296306459  
45.2849893  
-18.77234002  
-54.44076393  
-14.05453865  
32.99321387  
-25.39175312  
77.78858655  
-3.456100623  
57.0212104  
13.45260514  
71.19020883  
-8.625625306  
51.85095092  
100.6250634  
161.0125651  
-30.53292288  
4.28049665  
-2.836560354  
25.97932984  
154.9675454  
138.9444591  
-97.45657719  
60.90839551  
-30.89529303  
84.99783397  
16.95652834  
120.4697364  
25.32103229  
