145.3073817  
-30.44833198  
-100.6901393  
-71.21045691  
3.076850858  
112.5649236  
-10.76274702  
-24.68269684  
-41.16925067  
-112.1290642  
-100.5684635  
26.22294984  
-48.8740341  
-0.438567567  
34.65744521  
-21.47241143  
-61.4271453  
-20.16941477  
60.77925954  
-31.47390184  
84.58664056  
3.437174712  
38.29736478  
21.81272987  
68.76493709  
-5.081649863  
45.57653952  
101.2510543  
184.8705144  
-23.89541831  
-1.815847754  
-5.638611414  
21.19632598  
177.0420317  
179.0449349  
-109.7813223  
53.41471259  
-25.25499105  
63.40925782  
9.734277741  
128.9734488  
35.12543115  
