-37.30163264  
1.208640991  
-36.49973974  
44.15509492  
-82.90822355  
41.75321311  
51.13985091  
-12.53617114  
13.0204424  
2.566583618  
-63.31599816  
79.17688647  
-53.08097828  
29.50536783  
14.46700218  
-6.662195806  
-21.89901546  
30.96399932  
7.558648044  
-8.669656954  
-24.97301059  
65.11590467  
104.9396453  
-10.27956003  
-5.348951724  
-107.3271467  
-28.07834286  
-30.54155181  
8.69278704  
-8.301390367  
15.94968704  
54.53644756  
18.21661819  
23.65799684  
113.5271162  
73.37602837  
66.62758082  
-61.54208334  
158.2476882  
-24.94182259  
82.02982075  
31.4971155  
