5.823712543  
-5.466024756  
8.730155675  
-1.302102174  
-8.857687643  
4.300506542  
7.127313846  
10.73697064  
5.504283478  
12.27686027  
3.650772151  
-3.902107916  
6.309105164  
-7.202343069  
0.8195462015  
5.173735355  
4.843455189  
-1.783463535  
6.792670513  
3.081193397  
6.974262413  
0.7178214224  
1.625964962  
-11.89393138  
-3.977488944  
-3.008371623  
-1.866063237  
-19.7165696  
-1.866492397  
-11.03978973  
-7.192160406  
-1.950279198  
-4.171256821  
-9.899252716  
-22.10677965  
-9.75231576  
3.083714485  
21.22485427  
-3.927541557  
2.961818275  
-5.805737828  
-6.447426194  
