149.5093297  
-25.5545869  
-117.9858912  
-55.43785544  
-7.015769117  
78.65467899  
-18.81546416  
-21.72666998  
-41.73670167  
-110.9345702  
-96.79172607  
22.29605647  
-52.32213273  
2.260230011  
41.40706803  
-16.20255775  
-55.44034339  
-22.9524133  
34.09134426  
-19.33594953  
84.60648876  
11.27726766  
41.80516763  
15.21483788  
73.19852342  
-4.413519655  
51.6209262  
92.09996159  
168.4051418  
-33.84891027  
2.285025868  
2.017378188  
23.0537283  
171.0264027  
183.9868388  
-107.3030837  
70.23553016  
-17.4269082  
75.1431849  
15.94918735  
129.928776  
41.42681496  
