-18.93963833  
-4.201375293  
-2.354239348  
6.353261608  
-8.850146766  
-41.06057518  
7.360375072  
4.06828605  
3.392487907  
2.663737745  
7.984992851  
9.747180191  
5.485640674  
-5.094135761  
6.11821175  
0.7847830491  
-6.207854668  
-4.147134909  
3.014360533  
8.960417404  
-0.1492953915  
0.7819145557  
-20.39661376  
-3.640605038  
0.4797480829  
-2.770468105  
11.92301055  
-22.09149583  
-0.0728746761  
-5.630467223  
14.84299926  
-7.29885865  
-3.986339732  
-9.091116237  
-40.5408007  
8.243182529  
-25.77871028  
14.85250632  
-1.556120434  
-5.046060248  
-24.22329747  
4.674758897  
