2.907228761  
-4.11492464  
4.792824061  
-4.269880676  
-10.09052222  
2.617455229  
7.002859362  
6.401577298  
7.354544886  
8.210469872  
2.764807066  
-4.65788455  
4.415043541  
-5.134485326  
-0.07288100683  
-1.604193913  
10.10141366  
-0.7602008504  
1.90131248  
1.611556401  
3.704149249  
0.9527471441  
0.8492012024  
-14.33276174  
-4.454684823  
-3.198596041  
-1.091807232  
-21.73005988  
1.455110864  
-8.454709616  
-1.941149439  
-4.223458524  
-4.08823273  
-10.03031504  
-32.62671406  
-8.480048199  
-2.126371274  
20.07561727  
-3.79776792  
0.7108175134  
-1.281952317  
-7.520397495  
