-7.300378799  
2.567439079  
4.107984543  
3.642101288  
3.658785582  
-55.3339653  
9.302812576  
5.680935383  
-12.69193363  
14.43167305  
-15.6885376  
-3.535770178  
-3.347279072  
12.18388367  
17.00046158  
1.881020784  
23.12934685  
5.028996468  
-7.66161108  
5.283046246  
13.53533077  
4.712134361  
20.30189896  
1.091242313  
-32.68476486  
20.52511787  
38.33098221  
-3.795500755  
-3.543126822  
0.9086761475  
4.0807724  
2.685900211  
2.44597578  
-7.930673599  
-9.869707108  
1.104077458  
11.99449825  
9.907938957  
-5.258253574  
-11.17897129  
1.28099966  
1.770178795  
