150.9826657  
-32.9367954  
-113.5719524  
-72.15269431  
5.143834891  
123.2977547  
-22.6750805  
-14.43755202  
-39.65390768  
-115.6443941  
-99.88588437  
26.0510746  
-50.63150304  
4.497021551  
39.42141903  
-11.28456005  
-64.20874717  
-14.17847244  
39.40474277  
-22.70709252  
82.94633842  
4.50786839  
41.09930738  
19.02033991  
67.08224266  
-4.539721784  
50.58071054  
91.81681798  
189.3225058  
-28.5475748  
3.149212532  
-11.17084925  
22.25370824  
169.7994434  
184.0084312  
-112.7931018  
58.8095585  
-11.08653295  
70.39862365  
4.82684533  
133.1929681  
40.91283048  
