141.7572854  
-22.03148133  
-127.5414443  
-67.79163438  
-2.821817414  
76.37185432  
-14.29096991  
-16.11038821  
-40.69135122  
-117.5740436  
-103.4368592  
31.92487349  
-51.53272867  
-2.167786794  
33.75567407  
-20.76600577  
-69.44097677  
-29.46303927  
52.46139452  
-23.60841037  
91.21872456  
17.14752397  
33.17132475  
22.34169881  
76.44318461  
-6.932894278  
43.13455343  
91.18276658  
184.2301835  
-27.79299222  
7.061226785  
0.1148489467  
20.72338358  
186.7645208  
209.4529265  
-115.1696125  
67.26276  
-14.37261144  
62.87508953  
13.74943066  
136.4864064  
47.45707325  
