-81.08069844  
-36.40245249  
13.84337082  
26.08083788  
-66.36596787  
-268.5495828  
-39.83104573  
-29.95206107  
13.45342999  
-7.785922874  
16.13977882  
13.16409484  
-29.87689698  
9.86069473  
3.455955153  
-38.645349  
26.71398771  
-15.32440153  
-11.65869468  
27.74863757  
-3.938732697  
8.422992347  
23.83240264  
-41.34532871  
-4.559884514  
-8.396973562  
22.06235093  
-53.97600249  
40.72711368  
14.20469783  
62.83523006  
7.978058794  
-15.4765801  
14.69999771  
-19.23976796  
42.0230723  
-11.29499108  
-32.22707421  
14.4194812  
-9.9034384  
54.99611283  
-16.78062338  
