-26.43405323  
33.26961015  
-9.639261417  
3.929551288  
10.33343015  
109.8448643  
8.202137582  
46.67219994  
-32.42963892  
-9.806767638  
37.08148189  
-77.39900153  
-10.23508391  
-4.379780378  
-11.82223835  
2.405384952  
-69.83515504  
-3.793091442  
35.06564977  
-5.549205726  
-34.41789661  
-45.91151465  
51.84112329  
4.739285989  
-2.558959957  
-32.75363111  
-1.931923171  
2.322986056  
15.34853115  
29.26982186  
-6.282372941  
-6.888375788  
1.279834386  
-37.52344618  
-29.57188227  
14.40867722  
8.387623827  
95.75510405  
41.22143865  
-9.984020512  
7.03971948  
16.58653381  
-39.66292936  
9.69278611  
