-23.48817665  
3.654937377  
-21.23966123  
-7.948848662  
11.2231166  
173.5763813  
2.994954649  
1.938217516  
-12.29727046  
18.28877831  
59.92936211  
19.68862941  
-25.22268029  
-26.65701209  
55.02714741  
21.22666713  
30.3611559  
50.58970731  
31.82482064  
1.425080177  
-13.9661258  
-28.71049761  
125.1662843  
52.30379351  
22.44746893  
13.18973399  
2.745923352  
-33.55248478  
48.09952763  
-15.90948261  
16.85403783  
28.65533568  
27.8988436  
-26.81931482  
16.48175706  
30.77188145  
-43.84454467  
34.13975505  
-32.5494423  
75.2105921  
17.30771162  
4.65267508  
-57.58079627  
-34.08221861  
