-53.70496163  
37.03247594  
50.641883  
-47.69440892  
20.83674921  
38.72210324  
12.91013609  
27.99018511  
-43.05017929  
-25.38767599  
67.96230272  
-117.6541757  
33.0934273  
8.677193468  
-19.98657894  
-4.77007001  
-53.25007079  
-24.8066039  
52.59238261  
14.3376477  
-15.87950322  
-32.55427241  
-6.385000039  
-22.78710621  
-0.467323916  
-53.47774788  
-0.7937817209  
-52.74746715  
15.50069279  
9.447600943  
-3.951710078  
61.87250057  
5.149297508  
-15.70097771  
0.6542327033  
-20.22762449  
25.49743684  
122.6339493  
-27.54501519  
1.559380512  
36.16476396  
6.157492229  
-26.22560475  
44.43813749  
