-3.168979731  
-3.696649461  
-4.132298886  
-2.135698579  
-1.199603392  
-9.008339109  
2.557625094  
1.463590208  
-5.663432217  
3.339914788  
-0.8634451744  
0.7059974556  
2.938746082  
2.285281708  
2.293495533  
-8.506695398  
-5.955790448  
-2.213698215  
-1.453206071  
-2.455830832  
7.726910489  
-0.1943430417  
3.756657009  
-3.1947969  
1.033743895  
-3.295623563  
-2.368569059  
0.2463230523  
3.560407491  
-5.042460716  
3.595731292  
-2.903009721  
0.2433837151  
-3.184826614  
1.37639711  
-2.268590005  
-1.290171568  
3.169679405  
8.091138077  
0.9721712834  
1.024222846  
-1.829654255  
-1.435276757  
-4.924852856  
