-3.153920118  
7.254823746  
4.972901606  
1.855280981  
2.39971048  
9.897327679  
3.19782562  
2.44246007  
-4.197577956  
1.3537502  
-2.9364714  
-5.975188023  
5.72031886  
3.900691007  
-0.1825146985  
-2.024556658  
0.8405503508  
2.881200953  
4.619227422  
-0.273252834  
2.047289838  
-0.4032309093  
0.6649274815  
-2.287402542  
7.269927018  
-0.5654807383  
2.370937802  
5.636729922  
5.959956694  
-3.679111234  
3.074587931  
-7.29031448  
1.408328804  
1.178718624  
1.921752672  
3.930988491  
-4.146540908  
-1.865270072  
13.63677266  
-5.349805325  
-0.7529440595  
2.545242478  
2.477739017  
0.5677160683  
