75.72924117  
89.76880239  
61.4072892  
-10.5248814  
65.72941588  
63.69316427  
100.3492647  
106.3363593  
22.72610773  
85.90877711  
32.45480469  
33.82302825  
112.9071724  
58.93564376  
62.02483396  
109.9561903  
84.20552754  
67.48842983  
64.94759095  
137.8185556  
44.04160905  
-6.208031214  
88.08644037  
60.36930027  
-53.82008321  
21.45734242  
81.34962329  
55.12012827  
47.43139277  
115.9558018  
28.15631767  
107.0551352  
83.32593441  
87.33441272  
31.99241573  
40.07046136  
88.24301141  
91.291618  
41.55899022  
87.75650343  
30.4945034  
37.66256421  
4.89167399  
83.14522872  
