-41.35065004  
98.4316736  
77.57102675  
58.36484886  
64.55095251  
183.0215674  
144.1250301  
53.24158742  
-10.16368553  
43.64558553  
83.90381315  
-104.1554102  
25.88471883  
21.21165885  
-9.55169375  
22.25044818  
56.07018255  
-18.65921657  
154.6704473  
3.332449581  
108.0495522  
10.65033174  
28.41179961  
24.58721231  
30.87527492  
71.67187882  
48.8043223  
70.78710017  
128.2246424  
7.463409211  
45.4062054  
-27.00788839  
0.1206829485  
131.9887735  
112.5733358  
62.688009  
-34.96632981  
1.721742485  
106.7080975  
22.82644785  
-11.94490634  
7.288732018  
-43.59144392  
9.080074352  
