-5.770682625  
1.338147371  
-0.4521622716  
0.6434109907  
-1.187567241  
23.55633969  
-1.591004616  
0.7494468433  
-1.949171285  
-3.248485652  
3.569641504  
-1.844457528  
0.1566565473  
0.8602587478  
3.56114023  
0.3992069225  
4.086029251  
-1.508742745  
2.704443663  
1.745793679  
3.112401086  
-2.69866335  
0.3529481611  
2.672659833  
4.306059185  
1.828092649  
0.5254316194  
-0.06421920376  
-3.134895148  
-0.3732282401  
-2.975682293  
1.199169748  
-2.00895599  
0.1556549012  
1.054074419  
-0.7701944955  
0.1619859335  
0.238414362  
1.291119283  
4.017706633  
-1.130557605  
2.244269608  
-2.828477057  
-4.090589169  
