11.88752255  
1.534881179  
-1.189307345  
1.410939395  
2.831339518  
13.10014149  
0.3271938083  
0.7418648561  
1.139017348  
0.3653422766  
-4.316677397  
-2.01676855  
1.037044786  
2.859212009  
-0.7387631563  
4.610549935  
2.521294563  
1.48637693  
4.679968228  
1.751029759  
0.3474418669  
-3.579854916  
0.3507602469  
0.7101149549  
2.123562872  
1.651857505  
4.425008438  
2.206890023  
2.632604246  
2.816547867  
3.916347906  
-1.868666183  
5.389128826  
3.415550853  
2.018110571  
3.386477087  
-1.735407121  
-0.7427583769  
5.774219627  
-0.5464340182  
2.212291974  
-0.2127811915  
4.86297708  
5.619749411  
