7.310489965  
5.681315171  
1.214446994  
0.9550574185  
-0.5544260733  
2.723493009  
-1.136805086  
0.3055596509  
-2.021313707  
-0.7413870726  
0.9038410022  
-9.067507157  
-0.880271475  
2.761432393  
-2.419965793  
-2.100436619  
-4.156027746  
-0.3113041363  
0.6300358929  
3.977574362  
-3.471532296  
-2.452623916  
-2.927147497  
-3.02389485  
3.083651431  
-1.243418522  
-4.223947694  
4.358494488  
2.569654809  
-1.506402553  
0.2888032793  
-2.358836405  
-0.1578735381  
-2.976235847  
-1.273418649  
-0.6802042489  
-1.954285301  
3.34944467  
-2.567853973  
-0.231754197  
3.886415132  
-2.376661727  
3.459545686  
-0.1696526377  
