-9.233185088  
0.9109272735  
1.204198853  
-0.1962340583  
-3.462501569  
12.294556  
0.9359430001  
0.02389155921  
-0.4219848675  
-2.306404843  
7.946681595  
-2.379223056  
1.292571906  
1.572216655  
1.491864925  
0.4618757897  
2.346308824  
1.397029925  
1.484579047  
-0.5004548058  
3.720362696  
-7.357451427  
1.884409934  
3.142431593  
-1.863858892  
1.704426921  
2.440264438  
-0.6685926386  
-6.551426245  
1.38770778  
0.516159924  
-2.19101604  
0.00407293669  
0.2682767791  
0.4750513301  
-0.05836550173  
2.34558296  
0.3743258242  
2.253065157  
7.85041102  
-0.216845806  
2.438445965  
0.2736678505  
-0.9019715159  
