1.593192503  
1.277244001  
-2.412911366  
-3.575792552  
1.241966517  
0.6632035695  
2.979305677  
1.620174861  
-1.574825246  
3.289911011  
-1.760746327  
-2.386868662  
7.015771327  
0.7058992981  
2.382514801  
-5.975644137  
0.1954408853  
0.1282959519  
1.132729887  
1.414235521  
7.784951273  
-1.325215184  
3.986533162  
-2.058260812  
-2.346773519  
-2.941012191  
5.505642881  
6.142340521  
3.687333437  
0.1378270224  
-0.7566130359  
-2.389200505  
-0.8700333898  
-1.750130072  
0.8748470542  
-1.17333239  
1.927432568  
3.741733252  
7.77842885  
0.9353561506  
-6.017697287  
-0.4414298325  
-4.790008129  
-3.559126043  
