-5.478188955  
-0.586629781  
0.7452159782  
0.5654965571  
-2.292594254  
7.379414899  
-0.280509401  
1.031508284  
-0.0299616447  
0.02856728894  
-3.901350988  
-4.173466479  
-0.7281882936  
-0.3034505983  
-3.038505558  
-1.257468494  
-6.669241554  
2.372342394  
0.8469858329  
0.633981616  
0.3941969586  
-4.019203144  
-1.284373122  
-0.9913123364  
1.127451106  
2.125018316  
5.006100087  
-0.4298997823  
4.882549611  
1.442127244  
-2.322917044  
0.859876516  
2.911627788  
-3.332297367  
-0.1097098906  
0.2728998464  
2.807757207  
0.8036780067  
-3.964358399  
-1.289115372  
1.698597259  
1.536012745  
1.043025313  
-0.04426986342  
