-70.13239876  
21.20531454  
5.696180118  
-5.575759141  
-5.263620702  
100.3576885  
8.270761166  
-4.036412687  
-41.33473665  
-19.57338432  
61.04580964  
-19.18496402  
-35.15082274  
-45.1263725  
-5.900492251  
-8.19544288  
7.651453747  
3.104669234  
-5.689778044  
-6.978480278  
3.223607162  
-44.4184067  
87.81204581  
32.48049718  
-45.51229631  
10.32129395  
9.495244798  
8.094076285  
-51.69973848  
-3.764124355  
15.60280837  
40.1970566  
31.3678412  
12.54449121  
-21.98796826  
54.32581081  
-36.45728296  
26.10426472  
-21.63070195  
50.44824971  
-4.148686091  
-8.3423889  
-25.16845806  
8.477575578  
