4.762172236  
4.973893461  
1.719387518  
-1.440093973  
2.441569914  
9.671542676  
0.4216805752  
0.1565846618  
4.088606969  
-0.05000377941  
-0.8973011588  
-3.092866117  
4.077025245  
-1.579382408  
0.0890192665  
2.531051263  
6.151231335  
2.341994164  
2.585935958  
3.870066347  
0.05804077788  
-1.130872141  
0.2298761492  
1.13653609  
-3.380517414  
0.3546113728  
7.874211938  
5.896017476  
0.126925947  
5.180287743  
-4.352344327  
0.5138092119  
-1.113417111  
1.434696549  
-0.5015500565  
1.095257616  
3.217604144  
0.5720538459  
-0.3127092271  
-0.03681513117  
-7.041920138  
1.388224421  
-3.354731364  
1.365726815  
