46.64422246  
-17.55037717  
-26.93584105  
-2.373089644  
16.48673699  
73.21869248  
-5.275806413  
5.974629783  
29.03746702  
37.86216317  
-1.116447214  
38.87359344  
9.928142326  
18.46936048  
60.92763926  
29.42210987  
22.70970209  
47.48503834  
37.51459847  
8.403560287  
-17.18973303  
15.70790941  
37.35423868  
19.82329693  
67.95976563  
2.868439872  
-6.749321227  
-41.64656115  
99.79926612  
-12.14535828  
1.251229583  
-11.54172092  
317.6342373  
-3.468997757  
-39.36380592  
38.46972498  
-23.5539292  
-7.387261544  
8.035489868  
-10.91874051  
24.76234277  
-369.3374814  
21.45639752  
12.99506416  
