-133.5406146  
19.69947663  
67.36308739  
-56.77704831  
-20.93811263  
103.340176  
82.12022804  
-12.41862124  
-38.09387858  
-91.13991145  
89.98006492  
-115.5274449  
-44.85795766  
-44.25099578  
-32.91218445  
-28.52763598  
-1.531558263  
-57.86962526  
98.06459908  
29.68833074  
87.2813013  
20.2206046  
-64.02281995  
-22.67060729  
10.63779611  
25.05930855  
-22.91839187  
57.6879782  
18.98752667  
-63.06519327  
23.06666941  
-60.89334271  
-62.07098196  
35.57962211  
24.14139008  
16.6243083  
-117.0984999  
-50.18831229  
-26.10131321  
-20.83205987  
-31.12919003  
-16.77526963  
-124.8097078  
-96.7080798  
