3.456875416  
0.4224505284  
-1.64683453  
0.8416690932  
2.27490682  
11.26954542  
-2.526965921  
0.7234815113  
-1.522346056  
-0.9468470573  
-4.377479389  
0.5255955897  
-1.142289585  
-0.712632097  
2.070588178  
-0.06413436837  
1.737296871  
-2.89850779  
1.220402394  
2.241935091  
-0.6070693034  
4.65932842  
-1.529871082  
-0.4752605547  
6.160789763  
0.1243369365  
-1.920812161  
0.6001834965  
3.41481114  
-1.759513178  
-3.489333418  
3.390454175  
19.21590542  
-2.014269878  
-0.1149051163  
0.5799893258  
-0.710453298  
-2.187487155  
-0.1381297464  
-0.9640365  
-3.841018073  
-7.769394309  
-0.9125373163  
-0.1996587485  
