92.18996502  
78.73219673  
10.20793951  
115.1418977  
85.48906611  
79.68139167  
62.00480173  
65.66020881  
27.9301932  
134.7854982  
-6.076252114  
11.37203556  
70.74267666  
65.46265388  
23.36049078  
50.77808438  
57.60174092  
39.21040854  
56.60584845  
-26.35588092  
20.76825182  
-9.570273236  
92.43462033  
47.25782007  
20.23747865  
46.61256965  
71.72271438  
13.09912173  
109.2371162  
70.52860245  
22.33953578  
33.88545421  
62.19166531  
96.409152  
88.43194558  
46.06370062  
82.13216898  
51.91005509  
132.8094112  
43.65850809  
19.18428398  
24.06400153  
81.21826454  
105.7881548  
