137.5976483  
-7.130879029  
-34.31640591  
38.97434203  
24.35123373  
29.05635166  
47.23073984  
60.41175094  
-12.14159231  
109.319812  
92.72307307  
112.3778865  
-1.207453648  
-33.09040461  
107.8972605  
90.6268939  
43.77571056  
19.10740964  
29.1329005  
77.56263236  
7.66534281  
-66.63358643  
95.03581964  
64.48131086  
34.32049898  
4.783232863  
43.35081541  
-71.2977818  
150.2740234  
-54.80472162  
65.93728699  
-94.61605352  
23.03931826  
49.7771578  
64.96494363  
13.38894746  
13.63094647  
149.9555778  
83.40388045  
93.08445299  
-32.30298072  
1.047618286  
23.32202744  
-4.511294593  
