-15.04144267  
5.719942563  
6.162208951  
0.4443415867  
-0.4316290411  
-3.202813822  
2.870631817  
1.700595215  
-5.3365953  
0.9884079211  
1.380206005  
-3.958419476  
4.68327407  
1.041478997  
0.5562484591  
-6.635106599  
-1.680744208  
1.39482402  
-0.06074080387  
-2.024282587  
1.699847971  
3.176624002  
0.3141672387  
-2.997517501  
5.146364144  
-2.217338242  
-2.05407064  
3.429839901  
3.327352455  
-6.495659105  
-0.841759976  
-5.421648299  
-3.980800019  
-2.236832237  
-0.09635789803  
0.5445114146  
-2.411133796  
-1.122511695  
7.862553029  
-4.803371309  
-2.965236029  
2.75802367  
-2.385238064  
-5.052033347  
