-27.27090801  
3.7628658  
60.28114468  
-51.62395998  
10.50331887  
-71.12276034  
4.707998408  
-18.68201469  
-10.62054034  
-15.58090825  
30.88082065  
-40.25517337  
43.3285114  
13.05697336  
-8.164340613  
-7.175455079  
16.58508429  
-21.01351242  
17.52673317  
19.88685312  
18.53839339  
13.35724259  
-58.22612346  
-27.52639221  
2.09163593  
-20.72411678  
1.138141552  
-55.07045326  
0.152162234  
-19.8222212  
2.330663133  
68.7608768  
3.869463029  
21.82246851  
30.22611493  
-34.63630195  
17.1098131  
26.87884659  
-68.76645422  
11.54340089  
29.12504466  
-10.42904156  
13.43732468  
34.74535152  
