61.86840904  
-96.8996817  
-95.72369525  
49.49922354  
-41.37818207  
-34.63681265  
-53.11852479  
-45.92460881  
-34.86769995  
23.41103518  
60.26826852  
78.55485779  
-114.1146258  
-92.0260476  
45.87242597  
-19.32929595  
-40.42981645  
-48.38102029  
-35.81469097  
-60.25592333  
-36.37626594  
-60.42555539  
6.949379381  
4.112010137  
88.14058157  
-16.67410985  
-37.99880836  
-126.4179094  
102.8426312  
-170.7605232  
37.78096966  
-201.6711888  
-60.28661597  
-37.55725527  
32.97252779  
-26.68151393  
-74.61206508  
58.66395992  
41.84488997  
5.327948835  
-62.79748462  
-36.61494627  
18.43035356  
-87.65652294  
