12.78867892  
6.267944953  
0.4692310168  
0.3895608632  
1.738168182  
-4.655921893  
-0.8562956853  
-0.7259486306  
-1.991352061  
-0.7699543589  
4.805191994  
-4.894040682  
-0.1520831807  
3.06488299  
0.6185397633  
-0.842968124  
2.513213809  
-2.683646527  
-0.2169499405  
3.343592745  
-3.865729255  
1.566579228  
-1.642774377  
-2.032582517  
1.956200324  
-3.36843684  
-9.230047784  
4.788394266  
-2.312894807  
-2.948529796  
2.611720321  
-3.218712917  
-3.069501328  
0.3560615171  
-1.163708758  
-0.9531040937  
-4.762042506  
2.545766672  
1.396504428  
1.05736118  
2.187817873  
-3.912674474  
2.416520374  
-0.1253827737  
