38.50343441  
113.8645291  
10.47361007  
46.25149544  
-6.428346437  
73.22207089  
22.8384877  
29.82458574  
9.811061292  
7.948084878  
-20.74448325  
-51.91118859  
-1.675751458  
-11.57071861  
-13.41437098  
30.84621532  
18.24370926  
20.9204669  
-44.66802801  
28.45761967  
-65.34436427  
-94.7754266  
4.325437464  
-6.526779039  
-39.71968765  
4.454023129  
63.18134965  
46.59073804  
19.46649934  
-3.627762235  
-41.79359309  
-1.914071372  
-84.38443452  
69.31668985  
48.24932729  
45.65525605  
43.16598119  
7.306992465  
6.33534492  
40.31468855  
2.812617195  
-82.62548893  
-10.43369557  
18.86793775  
13.60126941  
36.24184372  
