146.4904141  
61.76823235  
-28.9176871  
153.5666199  
20.850715  
60.55676659  
-65.33926606  
-35.96778488  
-78.66676315  
-33.82257589  
54.62543535  
-44.46295007  
12.19305078  
55.12024331  
13.72134344  
-13.80103143  
-19.08086093  
51.87113905  
29.66142531  
-151.8890174  
74.44839319  
9.052759051  
28.9209741  
-14.529658  
131.4279945  
-119.47413  
54.76013247  
-66.27071391  
101.1861865  
-62.86494048  
10.9789168  
-8.766210397  
-236.7077675  
-82.39711642  
-58.24256595  
11.31703965  
-38.12993638  
-358.6162961  
-6.600671212  
27.43118223  
-27.45516491  
3.084035556  
25.42986687  
48.28100967  
2.504282157  
77.79162089  
