-13.47547994  
-12.32599666  
-24.12132836  
36.10796339  
-86.3264682  
61.41193728  
54.78919359  
-2.049949847  
8.776397119  
-6.104228655  
-42.18221045  
68.38058347  
-52.6770186  
28.17920411  
-67.72385099  
19.66212864  
-7.707054188  
-19.4008167  
46.01701593  
26.51863588  
12.02904461  
22.91940554  
-13.30199796  
60.97508016  
85.31617695  
-13.72241327  
-10.60933822  
-93.43294298  
-19.62680153  
-70.31495299  
-7.437682327  
-13.37072354  
-117.6138726  
1.198449507  
50.17242683  
27.65960678  
5.28979539  
144.8151608  
97.17831856  
75.29301127  
-42.15159432  
-6.583294986  
134.917444  
-34.45546748  
70.4482377  
4.958895884  
