-6.220823765  
-3.761981726  
-3.491389275  
3.806649446  
5.385020256  
-0.3242761493  
-5.005365372  
23.00249863  
4.135617733  
9.927908897  
-7.959500313  
1.681117535  
-0.8988081217  
16.63001633  
9.397443771  
-20.00542831  
-3.821688175  
-5.980053902  
-3.449342489  
19.59111023  
7.329216957  
-0.1950965375  
-8.981164932  
8.646855354  
10.45732403  
-0.1084703133  
13.81291199  
-24.8205986  
-7.104075909  
12.77256966  
-12.16831684  
9.836685181  
38.80171967  
-10.17712402  
9.518576622  
-1.394507527  
19.67568016  
7.558347225  
12.47541428  
-17.91908455  
12.10406303  
-15.4119072  
-5.586670399  
-17.46522522  
14.74226475  
-8.780468941  
-1.398338318  
1.004359841  
3.783085346  
13.02030468  
-11.40133858  
7.943291664  
-11.40045452  
-3.905421734  
-2.066854239  
7.196033478  
10.20458984  
-4.02783823  
2.757913351  
10.76660156  
-9.43730545  
-19.48019218  
-6.353250504  
-1.190907359  
6.242444038  
2.25911355  
9.228416443  
-3.999168873  
-3.814160109  
1.79391253  
-4.184520245  
-17.07081223  
-2.533051968  
-2.927086115  
0.5424872637  
-48.95732498  
-3.040245771  
12.92394066  
-14.26094723  
9.970524788  
2.770083666  
-8.522418976  
5.476911068  
-0.9332712889  
10.85607815  
3.821712971  
0.9503958225  
6.120948315  
-9.746353149  
8.75656414  
9.391988754  
-10.16055965  
