55.68083191  
24.99032974  
32.43202209  
24.82921219  
20.44484711  
1.086650848  
-89.44451904  
25.56738663  
-3.283622026  
55.61723328  
-34.18972015  
-15.5903101  
-54.45950317  
68.79062653  
-25.99780655  
-37.56596756  
-3.270976543  
6.929786682  
-11.48100281  
-76.38456726  
58.64398193  
-4.070625305  
-33.46496201  
-31.70231056  
44.03866196  
-25.41396332  
51.45111465  
-26.28951454  
-85.75759888  
-104.0963364  
44.83234406  
-16.24782181  
-415.9096375  
-44.10565948  
12.2370224  
-84.25686646  
31.54598999  
-128.0798798  
44.92477036  
52.198349  
1.511892319  
108.6669006  
28.37952042  
-5.797809601  
-60.20293427  
-12.92650986  
