-39.97809775
-15.89482918
-0.432711951
-15.71320637
38.77023874
1.265302534
-26.55864834
14.10674626
-37.04066077
24.45877348
25.00740184
-20.46612571
-15.14211468
-11.88032216
34.58474485
-34.28801546
-9.269066036
-24.18661388
5.305131638
-27.58354311
48.9601926
-58.79195006
49.45746879
-43.50466846
-52.68832289
73.96789642
33.70434423
-2.56906979
16.51653833
12.80746363
-13.56885458
-17.27218384
-36.52316012
-6.06819582
-2.709839287
7.948918672
16.06320122
-52.42018407
-7.141346672
-42.64714886
13.81822288
86.44388713
-10.59996668
50.62531395
-42.49175529
4.015869423