104.4481551  
12.90129531  
-39.0014817  
21.99320288  
2.494506474  
136.8561166  
-43.74468421  
22.57061805  
137.5536429  
20.23494572  
-32.55963187  
24.76635042  
-29.55395721  
-19.06336663  
-68.80940982  
15.33062898  
11.71056053  
18.93548329  
22.74321751  
14.80971709  
34.0201029  
-18.51111881  
30.1115259  
41.22765502  
20.28911804  
-14.12548196  
35.63508265  
-10.87655007  
31.81446752  
-7.693539683  
41.97258978  
-2.052563077  
2.593343973  
-10.14156134  
1.587598729  
7.205671564  
-19.01699976  
82.17993807  
47.39930528  
25.46585359  
-13.36074223  
38.044908  
-39.16793707  
-17.74076835  
-42.16836045  
6.12681461  
