0.0826180512	0.0826144894	0.0826085531	0.0826002426	0.0825895581	0.08257649980000001	0.0825610682	0.000505586	0.0411666	-0.00509198	-0.00108484	0.000316656	-0.000122135	-0.008319691899999999	-0.0249023332	0.0718171345	-0.0060484933	0.0654789125	-0.06541519559999999	0.0
0.0826085531	0.08257649980000001	0.0825230869	0.0824483281	0.0823522428	0.0822348559	0.0820961977	-0.014338600000000003	0.0538374	-3.27075e-05	-0.00155726	0.0008972029999999998	0.000196723	-0.0058089127	0.0075917649	0.0446562301	0.0180798017	-0.0219383515	0.0195244517	0.1011655085
0.0825895581	0.0825005382	0.0823522428	0.0821447785	0.0818782943	0.0815529816	0.0811690742	-0.00374983	0.025727999999999997	0.00750024	-0.00163657	0.0007356129999999997	4.91637e-05	-0.0042807211	-0.0017523963	-0.0211367818	-0.0360577053	0.0395758199	-0.0134460481	0.06565408249999999
0.0825610682	0.0823866395	0.0820961977	0.0816901521	0.0811690742	0.0805336979	0.079784918	-0.0219577	0.0618433	0.0223297	-0.00172352	0.000546709	0.000313172	0.0026496335	0.0108388403	0.0146613695	-0.0141884775	1.2092e-05	-0.0358933044	0.096145745
0.0825230869	0.0822348559	0.0817552165	0.0810852849	0.08022662059999999	0.0791812221	0.0779515227	-0.024573400000000002	0.0575514	0.0159241	-0.00152291	0.00101657	0.000660905	-0.0098291442	-0.0173723053	-0.0243465082	0.0086342986	-0.0605802166	0.0971223161	0.0642234
0.08247561839999999	0.0820452574	0.0813296518	0.0803312895	0.0790536414	0.0775011496	0.07567921150000001	-0.018280900000000003	0.028511599999999998	0.00299092	-0.000785427	0.00111566	0.000425533	0.0018905637	0.0128126641	-0.0055112427	-0.0375128614	0.0633775569	-0.08049416599999999	0.10186273
0.0824186682	0.0818179311	0.0808199441	0.0794295525	0.0776535072	0.0755004314	0.0729807789	-0.00993884	0.033752199999999996	0.00474111	-0.0008294329999999998	0.000854108	6.17371e-05	-0.0003560022	-0.0098113717	-0.0011010536	0.0397652752	-0.0873156933	0.0587674803	0.04880054500000002
0.0823522428	0.0815529816	0.08022662059999999	0.0783817324	0.0760302412	0.07318734519999999	0.0698714189	-0.015203	0.0163205	6.00555e-05	-0.000368331	0.0008674419999999997	0.00021669400000000002	-0.016382473600000003	0.002597042	-0.0181618884	-0.0244068763	0.033070935600000004	-0.037739332	0.058846559499999986
0.08227635	0.0812505306	0.0795502952	0.0771897563	0.0741885076	0.0705714608	0.06636863900000001	-0.0040597	0.084469	0.018633900000000002	-0.00193796	0.0007960349999999997	-0.000391479	0.0167424306	-0.006861158199999999	0.0084596727	0.0123763217	-0.0226198378	-0.0252936932	0.2103260945
0.0821909983	0.0809107173	0.0787916676	0.0758558164	0.0721335987	0.06766360099999999	0.0624921622	-0.0260178	0.06959810000000001	0.012605400000000001	-0.00193804	0.0013287000000000002	0.000284521	-0.0031983295	-0.0107932612	-0.0151146027	0.014590045	-0.0328218327	0.06594709950000001	0.10329475
0.0820961977	0.0805336979	0.0779515227	0.0743823661	0.0698714189	0.0644757965	0.0582638153	-0.0165183	0.0585714	0.0100479	-0.00168713	0.00123629	7.88484e-05	-0.0100198961	-0.0027085491	-0.027675722000000003	-0.02275706	0.0106121896	-0.0304736304	0.05053333
0.081991959	0.0801196458	0.0770307297	0.07277211509999999	0.06740846860000001	0.0610212361	0.0537074066	-0.00523008	0.051486300000000006	0.00894461	-0.00156015	0.00144279	-0.00011070700000000001	0.0008530852	-0.0055654288	0.0105171421	-0.001264174	0.0079054243	-0.0896855895	0.04562838
0.0818782943	0.0796687514	0.0760302412	0.0710280251	0.06475182480000001	0.0573142124	0.048848591600000005	-0.014518799999999997	0.09138660000000001	0.03440019999999998	-0.00235204	0.00098898	0.00021669400000000002	-0.0071415302	-0.0032378923	0.007837060500000001	0.0463850276	-0.0663322642	0.1056561196	0.15329966
0.0817552165	0.0791812221	0.0749510924	0.0691533037	0.0619091212	0.0533700625	0.0437147285	-0.00676211	0.030078300000000002	0.00945864	-0.00119809	0.00104643	-6.255430000000002e-05	-0.0110719276	0.0098461283	-0.007212296	-0.0227113668	0.0471205288	-0.0217830161	0.168538965
0.08162273980000001	0.0786572819	0.0737943996	0.0671513987	0.0588885262	0.0492051046	0.0383347241	-0.00306395	0.0861194	0.054400300000000006	-0.00263007	0.00164942	-8.04229e-05	0.007318461899999998	-0.0047549079	0.007744879899999999	0.0139009865	-0.0384070039	0.0281005024	0.20732285
0.0814808795	0.0780971719	0.0725613598	0.0650259921	0.0556987191	0.0448365703	0.0327388711	-0.007266039999999999	0.0273305	0.011576800000000005	-0.00128803	0.0013838600000000006	-6.57601e-05	-0.0124463649	0.0029533879	-0.0263494714	-0.0279108978	0.0262699909	0.0077134965	0.18692763
0.0813296518	0.0775011496	0.0712532484	0.0627809927	0.0523488658	0.0402825336	0.0269586778	-0.0167066	0.125846	0.0633783	-0.00355881	0.00135207	0.000151686	0.0153003774	0.0048808905	0.007964224	0.00014075549999999998	0.002170855	-0.0163006546	0.2857583650000001
0.0811690742	0.076869489	0.0698714189	0.06042052940000001	0.048848591600000005	0.035561835800000004	0.0210266903	-0.0109553	0.045868599999999995	0.030123	-0.001784	0.00114691	6.5307e-05	0.000672405	-0.012756426	-0.0168485784	0.0014758363	-0.022597135	0.0469341351	0.22230145
0.08099916509999999	0.0762024808	0.0684173009	0.0579489435	0.0452079546	0.030694008	0.0149763093	-0.00293595	0.09697739999999999	0.034047100000000004	-0.00227724	0.00143269	-0.00011448799999999999	0.0100748874	-3.07566e-05	-0.0028300813	-0.0219067164	0.0447964408	-0.0672014241	0.11099300000000001
0.0808199441	0.0755004314	0.0668923989	0.0553707806	0.0414374156	0.0256991899	0.0088416023	-0.012990100000000001	0.029597000000000002	0.00974359	-0.000670531	0.000771443	-0.000153595	0.0019865736	0.005844190799999999	-0.0017013726	0.0302303172	-0.0635898295	0.0633693429	0.21709121
0.0806314317	0.0747636639	0.0652982905	0.0526907823	0.0375478092	0.0205980464	0.0026571115999999995	-0.0182616	0.08460160000000001	0.016754400000000003	-0.00214698	0.00156867	0.00035607099999999996	0.0050292648	-0.0048406888	-0.013534861499999998	-0.003561716	-0.0007277669999999999	0.0215362385	0.20645401
0.0804336496	0.07399251700000001	0.0636366248	0.0499138777	0.0335503118	0.0154116826	-0.0035423403000000007	-0.00821338	0.0846118	0.013423500000000001	-0.00211136	0.0014845000000000001	0.000171945	-0.0005637987	0.0123311513	0.0226456627	-0.0117008099	0.0464386483	-0.0369007594	0.028585120000000006
0.08022662059999999	0.07318734519999999	0.0619091212	0.0470451738	0.0294564099	0.010161556	-0.0097218466	-0.0090685	0.0731528	0.0318421	-0.00218479	0.00140915	3.88043e-05	0.0013094783	0.0019167536	0.0081862497	0.0249639633	-0.0465753312	0.01784361	0.044828754999999984
0.0800103684	0.07234851889999999	0.0601175669	0.044089946500000005	0.0252778672	0.004869388	-0.0158466129	-0.014576800000000001	0.0673141	0.0235507	-0.00213256	0.00186501	-1.87065e-05	-0.0161181363	0.002328305	-0.014216888	-0.0166494322	0.008220813399999999	0.0286345166	0.04791844
0.079784918	0.0714764238	0.0582638153	0.0410536312	0.0210266903	-0.0004429262	-0.0218821528	-0.0104073	0.07217749999999999	0.0299676	-0.00231151	0.00151604	0.000126138	0.0110468061	0.0171724976	0.0131199965	-0.0200606944	0.0630225512	-0.0991293145	0.04908802500000002
0.0795502952	0.0705714608	0.05634978440000001	0.0379418119	0.0167150947	-0.005753407800000001	-0.0277944824	-0.0014788	0.08188839999999999	0.048811900000000005	-0.00266071	0.00155786	-1.96925e-05	-0.006883031800000001	-0.0031789871999999995	-0.0027055821	0.0203895144	-0.0528274886	0.0895948467	0.06432622500000001
0.079306527	0.06963404620000001	0.0543774543	0.0347602118	0.0123554694	-0.0110400859	-0.0335503118	-0.0076915	0.041765	0.0211427	-0.0019067	0.00197052	-6.37245e-05	-0.0020779398000000003	0.01320915	-0.0143305503	-0.0283249544	0.05887150150000001	-0.0408851382	0.13454039999999998
0.0790536414	0.068664611	0.0523488658	0.0315146823	0.0079603416	-0.0162810877	-0.0391172318	0.00131662	0.08643199999999998	0.0448389	-0.00263732	0.00168466	-0.000353962	0.0076166888	0.0008211222	0.0076032955	0.015389806200000003	-0.023368279300000003	-0.0006373107	0.14270719499999998
0.0787916676	0.06766360099999999	0.0502661174	0.0282111925	0.0035423403000000007	-0.0214547298	-0.0444638974	-0.0110803	0.0859256	0.043002	-0.00260214	0.00173512	3.1546e-05	0.0027907386	-0.0046179297	-0.0061898998	0.0071346931000000014	-0.017843863	0.0579745484	0.038297619999999984
0.0785206355	0.06663147650000001	0.0481313641	0.024855818	-0.0008858397	-0.0265396073	-0.0495602034	-0.00166517	0.072393	0.019519599999999998	-0.00211338	0.00187421	-0.000140256	0.0015983135	0.0067121859	-0.0024641989	-0.0257255012	0.0669170953	-0.08688291640000001	0.08641273
0.0782405765	0.0655687121	0.0459468144	0.0214547298	-0.0053114742	-0.0315146823	-0.0543774543	-0.00545634	0.0736702	0.029335900000000005	-0.00220391	0.00191166	7.86375e-05	0.0096323565	0.0031008587	0.0023854206	0.0393847428	-0.0575515523	0.0512939535	0.032228344999999985
0.0779515227	0.0644757965	0.0437147285	0.018014183200000002	-0.0097218466	-0.0363593716	-0.0588885262	-0.0224096	0.0864733	0.025602099999999996	-0.00233461	0.00193823	0.000260358	-0.0156208522	-0.0024292821	-0.0219429301	-0.0248571736	0.035158164	-0.0126321811	0.050439685
0.0776535072	0.0633532322	0.0414374156	0.0145405056	-0.014104284	-0.0410536312	-0.0630680188	-0.00067631	0.07949149999999999	0.028029900000000003	-0.00216702	0.00217367	0.000260358	0.0112218465	0.0071677834999999985	0.012042339	-0.0052037118	0.022707978	-0.071064051	0.05129439
0.0773465645	0.0622015356	0.0391172318	0.0110400859	-0.0184461937	-0.0455780395	-0.0668923989	-0.011026000000000001	0.09557180000000001	0.046094800000000005	-0.00271345	0.0022395	0.000117575	-0.0035769028	-0.0132450899	0.0007301775	0.0144354355	-0.0460983067	0.0756202689	0.08224704000000001
0.0770307297	0.0610212361	0.0367565777	0.0075193617	-0.0227350996	-0.0499138777	-0.0703401329	-0.018169099999999997	0.0707581	0.019803900000000003	-0.00221028	0.0021809	9.95267e-05	0.0036644894	0.0105512918	-0.0122534457	-0.0141328956	0.0563962577	-0.0253885182	0.08723861500000002
0.0767060391	0.0598128765	0.0343578954	0.0039848083	-0.0269586778	-0.0540432071	-0.073391808	-0.0164178	0.075424	0.0360954	-0.00257975	0.00218177	0.000151132	-0.0040825082	-0.00945942	0.0006277224	0.0040058923	-0.018945538	-0.0431030517	0.04380596500000001
0.0763725302	0.0585770125	0.0319236667	0.0004429262	-0.0311047922	-0.0579489435	-0.0760302412	-0.0199455	0.09947769999999999	0.0598893	-0.00311706	0.00205502	0.000260358	0.0017044837	-0.0138545283	0.0097095982	0.0266033059	-0.0536207365	0.095236042	0.09003960000000001
0.0760302412	0.0573142124	0.0294564099	-0.0030997705	-0.0351615291	-0.0616149276	-0.0782405765	-0.00905466	0.07091669999999999	0.0405404	-0.0025995000000000002	0.00235383	0.000120915	-0.0074449866	0.0020572488	-0.003213389	-0.0278170726	0.05259983730000002	-0.0494011483	0.10659139
0.07567921150000001	0.0560250569	0.0269586778	-0.0066367663	-0.0391172318	-0.0650259921	-0.0800103684	-0.00424997	0.09082689999999999	0.07872689999999999	-0.00316493	0.00204276	-0.000292624	0.0096044172	-0.0069236763	0.0141999582	0.0306198295	-0.0432254644	-0.0077009731	0.12740334
0.0753194814	0.0547101387	0.0244330544	-0.010161556	-0.042960534	-0.06816802450000001	-0.0813296518	-0.0119197	0.08479989999999997	0.056153599999999984	-0.0025584	0.00227091	0.000170485	-0.0093609587	-0.0068718925	-0.0028757845000000003	0.001924152	-0.0042775453	0.0573900329	0.10115948
0.0749510924	0.0533700625	0.0218821528	-0.013667657	-0.0466803921	-0.0710280251	-0.0821909983	-0.00576137	0.0740334	0.0589125	-0.00280784	0.00209213	-0.000278408	0.0217817718	0.0134800594	0.0042670973	0.0050932676000000005	0.0509620958	-0.0575153862	0.06353937999999998
0.0745740866	0.0520054446	0.019308612	-0.017148621200000002	-0.0502661174	-0.0735941614	-0.0825895581	-0.0121767	0.0747455	0.07148	-0.00290874	0.0022959	2.98121e-05	0.0110087713	0.0050864527	0.0019320524	0.0283363254	-0.0419940695	0.0392188026	0.050339435
0.0741885076	0.0506169125	0.0167150947	-0.0205980464	-0.0537074066	-0.0758558164	-0.0825230869	-0.0152547	0.132673	0.0676609	-0.00343684	0.00231886	0.000260358	0.0030749736	-0.008502305200000001	0.0008352558	-0.0043445266	-0.0464326623	0.0552039427	0.103904895
0.0737943996	0.0492051046	0.014104284	-0.0240095886	-0.056994371399999987	-0.077803633	-0.081991959	-0.0110733	0.07800399999999999	0.029578300000000002	-0.00248027	0.00221849	-0.000167497	-0.0192196212	0.0099757051	-0.0002615042	-0.0104158582	0.0250819868	0.020397703	0.17117274999999998
0.073391808	0.0477706702	0.0114788812	-0.0273769736	-0.0601175669	-0.0794295525	-0.08099916509999999	-0.018391	0.122171	0.0572932	-0.00321599	0.00255293	0.000212629	0.0134245848	0.005819531	0.0135897385	0.011321951	0.010532498799999998	-0.0364599038	0.15171389999999998
0.0729807789	0.0463142688	0.0088416023	-0.030694008	-0.0630680188	-0.080726848	-0.0795502952	-0.020201900000000002	0.122582	0.071732	-0.00328417	0.00253245	0.000212629	-0.0150372732	-0.0104239054	-0.016701621899999998	0.004377434699999999	-0.0333049531	0.06428342940000001	0.021093699999999986
0.0725613598	0.0448365703	0.0061951761	-0.0339545915	-0.0658372492	-0.0816901521	-0.0776535072	-0.0154988	0.113521	0.066801	-0.00333141	0.00241229	0.000212629	0.021944034	0.0126952398	0.0036520671	-0.0224861884	0.0782667366	-0.0776414662	0.0270651
0.0721335987	0.04333825400000002	0.0035423403000000007	-0.0371527273	-0.0684173009	-0.0823154793	-0.0753194814	0.00505806	0.0779388	0.06675060000000001	-0.00230728	0.00249139	-0.000651441	0.005709510500000001	0.0051024167	0.0076398698	0.0123426682	-0.0473023491	0.0091475891	0.15455445999999998
0.0716975448	0.0418200091	0.0008858397	-0.0402825336	-0.0708007604	-0.0826002426	-0.0725613598	-0.009321490000000005	0.0949281	0.0964118	-0.00326355	0.00263761	-0.0007552689999999999	0.0065113755	-0.013058156	-0.0134200519	0.0058083268	-0.016922071599999998	0.0687736486	0.12134595
0.0712532484	0.0402825336	-0.0017715775	-0.04333825400000002	-0.0729807789	-0.0825432638	-0.0693946722	-0.012050300000000005	0.0783486	0.0710659	-0.00338689	0.00226288	-0.000810481	-0.0075757837	0.0055153098	-0.0106505863	-0.024903462400000003	0.0579842526	-0.0429331945	0.07231830999999997
0.0708007604	0.0387265345	-0.0044271617	-0.0463142688	-0.0749510924	-0.0821447785	-0.0658372492	-0.009460530000000005	0.0588904	0.099137	-0.0030076	0.00247861	-0.000478265	0.0118413392	-0.0015567242	0.007596970400000002	0.0169435818	-0.0149354026	-0.0302963282	0.09648087
0.0703401329	0.0371527273	-0.0070781657	-0.0492051046	-0.0767060391	-0.0814064355	-0.0619091212	-0.00955845	0.0819927	0.11175399999999999	-0.00325705	0.00237908	-0.000518427	-0.0102551599	-0.0168753848	-0.0034889251	0.01536577	-0.0251419642	0.0694201161	0.055274320000000016
0.0698714189	0.035561835800000004	-0.0097218466	-0.0520054446	-0.0782405765	-0.0803312895	-0.05763240610000001	-0.00934418	0.0765753	0.08497539999999999	-0.00239143	0.00258742	-0.000371185	0.0175343024	0.016769405600000002	0.0029195182	-0.0038139611	0.076687721	-0.0634280917	0.09347037
0.0693946722	0.0339545915	-0.0123554694	-0.0547101387	-0.0795502952	-0.0789237887	-0.0530311845	-0.00602479	0.0737439	0.12025400000000006	-0.00286572	0.00254525	-0.00049706	-0.0011954822	0.0055915594	0.0093009602	0.0285189856	-0.0460544175	0.005955119399999999	0.07354613999999997
0.0689099476	0.0323317335	-0.0149763093	-0.0573142124	-0.0806314317	-0.0771897563	-0.0481313641	-0.0092439	0.0726475	0.10819000000000001	-0.00267442	0.00274263	-0.000810481	0.0093718298	-0.0011607799	-0.0106350022	0.0136172457	-0.0032395433	0.0519185767	0.05148455999999999
0.0684173009	0.030694008	-0.0175816548	-0.0598128765	-0.0814808795	-0.0751363666	-0.042960534	-0.00925969	0.0602605	0.0952342	-0.00270875	0.00265956	-0.0007553039999999999	0.006530841999999999	0.0151766692	0.0019988226	-0.0214103274	0.0670937601	-0.0951933654	0.033987439999999966
0.0679167887	0.0290421682	-0.0201688105	-0.0622015356	-0.0820961977	-0.07277211509999999	-0.0375478092	-0.00872353	0.207486	0.155408	-0.00457444	0.00297913	-0.000259114	0.0280290735	0.0114581099	-0.00043955230000000017	0.0143143184	-0.0008384953	-0.0253487081	0.34200796
0.06740846860000001	0.0273769736	-0.0227350996	-0.0644757965	-0.08247561839999999	-0.0701067834	-0.0319236667	-0.008457519999999998	0.134711	0.15694	-0.004065999999999999	0.00323191	-0.00011427799999999999	-0.0052225262	0.0005071596	0.0043504832	0.01720202	-0.053757398	0.0587136993	0.11987581
0.0668923989	0.0256991899	-0.0252778672	-0.06663147650000001	-0.0826180512	-0.0671513987	-0.0261197739	-0.00892172	0.120082	0.143842	-0.0037784999999999997	0.00283237	-0.00033279	-0.0058637201	0.0034513574	-0.0201139099	-0.0046711722	-0.0094244042	0.053303410700000005	0.07346880000000003
0.06636863900000001	0.0240095886	-0.0277944824	-0.068664611	-0.0825230869	-0.0639181885	-0.0201688105	-0.0115682	0.0842095	0.09915570000000004	-0.00307305	0.00294234	-0.000159755	-0.0097678608	0.0037056936	-0.0129505775	-0.0234426027	0.0552141633	-0.062423556	0.13262803
0.0658372492	0.022308946800000003	-0.0302823417	-0.0705714608	-0.0821909983	-0.06042052940000001	-0.014104284	-0.0115882	0.131724	0.141219	-0.00452063	0.00319256	-0.000213992	0.0167395421	-0.0013751364000000002	0.0008082247999999999	0.0055707737	0.017404404499999998	-0.0685136256	0.17719965
0.0652982905	0.0205980464	-0.0327388711	-0.07234851889999999	-0.08162273980000001	-0.05667289230000001	-0.0079603416	-0.0101913	0.06261119999999999	0.140787	-0.00366984	0.00295778	-0.000556708	-0.0003779807	0.0015634345999999998	0.0014027072	0.021363592400000003	-0.035494984900000005	0.0140351411	0.14235600000000004
0.06475182480000001	0.0188776742	-0.0351615291	-0.07399251700000001	-0.0808199441	-0.0526907823	-0.0017715775	-0.00902799	0.0749138	0.15534	-0.00371601	0.00310297	-0.000556708	-0.0121384389	-0.0100083833	-0.0119955857	0.0300242114	-0.0848060693	0.0921002428	0.03758691
0.064197915	0.017148621200000002	-0.0375478092	-0.0755004314	-0.079784918	-0.0484906747	0.0044271617	-0.0316896	0.0451952	0.0992767	-0.00224038	0.00273604	-0.000369476	-0.0200271145	-0.0016726581	-0.0087833087	-0.0002078759	0.0103673964	0.0560186957	0.20993311000000006
0.0636366248	0.0154116826	-0.0398952426	-0.076869489	-0.0785206355	-0.044089946500000005	0.0106009733	-0.031456200000000004	0.12497	0.156891	-0.00362418	0.00296524	-4.09671e-05	0.0070345967	-0.0011671654	0.0001501979	-0.017015804199999998	0.0278038761	-0.022363936400000003	0.234697945
0.0630680188	0.013667657	-0.0422014006	-0.0780971719	-0.0770307297	-0.039506804900000005	0.0167150947	-0.0116646	0.0540701	0.117376	-0.00243907	0.00334339	-0.000248067	-0.0021338034	0.013332973799999998	0.0174307267	-0.001710953	0.034785815299999995	-0.07168144280000001	0.218724495
0.0624921622	0.0119173466	-0.0444638974	-0.0791812221	-0.0753194814	-0.0347602118	0.0227350996	-0.018282	0.0798173	0.153169	-0.00243603	0.00345991	-0.0005272440000000001	0.0161819069	0.0224863752	0.012633967	0.0409586722	-0.013767965	0.0290889012	0.08809445000000002
0.0619091212	0.010161556	-0.0466803921	-0.0801196458	-0.073391808	-0.0298698051	0.0286270917	-0.0206423	0.14323	0.178178	-0.00398284	0.00359553	-0.00047193800000000003	-0.00991671	0.0026657377000000003	-0.0262795761	-0.048242902699999986	0.0812122371	-0.0363341276	0.1776688
0.061318963	0.0084010927	-0.048848591600000005	-0.0809107173	-0.0712532484	-0.024855818	0.0343578954	-0.018515599999999997	0.0678212	0.18215399999999998	-0.0029435	0.00373492	-0.000440665	0.0192081164	0.0161309741	0.0023218229	-0.0057446451	0.0207227184	-0.056624368	0.14201165
0.0607217553	0.0066367663	-0.0509662528	-0.0815529816	-0.0689099476	-0.0197389949	0.0398952426	-0.0172155	0.08668139999999999	0.17728	-0.00303629	0.00377604	-0.000585111	-0.0139517515	-0.008993019599999999	-0.020501749	0.0007228817999999999	-0.0172094068	0.044165658600000005	0.03895210000000003
0.0601175669	0.004869388	-0.0530311845	-0.0820452574	-0.06636863900000001	-0.0145405056	0.0452079546	-0.016928400000000003	0.112999	0.17337	-0.00352034	0.00389741	-0.00039434	0.0171174476	0.0232148057	-0.0044540802	-0.0243860602	0.0943200481	-0.0906450805	0.07032424999999998
0.0595064671	0.0030997705	-0.0550412506	-0.0823866395	-0.0636366248	-0.0092818579	0.0502661174	-0.0120626	0.0782472	0.19176400000000002	-0.00310732	0.00412895	-0.0005691919999999999	-0.0102996476	0.0047325221	-0.0023078564	0.0157185599	-0.043490147400000005	0.0143521269	0.0989822
0.0588885262	0.0013287276999999998	-0.056994371399999987	-0.08257649980000001	-0.0607217553	-0.0039848083	0.0550412506	-0.018818099999999997	0.08729059999999997	0.188606	-0.00377271	0.00371388	-0.0008141019999999999	0.0084664908	-0.0009994887	-0.0074075466	-0.010763860900000002	0.0300541302	0.0131947446	0.08522539999999998
0.0582638153	-0.0004429262	-0.0588885262	-0.0826144894	-0.05763240610000001	0.0013287276999999998	0.0595064671	-0.00911597	0.06358530000000001	0.163793	-0.00322716	0.00391148	-0.0008253349999999997	-0.0080292292	0.0102387785	-0.0048613998	-0.038125293	0.0728542814	-0.0807945378	0.09593957999999997
0.05763240610000001	-0.0022143764	-0.0607217553	-0.0825005382	-0.0543774543	0.0066367663	0.0636366248	-0.00683341	0.108071	0.119147	-0.00377271	0.00412727	-0.0009848769999999999	0.0270708269	0.0033723255	0.017107827	0.0150890799	-0.0008171629	-0.0688247448	0.13745835999999995
0.056994371399999987	-0.0039848083	-0.0624921622	-0.0822348559	-0.0509662528	0.0119173466	0.06740846860000001	-0.00659656	0.0826376	0.0587842	-0.00534841	0.00436238	-0.00229618	-0.0084010356	-0.0203198777	-0.000431109	0.0485780372	-0.0760576853	0.0591477588	0.2421387
0.05634978440000001	-0.005753407800000001	-0.064197915	-0.0818179311	-0.0474086033	0.017148621200000002	0.0708007604	-0.022180599999999998	0.0660704	0.0786218	-0.00586279	0.00490542	-0.00229618	0.0062681536	-0.0032609571	-0.015095373999999996	-0.0041324023	-0.0068401483	0.007928096400000001	0.10485984
0.0556987191	-0.0075193617	-0.0658372492	-0.0812505306	-0.0437147285	0.022308946800000003	0.0737943996	-0.0220776	0.192392	0.08719069999999997	-0.00668039	0.00511956	-0.00272005	-0.0028834234	-0.0070804206999999985	-0.005096949	-0.0153749157	0.0503676168	-0.1039909972	0.207774
0.0550412506	-0.0092818579	-0.06740846860000001	-0.0805336979	-0.0398952426	0.0273769736	0.0763725302	-0.0205926	0.135846	0.09609740000000004	-0.00589748	0.00539167	-0.00272005	0.0206155309	0.0048615877	0.0178903947	0.0313117222	-0.0550034993	-0.013811578400000002	0.11968869999999998
0.0543774543	-0.0110400859	-0.0689099476	-0.0796687514	-0.0359611205	0.0323317335	0.0785206355	-0.0110463	0.207744	0.108599	-0.00626943	0.00525749	-0.00266434	-0.0270614823	-0.0190732825	-0.008149610600000001	0.0103953234	-0.0401596437	0.0550252552	0.12203789999999999
0.0537074066	-0.0127932372	-0.0703401329	-0.0786572819	-0.0319236667	0.0371527273	0.08022662059999999	-0.0223978	0.19872599999999999	0.10964000000000004	-0.00656534	0.00456877	-0.00191068	0.0292692305	0.0146553772	0.0120596101	-0.0132433753	0.0666408927	-0.0617621979	0.108325
0.0530311845	-0.0145405056	-0.0716975448	-0.0775011496	-0.0277944824	0.0418200091	0.0814808795	-0.00308429	0.149513	0.103521	-0.00594472	0.00484226	-0.00191068	-0.0136528887	-0.0021141839000000003	0.0126355795	0.0023402479	0.0013677477	-0.0795708999	0.11935101000000005
0.0523488658	-0.0162810877	-0.0729807789	-0.0762024808	-0.0235854328	0.0463142688	0.08227635	-0.00446136	0.15320999999999999	0.120109	-0.00588834	0.00492798	-0.00237381	0.0242187344	-0.0022388379	0.0200343745	0.0330123069	-0.06397515320000001	0.0206873286	0.05192357
0.0516605288	-0.018014183200000002	-0.0741885076	-0.0747636639	-0.019308612	0.0506169125	0.0826085531	-0.007345029999999998	0.245446	0.552616	-0.0139685	0.00717592	-0.00171168	-0.0788593195	0.0403866885	0.0049301183	0.0115481755	-0.072815874	0.0968160323	1.0771381699999998
0.0509662528	-0.0197389949	-0.0753194814	-0.07318734519999999	-0.0149763093	0.0547101387	0.08247561839999999	0.00899744	0.0838155	0.331908	-0.0125505	0.00727152	-0.00280197	0.0007939263	0.0155998774	0.0567170429	-0.0024046853	-0.0276070575	0.12950826	0.5288754700000001
0.0502661174	-0.0214547298	-0.0763725302	-0.0714764238	-0.0106009733	0.0585770125	0.0818782943	0.00709547	0.143707	0.183652	-0.00850728	0.00614572	-0.00244202	-0.0405583515	-0.017190515	0.0333742153	-0.0121451143	-0.0493142529	0.0160202053	0.4864979699999999
0.0495602034	-0.023160599	-0.0773465645	-0.06963404620000001	-0.0061951761	0.0622015356	0.0808199441	-0.019371400000000004	0.06786519999999999	0.22717199999999999	-0.010057000000000002	0.00642786	-0.00333638	0.011669896200000002	-0.0077973572	0.0210740844	0.0249821382	-0.0261827117	0.025574544700000004	0.2821396699999999
0.048848591600000005	-0.024855818	-0.0782405765	-0.06766360099999999	-0.0017715775	0.0655687121	0.079306527	-0.0343505	0.0599665	0.21472399999999997	-0.008940049999999998	0.00650765	-0.00333638	-0.06873499129999999	-0.0338082481	0.0248950878	-0.0269531298	-0.0452006312	0.0225552423	0.09516280000000006
0.0481313641	-0.0265396073	-0.0790536414	-0.0655687121	0.0026571115999999995	0.068664611	0.0773465645	-0.038776599999999994	0.0707503	0.26376700000000003	-0.00989433	0.00664472	-0.00348486	0.0387718476	-0.0026460547	0.0075882234	0.0060749996	0.0034863416	-0.0061555504	0.12624439999999998
0.0474086033	-0.0282111925	-0.079784918	-0.0633532322	0.0070781657	0.0714764238	0.0749510924	-0.0161701	0.0555077	0.227746	-0.00825312	0.0069096999999999995	-0.00387466	-0.0589450725	-0.0212873573	0.0396955546	-0.0421732645	0.0231992029	-0.06756492759999999	0.18866960000000002
0.0466803921	-0.0298698051	-0.0804336496	-0.0610212361	0.0114788812	0.07399251700000001	0.0721335987	-0.0342818	0.112873	0.386126	-0.0119379	0.00711936	-0.00387466	0.0614034107	0.0107500657	0.0247359042	0.0236335183	-0.0190221384	0.0510493705	0.428579
0.0459468144	-0.0315146823	-0.08099916509999999	-0.0585770125	0.0158466129	0.0762024808	0.0689099476	-0.0383289	0.14490799999999998	0.395185	-0.0122323	0.007314079999999999	-0.00387466	-0.1065960385	-0.0381996091	0.0285484564	-0.0678514525	-0.0220239872	0.0631572794	0.0695971
0.0452079546	-0.0331450678	-0.0814808795	-0.0560250569	0.0201688105	0.0780971719	0.0652982905	-0.0374566	0.19859200000000002	0.8286620000000001	-0.0190594	0.00854592	-0.00384707	0.1766123022	0.0050050801	-0.054990003	0.06521214269999999	0.07389845889999999	0.0454357296	0.8923597999999999
0.0444638974	-0.0347602118	-0.0818782943	-0.0533700625	0.0244330544	0.0796687514	0.061318963	0.00581906	-0.12211099999999996	1.50349	-0.08130889999999999	0.008762700000000002	-0.0024655000000000002	0.1029679173	-0.0493202518	-0.3543540983	-0.0661559001	-0.1810229987	-0.0089374901	4.231199159999999
0.0437147285	-0.0363593716	-0.0821909983	-0.0506169125	0.0286270917	0.0809107173	0.056994371399999987	0.0102759	0.221402	0.377382	-0.0535515	0.00782664	-0.00595441	-0.3362536713	-0.0709356138	-0.0219634193	-0.1544792428	-0.1015868852	-0.058022704400000014	3.08319634
0.042960534	-0.0379418119	-0.0824186682	-0.0477706702	0.0327388711	0.0818179311	0.0523488658	-0.0331905	0.301648	0.630915	-0.053496800000000004	0.00867465	-0.00583776	0.005473527099999999	-0.0529858095	-0.0040797388	0.0134161193	-0.083184308	0.0489769585	0.4282134000000004
0.0422014006	-0.039506804900000005	-0.0825610682	-0.0448365703	0.0367565777	0.0823866395	0.0474086033	-0.0521741	0.187846	0.684371	-0.0477049	0.00811893	-0.00587005	-0.0867448698	-0.031420984	0.0387953006	-0.0340538341	-0.029456542	0.0297799114	0.5052370999999998
0.0414374156	-0.0410536312	-0.0826180512	-0.0418200091	0.0406686668	0.0826144894	0.0422014006	-0.053137699999999996	0.060547000000000004	0.706915	-0.0463939	0.00643753	-0.00659774	0.017642011000000003	-0.0569661593	0.0469428402	0.02964713	-0.0869950451	-0.0012352906	0.3368111
0.0406686668	-0.0425815792	-0.0825895581	-0.0387265345	0.0444638974	0.0825005382	0.0367565777	-0.11599100000000001	0.105702	1.3803299999999998	-0.0562865	0.00749187	-0.00609291	-0.0155063768	0.059177365	0.031135349	0.0071454588	0.07233241929999999	0.0195561402	1.3540118
0.0398952426	-0.044089946500000005	-0.08247561839999999	-0.035561835800000004	0.0481313641	0.0820452574	0.0311047922	-0.104225	0.191618	1.16002	-0.0442886	0.00546052	-0.00654478	0.0301226062	0.0754397825	0.0403273459	0.047725569800000006	0.051228237	0.07661433620000001	1.0420480000000003
0.0391172318	-0.0455780395	-0.08227635	-0.0323317335	0.0516605288	0.0812505306	0.0252778672	-0.124874	0.07975469999999997	1.00199	-0.0378575	0.00500946	-0.007440839999999998	-0.0439524956	-0.0028305467	0.1051221717	-0.0400426169	-0.0145022892	0.0033812985	0.6794532999999999
0.0383347241	-0.0470451738	-0.081991959	-0.0290421682	0.0550412506	0.0801196458	0.019308612	-0.100117	0.041790499999999994	0.8502629999999999	-0.0256928	0.004424	-0.00709381	-0.0135116401	-0.0668101759	-0.06329657150000001	0.0132446928	0.0014752282000000002	0.0402058521	0.8693077000000001
0.0375478092	-0.0484906747	-0.08162273980000001	-0.0256991899	0.0582638153	0.0786572819	0.0132306372	-0.08260189999999999	0.08929400000000001	0.6413260000000001	-0.0204338	0.00153371	-0.00782798	-0.0445396218	-0.0172842058	0.0623571075	-0.0958577859	0.0149939679	0.0013154097	0.7181286000000001
0.0367565777	-0.0499138777	-0.0811690742	-0.022308946800000003	0.061318963	0.076869489	0.0070781657	-0.08347749999999997	0.0617259	0.624909	-0.017508099999999995	0.00186744	-0.00789841	0.0094816358	-0.0140507635	0.0733955639	-0.0343681549	-2.18185e-05	0.0008966936	0.21135369999999984
0.0359611205	-0.0513141282	-0.0806314317	-0.0188776742	0.064197915	0.0747636639	0.0008858397	-0.057362199999999995	0.101951	0.479229	-0.013372799999999995	0.00192705	-0.00771597	0.0189195445	-0.0113675307	0.0206252371	-0.0306872776	0.0919691963	0.0154165952	0.4308878999999999
0.0351615291	-0.0526907823	-0.0800103684	-0.0154116826	0.0668923989	0.07234851889999999	-0.0053114742	-0.0683314	0.187556	0.513926	-0.015186199999999999	0.00301554	-0.00780372	0.0054182036	0.021601714	0.0375932144	-0.0549066159	0.0578276993	0.0523396709	0.2807531999999999
0.0343578954	-0.0540432071	-0.079306527	-0.0119173466	0.0693946722	0.06963404620000001	-0.0114788812	-0.0757927	0.0925789	0.46093599999999996	-0.0189454	0.00302074	-0.008702059999999998	0.0151361821	0.0052318857	0.0537492054	-0.0790399002	0.0901503185	-0.0098600018	0.3885654000000001
0.0335503118	-0.0553707806	-0.0785206355	-0.0084010927	0.0716975448	0.06663147650000001	-0.0175816548	-0.09346449999999999	0.129853	0.518621	-0.0190066	0.00362136	-0.008152869999999998	-0.0202002814	0.011950559	-0.0020947181	-0.1043363086	0.08492266009999999	-0.0034821212	0.17318139999999985
0.0327388711	-0.05667289230000001	-0.0776535072	-0.004869388	0.0737943996	0.0633532322	-0.0235854328	-0.0870465	0.15528599999999998	1.01021	-0.0274399	0.00425033	-0.00727147	0.0312090688	-0.024519149	0.0215393189	-0.0220320083	0.0568780476	-0.0050653434	1.0206235000000001
0.0319236667	-0.0579489435	-0.0767060391	-0.0013287276999999998	0.07567921150000001	0.0598128765	-0.0294564099	-0.15809600000000001	0.20803899999999997	3.13458	-0.0223263	0.00545285	-0.00662569	0.4461346424	-0.1065709439	-0.0082318738	-0.0400937648	0.0297212816	-0.0612279702	2.5962674999999997
0.0311047922	-0.0591983473	-0.07567921150000001	0.0022143764	0.0773465645	0.0560250569	-0.0351615291	-0.21039899999999997	-0.32055500000000003	1.98921	-0.0332887	0.00264394	-0.0103794	-0.0594600572	-0.2476196526	-0.0229052853	0.0178244553	0.2208083768	0.1126235171	2.6025180000000003
0.0302823417	-0.06042052940000001	-0.0745740866	0.005753407800000001	0.0787916676	0.0520054446	-0.0406686668	-0.24159299999999997	-0.23324299999999998	1.91472	-0.0332033	0.00406863	-0.0124507	-0.0488568342	-0.0483951018	0.0969040482	0.1134670361	-0.05823643150000001	-0.0677442134	0.3720655
0.0294564099	-0.0616149276	-0.073391808	0.0092818579	0.0800103684	0.0477706702	-0.0459468144	-0.25791	-0.0200673	1.7507700000000002	-0.013800299999999998	0.00558474	-0.00973224	0.0428495764	-0.0168610041	-0.048989518	0.1118279017	0.0893824585	0.0383168551	1.5753212
0.0286270917	-0.0627809927	-0.0721335987	0.0127932372	0.08099916509999999	0.04333825400000002	-0.0509662528	-0.281986	0.0132284	2.1473	-0.0158868	0.00590017	-0.00883995	-0.0321803682	0.0304692387	0.1291324508	0.1220766564	-0.0258934984	-0.0828264522	0.6186126999999999
0.0277944824	-0.0639181885	-0.0708007604	0.0162810877	0.0817552165	0.0387265345	-0.0556987191	-0.284262	-0.14770899999999998	2.14973	-0.0190625	0.00695572	-0.009359899999999999	0.0223261815	-0.0005741864	-0.0869313141	0.1249813697	0.1134409164	-0.0126960344	0.4032034
0.0269586778	-0.0650259921	-0.0693946722	0.0197389949	0.08227635	0.0339545915	-0.0601175669	-0.23433299999999999	-0.127094	2.14951	-0.0213377	0.00806741	-0.011565100000000002	-0.0489321456	0.1017636595	0.1109417718	0.130222772	-0.0469171195	-0.122618589	0.3503685000000001
0.0261197739	-0.0661038941	-0.0679167887	0.023160599	0.0825610682	0.0290421682	-0.064197915	-0.23424499999999998	-0.0412079	2.50985	-0.0330249	0.0100081	-0.011381299999999999	-0.0362572589	-0.00312786	-0.2234642052	-0.037627351	0.1229548968	-0.0395898929	1.1368986
0.0252778672	-0.0671513987	-0.06636863900000001	0.0265396073	0.0826085531	0.0240095886	-0.0679167887	-0.25766100000000003	0.34817	2.69651	-0.0246056	0.008385639999999998	-0.00970836	-0.0712699013	0.1963911455	-0.3789830646	-0.0049405575	-0.1210392586	-0.1095979938	1.1851889000000002
0.0244330544	-0.06816802450000001	-0.06475182480000001	0.0298698051	0.0824186682	0.0188776742	-0.0712532484	-0.25504	-0.10211100000000001	2.4043900000000002	-0.031513599999999996	0.0102821	-0.0124108	-0.1431949701	0.4764129371	0.07652144570000001	-0.0418275027	-0.122255524	-0.1571738794	1.3203670000000003
0.0235854328	-0.0691533037	-0.0630680188	0.0331450678	0.081991959	0.013667657	-0.0741885076	-0.22759400000000002	7.102729999999999e-05	1.84552	-0.0271226	0.008792589999999998	-0.0128704	0.1953520183	0.2092373639	0.0861135825	0.1578441735	0.1813217813	0.2251649963	1.0055035273000001
0.0227350996	-0.0701067834	-0.061318963	0.0363593716	0.0813296518	0.0084010927	-0.0767060391	-0.309433	0.022055500000000002	3.2948699999999995	-0.0463911	0.00965909	-0.0105445	0.4270243684	0.0659036815	-0.0240765086	-0.2705150732	-0.3973114785	-0.24634321760000005	2.6762184727
0.0218821528	-0.0710280251	-0.0595064671	0.039506804900000005	0.0804336496	0.0030997705	-0.0787916676	-0.277544	-0.0830752	1.61008	-0.038407199999999996	0.008159919999999998	-0.018843099999999998	-0.0369484681	-0.1810165299	-0.222915696	0.0802968612	0.16677544560000002	0.0372720209	2.7108932
0.0210266903	-0.0719166052	-0.05763240610000001	0.0425815792	0.079306527	-0.0022143764	-0.0804336496	-0.328776	-0.00043237699999999996	1.8755099999999998	-0.0371835	0.009414670000000005	-0.0188605	0.0260129627	-0.1178187749	0.1994100202	0.1076330918	0.0352073469	-0.0177938576	0.5240973229999999
0.0201688105	-0.07277211509999999	-0.0556987191	0.0455780395	0.0779515227	-0.0075193617	-0.08162273980000001	-0.324456	0.0510867	1.7746	-0.0362772	0.0100026	-0.020059599999999997	-0.0403172337	0.2984105827	-0.367248305	0.0654947047	0.1234380371	0.0396103022	0.29141557700000004
0.019308612	-0.0735941614	-0.0537074066	0.0484906747	0.0763725302	-0.0127932372	-0.0823522428	-0.344794	-0.0710532	1.8405099999999999	-0.0384654	0.0122745	-0.0217225	-0.0289303687	0.1330182174	0.2185345072	0.025442559500000003	0.0277232465	0.0292078843	0.5145378999999997
0.0184461937	-0.0743823661	-0.0516605288	0.0513141282	0.0745740866	-0.018014183200000002	-0.0826180512	-0.357518	-0.0752598	1.97053	-0.042962400000000005	0.0120815	-0.0228796	-0.014133263	0.1788625032	0.0136426803	0.0397632731	-0.0130467428	-0.0264940705	0.43930559999999996
0.0175816548	-0.0751363666	-0.0495602034	0.0540432071	0.0725613598	-0.023160599	-0.0824186682	-0.345204	-0.1797	1.6968900000000002	-0.0438213	0.0130811	-0.0234261	0.0068394532	0.111458209	0.1033728511	0.0238219661	0.0632983184	0.0767770085	0.5106441999999999
0.0167150947	-0.0758558164	-0.0474086033	0.05667289230000001	0.0703401329	-0.0282111925	-0.0817552165	-0.333902	-0.21350500000000008	1.63222	-0.0420841	0.013261600000000002	-0.0229368	0.0066058976	-0.0345269986	0.1934964521	0.0909055565	-0.046369209	-0.0220115024	0.230127
0.0158466129	-0.0765403846	-0.0452079546	0.0591983473	0.0679167887	-0.0331450678	-0.0806314317	-0.360927	0.054891300000000004	1.8225099999999999	-0.0446712	0.011240100000000001	-0.021099299999999998	0.0023690486	0.0095814804	-0.0731477958	-0.006660565500000001	0.1101159154	0.0444056753	0.8080163000000001
0.0149763093	-0.0771897563	-0.042960534	0.0616149276	0.0652982905	-0.0379418119	-0.0790536414	-0.40069499999999997	-0.21026999999999998	2.50873	-0.0754215	0.00540547	-0.0214081	-0.08509415109999999	-0.1666194725	-0.1267103442	-0.13921984210000002	-0.14833560880000002	0.0204441981	2.8358357999999995
0.014104284	-0.077803633	-0.0406686668	0.0639181885	0.0624921622	-0.0425815792	-0.0770307297	-0.39981500000000003	-0.03532419999999998	1.8820599999999998	-0.05912190000000001	0.00589555	-0.0243952	-0.1849801735	-0.0437145617	0.0147400831	-0.0616441839	-0.1221872469	-0.0681726464	1.7913348000000002
0.0132306372	-0.0783817324	-0.0383347241	0.0661038941	0.0595064671	-0.0470451738	-0.0745740866	-0.365691	0.15291300000000002	1.8696700000000002	-0.0431077	0.00655839	-0.0226895	0.0122751952	-0.0708041548	0.0051547504	0.0615193446	-0.0135139308	0.1248278566	1.1538882
0.0123554694	-0.0789237887	-0.0359611205	0.06816802450000001	0.05634978440000001	-0.0513141282	-0.0716975448	-0.336219	0.0960027	1.9892	-0.0484754	0.00745799	-0.0233192	-0.059351342	-0.07666073400000001	-0.0008846558	0.0158745486	-0.0789428403	-0.0386700981	0.5507623000000001
0.0114788812	-0.0794295525	-0.0335503118	0.0701067834	0.0530311845	-0.0553707806	-0.0684173009	-0.311779	0.12152	1.70718	-0.04353	0.00709209	-0.0213708	-0.042665882300000006	-0.0549501341	0.0016382264	0.0207656876	-0.06564482599999999	0.0508856883	0.6949623000000005
0.0106009733	-0.0798987914	-0.0311047922	0.0719166052	0.0495602034	-0.0591983473	-0.06475182480000001	-0.276485	-0.09030039999999999	1.1815000000000002	-0.039394	0.00590026	-0.0198716	-0.0284475405	-0.1045448534	-0.058779547	0.0437367676	-0.0973617738	-0.062073002	1.1141458999999998
0.0097218466	-0.0803312895	-0.0286270917	0.0735941614	0.0459468144	-0.0627809927	-0.0607217553	-0.278378	-0.191564	1.99259	-0.042534699999999995	0.0067369	-0.0208785	0.0687006553	-0.2500846756	-0.0910826807	-0.0145744296	-0.0339442159	-0.0310465197	1.1634586000000002
0.0088416023	-0.080726848	-0.0261197739	0.0751363666	0.0422014006	-0.0661038941	-0.05634978440000001	-0.319364	-0.210986	1.9205400000000001	-0.0388277	0.00778519	-0.020528900000000003	-0.0759500354	-0.1301595249	-0.033487494	0.0733066167	-0.0567928267	-0.1178402082	0.3877025000000003
0.0079603416	-0.0810852849	-0.0235854328	0.0765403846	0.0383347241	-0.0691533037	-0.0516605288	-0.319384	-0.17497299999999996	2.00401	-0.0365332	0.00916276	-0.0217143	-0.0586033247	0.0657795731	0.0584267022	0.0837160191	0.0248167874	0.0400106192	0.36237650000000016
0.0070781657	-0.0814064355	-0.0210266903	0.077803633	0.0343578954	-0.0719166052	-0.0466803921	-0.391785	-0.26552	3.4830099999999997	-0.053058400000000006	0.00957247	-0.0172131	0.3560853775	0.0423733329	-0.0301142543	-0.0147592967	-0.0702581366	0.1550494449	2.7137535
0.0061951761	-0.0816901521	-0.0184461937	0.0789237887	0.0302823417	-0.0743823661	-0.0414374156	-0.32929400000000003	-0.20586500000000002	2.48539	-0.0391766	0.0060771	-0.019325099999999998	-0.1425447218	-0.15354788519999998	-0.075911348	-0.1036701798	0.1431878393	-0.0037817521	2.0942244999999997
0.0053114742	-0.0819363041	-0.0158466129	0.0798987914	0.0261197739	-0.0765403846	-0.0359611205	-0.362144	-0.366291	2.45018	-0.0405042	0.0081492	-0.0208425	-0.0820717282	0.0166462982	0.1273987419	-0.0916321093	-0.0443423349	0.0219846572	0.4743410000000001
0.0044271617	-0.0821447785	-0.0132306372	0.080726848	0.0218821528	-0.0783817324	-0.0302823417	-0.367674	-0.234418	2.3056400000000004	-0.036155400000000004	0.007260939999999999	-0.0214228	-0.0195661211	-0.0277990496	0.0126876975	0.033927685	0.0025520031	-0.0090985531	0.572811
0.0035423403000000007	-0.0823154793	-0.0106009733	0.0814064355	0.0175816548	-0.0798987914	-0.0244330544	-0.36659200000000003	-0.16931099999999996	2.25025	-0.034447000000000005	0.00703584	-0.0213412	-0.0264594583	0.0125456971	0.0836686298	0.0322422958	-0.0243755883	0.0284383651	0.22233399999999987
0.0026571115999999995	-0.0824483281	-0.0079603416	0.0819363041	0.0132306372	-0.0810852849	-0.0184461937	-0.404599	-0.174448	2.7376400000000003	-0.0357029	0.00869195	-0.021131	-0.0035353047	-0.08126320990000001	0.0008819876	-0.07817729820000001	-0.0294673744	-0.0062500746	0.6866445000000003
0.0017715775	-0.0825432638	-0.0053114742	0.0823154793	0.0088416023	-0.0819363041	-0.0123554694	-0.36640100000000003	-0.107625	2.25144	-0.029646199999999998	0.00853415	-0.0200287	-0.0711098021	-0.0328975688	-0.0880513411	0.095546232	0.0169713352	-0.06657969450000001	0.9570609999999998
0.0008858397	-0.0826002426	-0.0026571115999999995	0.0825432638	0.0044271617	-0.0824483281	-0.0061951761	-0.38452600000000003	-0.172539	2.20933	-0.029764699999999998	0.010301799999999998	-0.0217523	-0.0074927553	0.0008036187	-0.0343605411	0.0527184798	-0.0022213713	-0.0049532951	0.30563650000000003
0.0	-0.0826192385	-0.0	0.0826192385	0.0	-0.0826192385	-0.0	-0.408503	-0.14263599999999999	2.30825	-0.0311875	0.00928858	-0.0222431	-0.0109273124	0.0005143628	0.0369601642	0.052059605300000006	-0.0037459744	-0.047392526	0.29914100000000005
-0.0008858397	-0.0826002426	0.0026571115999999995	0.0825432638	-0.0044271617	-0.0824483281	0.0061951761	-0.40924499999999997	-0.174568	2.30294	-0.030584399999999998	0.0108251	-0.0210964	0.0033879073	0.0088713089	0.0395399222	0.0161376045	0.0526918998	-0.0342776504	0.2023
-0.0017715775	-0.0825432638	0.0053114742	0.0823154793	-0.0088416023	-0.0819363041	0.0123554694	-0.409537	-0.20766500000000002	2.37248	-0.032172000000000006	0.0113542	-0.0207755	-0.0280941004	-0.011212179199999998	0.0483239964	0.0545691303	-0.0164845643	-0.014541204	0.22480899999999987
-0.0026571115999999995	-0.0824483281	0.0079603416	0.0819363041	-0.0132306372	-0.0810852849	0.0184461937	-0.41611899999999996	-0.230796	2.90181	-0.0376212	0.0110081	-0.0201494	-0.0341915975	0.0374047462	0.0154558105	-0.1664155367	-0.0085362931	0.034202255200000004	0.8801129999999999
-0.0035423403000000007	-0.0823154793	0.0106009733	0.0814064355	-0.0175816548	-0.0798987914	0.0244330544	-0.398119	-0.320281	2.53421	-0.0352823	0.010716400000000001	-0.020079800000000002	0.1071013026	0.0110614528	0.0630815686	-0.0037135452	0.0497755593	0.0225815804	0.6100949999999999
-0.0044271617	-0.0821447785	0.0132306372	0.080726848	-0.0218821528	-0.0783817324	0.0302823417	-0.389935	-0.30246300000000004	2.49428	-0.0328652	0.010716400000000001	-0.019803599999999998	0.0712955878	-0.0312364276	0.0595736793	0.0331204222	0.049786247	0.0403969334	0.20059700000000014
-0.0053114742	-0.0819363041	0.0158466129	0.0798987914	-0.0261197739	-0.0765403846	0.0359611205	-0.409292	-0.110345	2.5447	-0.0322149	0.011257399999999999	-0.019493200000000002	0.0001417683	0.011625518	0.0760684913	0.01255142	0.0116005202	0.0024598066	0.3369800000000005
-0.0061951761	-0.0816901521	0.0184461937	0.0789237887	-0.0302823417	-0.0743823661	0.0414374156	-0.444392	-0.101208	2.71075	-0.04725719999999999	0.014027800000000005	-0.02138	0.0062941182	0.0380928839	0.0048725814	-0.145973448	-0.0151838076	-0.0099913463	1.195262
-0.0070781657	-0.0814064355	0.0210266903	0.077803633	-0.0343578954	-0.0719166052	0.0466803921	-0.4497060000000001	-0.0961788	2.27799	-0.058037800000000014	0.0178725	-0.0220572	0.0392599192	-0.0267951153	0.0131292417	-0.0812201538	0.0118427641	0.017467046200000003	1.2082282000000002
-0.0079603416	-0.0810852849	0.0235854328	0.0765403846	-0.0383347241	-0.0691533037	0.0516605288	-0.47396499999999997	0.0441607	2.43298	-0.044681900000000004	0.0157606	-0.022306799999999998	0.0001070127	-0.0367041796	0.0282479828	-0.0709912911	-0.0301903212	0.026391444500000003	1.1054585
-0.0088416023	-0.080726848	0.0261197739	0.0751363666	-0.0422014006	-0.0661038941	0.05634978440000001	-0.430943	-0.07596560000000001	2.58058	-0.0408442	0.0157415	-0.0210952	-0.0176331768	-0.0281381351	0.0056398558	-0.1145927938	-0.0191934834	-0.0064056763	0.5641682999999997
-0.0097218466	-0.0803312895	0.0286270917	0.0735941614	-0.0459468144	-0.0627809927	0.0607217553	-0.431312	-0.08949639999999999	2.4897	-0.040156800000000006	0.0164737	-0.021494799999999998	0.0022988698	-0.0304919509	0.035998860099999995	-0.0262345231	-0.0135574681	0.0486051077	0.19573979999999985
-0.0106009733	-0.0798987914	0.0311047922	0.0719166052	-0.0495602034	-0.0591983473	0.06475182480000001	-0.413025	-0.128063	2.63101	-0.0407646	0.016547700000000002	-0.0208674	-0.0270796493	-0.0004977699	0.020980816800000003	-0.1102393541	0.0430594477	0.0571256521	0.2636235999999996
-0.0114788812	-0.0794295525	0.0335503118	0.0701067834	-0.0530311845	-0.0553707806	0.0684173009	-0.4121260000000001	-0.208521	2.61042	-0.038554000000000005	0.0158516	-0.020068700000000002	-0.0116389128	-0.0429912333	0.0060631523	-0.0705525464	-0.0112606507	-0.0262058077	0.28721699999999994
-0.0123554694	-0.0789237887	0.0359611205	0.06816802450000001	-0.05634978440000001	-0.0513141282	0.0716975448	-0.41205600000000003	-0.240852	2.65551	-0.038155699999999994	0.0159003	-0.0199855	-0.0081258864	-0.0213563426	0.013776736299999998	-0.0962426651	0.0337145355	0.0144982491	0.10400099999999984
-0.0132306372	-0.0783817324	0.0383347241	0.0661038941	-0.0595064671	-0.0470451738	0.0745740866	-0.41206099999999996	-0.30938899999999997	2.62849	-0.0372651	0.0158941	-0.020229900000000002	0.0106951457	-0.018345642	0.0346129482	-0.0505672605	0.0316146471	0.031848997000000004	0.15262199999999962
-0.014104284	-0.077803633	0.0406686668	0.0639181885	-0.0624921622	-0.0425815792	0.0770307297	-0.41163900000000003	-0.234008	2.68187	-0.0379231	0.015600200000000003	-0.0202387	-0.0168506402	-0.0081802971	0.005192786	-0.0868947428	0.0369769904	0.0626852347	0.1772179999999998
-0.0149763093	-0.0771897563	0.042960534	0.0616149276	-0.0652982905	-0.0379418119	0.0790536414	-0.384389	-0.29389499999999996	2.29929	-0.0317772	0.0139381	-0.020008	-0.005929034499999999	0.0218066678	-0.0188072627	0.066497283	-0.0221379395	-0.0026970804	0.8716519999999999
-0.0158466129	-0.0765403846	0.0452079546	0.0591983473	-0.0679167887	-0.0331450678	0.0806314317	-0.411512	-0.0445037	2.31334	-0.0270508	0.013703799999999999	-0.019521700000000003	-0.050906067400000005	0.0387820445	-0.0200722349	0.0181771497	-0.0390683283	0.0090963173	0.5629143000000001
-0.0167150947	-0.0758558164	0.0474086033	0.05667289230000001	-0.0703401329	-0.0282111925	0.0817552165	-0.411271	-0.00432375	2.3869599999999997	-0.026485599999999998	0.013703799999999999	-0.0186387	-0.0186131139	-0.0241549492	-0.0018549886	0.0542395004	-0.0600286934	-0.0633475614	0.18645094999999984
-0.0175816548	-0.0751363666	0.0495602034	0.0540432071	-0.0725613598	-0.023160599	0.0824186682	-0.41145600000000004	-0.00416878	2.35466	-0.025366299999999998	0.013703799999999999	-0.019011700000000003	0.00198345	0.0006881264999999999	-0.0363404169	0.0614361835	0.021036879	0.0383478369	0.10725497000000014
-0.0184461937	-0.0743823661	0.0516605288	0.0513141282	-0.0745740866	-0.018014183200000002	0.0826180512	-0.40976599999999996	0.10375799999999999	2.4773400000000003	-0.0272978	0.014757399999999999	-0.0184537	-0.0096263671	-0.0150973746	0.0425548046	0.0711792066	-0.0318963771	-0.0614188064	0.4094517799999999
-0.019308612	-0.0735941614	0.0537074066	0.0484906747	-0.0763725302	-0.0127932372	0.0823522428	-0.351693	-0.122852	2.43368	-0.0378791	0.013707299999999999	-0.0204837	-0.0121840484	0.1507828064	-0.17937514850000005	-0.0067590217	0.0749150345	0.0717821817	1.011413
-0.0201688105	-0.07277211509999999	0.0556987191	0.0455780395	-0.0779515227	-0.0075193617	0.08162273980000001	-0.42507	-0.17203800000000002	3.07997	-0.0504168	0.009601330000000005	-0.0229834	-0.0536248069	0.2364783055	-0.0593917846	-0.0703787153	-0.010947684	0.1516497467	1.7260215
-0.0210266903	-0.0719166052	0.05763240610000001	0.0425815792	-0.079306527	-0.0022143764	0.0804336496	-0.403323	-0.303201	1.96626	-0.0285231	0.0099024	-0.0222117	-0.0843724075	0.1076794883	0.0972650071	0.0870780169	-0.1017914188	-0.0956438917	2.4149435
-0.0218821528	-0.0710280251	0.0595064671	0.039506804900000005	-0.0804336496	0.0030997705	0.0787916676	-0.402526	-0.141057	2.10333	-0.028069099999999996	0.010648800000000002	-0.0204322	-0.007650791600000002	-0.0239313905	-0.0732342443	0.0776371181	-0.0489926165	0.0069090872	0.4490060000000001
-0.0227350996	-0.0701067834	0.061318963	0.0363593716	-0.0813296518	0.0084010927	0.0767060391	-0.414638	-0.26800799999999997	2.3223700000000003	-0.0293168	0.011346700000000001	-0.020971	0.0150685242	-0.0096235296	0.0309900142	0.0441979861	-0.0009723569	-0.0776338875	0.4823229999999997
-0.0235854328	-0.0691533037	0.0630680188	0.0331450678	-0.081991959	0.013667657	0.0741885076	-0.406537	-0.313735	2.28492	-0.027156	0.011709299999999999	-0.0208813	0.0145951025	-0.0249193138	-0.0421132482	0.07697590900000001	0.0106732531	-0.036400424	0.221933
-0.0244330544	-0.06816802450000001	0.06475182480000001	0.0298698051	-0.0824186682	0.0188776742	0.0712532484	-0.420171	-0.23247800000000002	2.33102	-0.029079	0.0114364	-0.0209565	0.0184474489	0.0242072133	-0.0053036293	0.0398663957	0.0582472463	-0.0786231528	0.2545460000000002
-0.0252778672	-0.0671513987	0.06636863900000001	0.0265396073	-0.0826085531	0.0240095886	0.0679167887	-0.430752	-0.138649	2.36639	-0.029217400000000008	0.0115825	-0.0210937	0.0019381434	0.032083921200000004	-0.0279986575	0.0315007411	0.0760120313	-0.0581609271	0.160865
-0.0261197739	-0.0661038941	0.0679167887	0.023160599	-0.0825610682	0.0290421682	0.064197915	-0.428951	-0.180565	2.9148400000000003	-0.033097800000000004	0.0126251	-0.021097099999999997	0.0953071601	0.0191989067	0.0432021811	-0.1390463808	0.0099566818	-0.0318849956	0.8384869999999996
-0.0269586778	-0.0650259921	0.0693946722	0.0197389949	-0.08227635	0.0339545915	0.0601175669	-0.405961	-0.10328599999999999	2.5995	-0.033191399999999996	0.0130407	-0.020086700000000002	-0.0183597788	-0.1068165595	-0.08535093789999999	-0.0170608618	0.0652614793	-0.0125200999	0.4915890000000003
-0.0277944824	-0.0639181885	0.0708007604	0.0162810877	-0.0817552165	0.0387265345	0.0556987191	-0.431726	0.089242	2.74695	-0.0327692	0.012293	-0.019483700000000003	0.0103486553	0.0040235705	0.0225616789	-0.0453178207	0.0109094098	-0.0387308078	0.4543880000000001
-0.0286270917	-0.0627809927	0.0721335987	0.0127932372	-0.08099916509999999	0.04333825400000002	0.0509662528	-0.404855	0.040919300000000006	2.66073	-0.0312157	0.01241	-0.0182149	0.0128118927	-0.0136797621	-0.0095569524	0.0034696036	0.0130931577	0.0661340824	0.30837869999999984
-0.0294564099	-0.0616149276	0.073391808	0.0092818579	-0.0800103684	0.0477706702	0.0459468144	-0.40680900000000003	-0.06917310000000003	2.54847	-0.0281969	0.0131281	-0.0185484	0.0055945938	0.005604396899999999	0.0031332746000000003	0.0353494312	-0.0589829542	-0.0076983682	0.4278264
-0.0302823417	-0.06042052940000001	0.0745740866	0.005753407800000001	-0.0787916676	0.0520054446	0.0406686668	-0.4190140000000001	-0.13530600000000004	2.85558	-0.0334714	0.0129602	-0.018680900000000004	-0.0083386228	0.0550659787	-0.0131668744	-0.058135903	0.0625245747	0.0703420394	0.6641928999999998
-0.0311047922	-0.0591983473	0.07567921150000001	0.0022143764	-0.0773465645	0.0560250569	0.0351615291	-0.394947	-0.146303	2.65797	-0.0351897	0.012822	-0.019007	0.0317928506	0.1001567983	0.0168278862	-0.0477838226	0.0538371876	0.0993210063	0.3418039999999995
-0.0319236667	-0.0579489435	0.0767060391	-0.0013287276999999998	-0.07567921150000001	0.0598128765	0.0294564099	-0.398631	-0.17557899999999999	2.61637	-0.0313253	0.0130477	-0.018356	0.0070861582	-0.0069868615	0.0419788076	0.0259989156	-0.0313603499	0.0110382734	0.3116150000000001
-0.0327388711	-0.05667289230000001	0.0776535072	-0.004869388	-0.0737943996	0.0633532322	0.0235854328	-0.388838	-0.205159	3.1198799999999998	-0.034928	0.014616999999999996	-0.018203900000000002	0.075132222	0.0783662479	0.0250957849	-0.1065479612	0.0269596623	0.0726496771	0.8090880000000003
-0.0335503118	-0.0553707806	0.0785206355	-0.0084010927	-0.0716975448	0.06663147650000001	0.0175816548	-0.366293	-0.287777	2.70186	-0.033494300000000005	0.0156552	-0.017714599999999997	0.1468979802	-0.06686902	0.0343967658	-0.0376690841	0.1119066447	0.06948461	0.6712430000000005
-0.0343578954	-0.0540432071	0.079306527	-0.0119173466	-0.0693946722	0.06963404620000001	0.0114788812	-0.4099890000000001	-0.22009	2.53037	-0.032907	0.015127000000000003	-0.0187015	0.0516392992	-0.0212582008	-0.010977286299999998	0.037944014500000005	-0.0874523932	-0.0295735514	0.387993
-0.0351615291	-0.0526907823	0.0800103684	-0.0154116826	-0.0668923989	0.07234851889999999	0.0053114742	-0.436801	-0.11573199999999999	2.8332900000000003	-0.0344386	0.014302	-0.0184227	0.0163703916	-0.034052371	-0.016947981799999998	-0.0799140423	0.024800139300000003	0.07175088730000001	0.5658599999999999
-0.0359611205	-0.0513141282	0.0806314317	-0.0188776742	-0.064197915	0.0747636639	-0.0008858397	-0.363348	-0.18684800000000001	2.4495299999999998	-0.0289434	0.013003299999999999	-0.0177832	-0.0001867519	-0.0465769406	-0.0375000794	0.0458224549	-0.07665446320000001	-0.058316469	0.8999989999999995
-0.0367565777	-0.0499138777	0.0811690742	-0.022308946800000003	-0.061318963	0.076869489	-0.0070781657	-0.352383	0.201098	2.34384	-0.02447	0.0101088	-0.018006900000000003	-0.0065515776000000005	-0.0178072643	-0.0431252013	0.0515822179	-0.0191750421	-0.0225168659	0.8841810000000003
-0.0375478092	-0.0484906747	0.08162273980000001	-0.0256991899	-0.0582638153	0.0786572819	-0.0132306372	-0.350426	-0.0660945	2.09733	-0.0213393	0.0107593	-0.0173041	0.011549828799999998	-0.0096070535	-0.0371009389	0.134286075	0.0183424778	0.0099422898	0.7398595000000001
-0.0383347241	-0.0470451738	0.081991959	-0.0290421682	-0.0550412506	0.0801196458	-0.019308612	-0.35715399999999997	-0.0147858	2.17836	-0.0212861	0.0120712	-0.0166288	-0.0068817427	-0.0095909495	-0.0458036202	0.08723208589999999	-0.0137994243	-0.0244173312	0.24108670000000024
-0.0391172318	-0.0455780395	0.08227635	-0.0323317335	-0.0516605288	0.0812505306	-0.0252778672	-0.357087	-0.0433361	2.26611	-0.024392700000000003	0.0126334	-0.017149900000000003	-0.0073484403	0.0194341784	-0.007053314200000002	0.06045243440000001	0.0666021827	-0.0787038035	0.32586229999999977
-0.0398952426	-0.044089946500000005	0.08247561839999999	-0.035561835800000004	-0.0481313641	0.0820452574	-0.0311047922	-0.36347399999999996	0.00288396	2.35065	-0.0264425	0.012938900000000001	-0.016432299999999997	-0.0191334214	0.0032671863	-0.0148240363	0.0181249365	0.0310040136	-0.0849693989	0.2907920600000001
-0.0406686668	-0.0425815792	0.0825895581	-0.0387265345	-0.0444638974	0.0825005382	-0.0367565777	-0.379558	0.0052187	2.4082	-0.026679500000000002	0.0133351	-0.017127199999999995	-0.0113169452	-0.0045576683000000005	0.0035588173	0.0512850046	-0.033877035800000004	-0.0498917222	0.14237373999999986
-0.0414374156	-0.0410536312	0.0826180512	-0.0418200091	-0.0406686668	0.0826144894	-0.0422014006	-0.371969	-0.168036	2.3582400000000003	-0.028250599999999997	0.0138782	-0.017506400000000002	0.0037783816	-0.0183492075	-0.0097093136	0.0818725781	-0.0382725596	0.0221954009	0.3554737000000001
-0.0422014006	-0.039506804900000005	0.0825610682	-0.0448365703	-0.0367565777	0.0823866395	-0.0474086033	-0.385619	-0.121228	2.37148	-0.0269531	0.0134719	-0.017232	-0.007975715100000001	-0.0132547708	0.0076409207	0.0739993271	-0.0498182575	-0.0358416967	0.17260799999999998
-0.042960534	-0.0379418119	0.0824186682	-0.0477706702	-0.0327388711	0.0818179311	-0.0523488658	-0.41671800000000003	-0.170986	2.4781	-0.0275368	0.0134555	-0.0177544	0.0049235655	-0.0417041391	0.0214100076	0.0395673631	0.0127563261	-0.0213028094	0.2436019999999999
-0.0437147285	-0.0363593716	0.0821909983	-0.0506169125	-0.0286270917	0.0809107173	-0.056994371399999987	-0.408717	-0.0922484	2.3206900000000004	-0.0272843	0.0136317	-0.0186669	-0.022337292400000004	-0.0046636618	0.0082329885	0.079588924	-0.0049628612	-0.0459151401	0.3112086
-0.0444638974	-0.0347602118	0.0818782943	-0.0533700625	-0.0244330544	0.0796687514	-0.061318963	-0.4235640000000001	0.015785900000000002	2.3172200000000003	-0.030170799999999998	0.0126797	-0.019582299999999997	-0.015337981100000004	0.0038767521	-0.015078093	0.0521559205	0.0015877298999999998	-0.05847076740000001	0.3640463
-0.0452079546	-0.0331450678	0.0814808795	-0.0560250569	-0.0201688105	0.0780971719	-0.0652982905	-0.422994	-0.11429	2.12995	-0.026053899999999998	0.0120259	-0.0183695	-0.0040314807	0.0045718358	0.0020067941	0.0918535912	-0.0129237536	-0.0448387307	0.6170908999999999
-0.0459468144	-0.0315146823	0.08099916509999999	-0.0585770125	-0.0158466129	0.0762024808	-0.0689099476	-0.43465	0.0295305	2.29078	-0.026872000000000004	0.012818399999999999	-0.017451599999999998	0.0073789072	-0.0379052867	-0.0182329074	0.0718793296	-0.0166819168	-0.0838553444	0.4427314999999997
-0.0466803921	-0.0298698051	0.0804336496	-0.0610212361	-0.0114788812	0.07399251700000001	-0.0721335987	-0.42289899999999997	-0.0198963	2.2896	-0.0265846	0.013353899999999998	-0.0175597	0.0119831478	-0.0158377224	0.0021287291	0.0921237304	0.0456385819	-0.0776075373	0.1089077999999997
-0.0474086033	-0.0282111925	0.079784918	-0.0633532322	-0.0070781657	0.0714764238	-0.0749510924	-0.423299	0.165803	2.42754	-0.0272928	0.014351599999999999	-0.0168153	-0.033741730299999995	0.0072574747	-0.0057727843	0.0302972467	-0.0270031871	-0.0189961902	0.44655429999999996
-0.0481313641	-0.0265396073	0.0790536414	-0.0655687121	-0.0026571115999999995	0.068664611	-0.0773465645	-0.423237	0.0170812	2.52107	-0.0291555	0.014069000000000005	-0.0170054	-0.0183673893	-0.0025416996	0.0106444882	0.0346747271	-0.0503667263	-0.0084343127	0.3590838000000001
-0.048848591600000005	-0.024855818	0.0782405765	-0.06766360099999999	0.0017715775	0.0655687121	-0.079306527	-0.418009	-0.135568	2.48651	-0.029360900000000002	0.0147364	-0.017156900000000003	0.0024588148	-0.0169053119	-0.0014295145000000002	0.0517167768	-0.0269334119	0.0356789836	0.2436521999999997
-0.0495602034	-0.023160599	0.0773465645	-0.06963404620000001	0.0061951761	0.0622015356	-0.0808199441	-0.409683	-0.22860100000000005	2.4877	-0.028738599999999996	0.0147172	-0.017139500000000002	-0.0086375499	-0.0033985546	0.0246524676	0.0497617942	-0.023367415	0.0276277532	0.13549399999999984
-0.0502661174	-0.0214547298	0.0763725302	-0.0714764238	0.0106009733	0.0585770125	-0.0818782943	-0.409136	-0.198909	2.47832	-0.0296377	0.0146911	-0.016457	-0.0190699083	-0.0068783525	-0.0138105074	0.0198276466	-0.0326725342	0.0383808416	0.12000399999999968
-0.0509662528	-0.0197389949	0.0753194814	-0.07318734519999999	0.0149763093	0.0547101387	-0.08247561839999999	-0.40480700000000003	-0.23387199999999997	2.5091099999999997	-0.0305307	0.014751400000000001	-0.016457	-0.0100274846	0.0154876169	0.0020068704	0.0142278416	0.0118845876	0.0179273384	0.11774700000000014
-0.0516605288	-0.018014183200000002	0.0741885076	-0.0747636639	0.019308612	0.0506169125	-0.0826085531	-0.387559	-0.256751	2.46448	-0.028887400000000008	0.0150345	-0.016457	0.0024890802	0.0155082055	-0.0090911779	0.0261036048	0.029718314300000007	-0.0073809306	0.18107700000000013
-0.0523488658	-0.0162810877	0.0729807789	-0.0762024808	0.0235854328	0.0463142688	-0.08227635	-0.403215	-0.126781	2.56323	-0.0283348	0.014507399999999997	-0.017162900000000002	-0.0080998789	0.015415168	-0.0093971731	0.0053334655000000005	0.0371608838	-0.0426851099	0.33365599999999984
-0.0530311845	-0.0145405056	0.0716975448	-0.0775011496	0.0277944824	0.0418200091	-0.0814808795	-0.365559	-0.284661	2.55765	-0.0445783	0.0150999	-0.016384099999999995	0.0105674405	-0.0098090866	0.0446902153	-0.1014136193	0.0047439615	0.0145613631	1.0818559999999997
-0.0537074066	-0.0127932372	0.0703401329	-0.0786572819	0.0319236667	0.0371527273	-0.08022662059999999	-0.36654000000000003	-0.07386919999999997	2.55079	-0.0480729	0.0151547	-0.015322899999999999	-0.0212488114	0.0064861333	0.0110594985	-0.0988072455	-0.0398527331	0.0584486054	0.4491628
-0.0543774543	-0.0110400859	0.0689099476	-0.0796687514	0.0359611205	0.0323317335	-0.0785206355	-0.382793	-0.00212158	2.58569	-0.0472413	0.014955200000000004	-0.0152	-0.0318749686	-0.0026230756	0.0057800163	-0.1021281615	-0.0431739536	0.1115938797	0.18060062
-0.0550412506	-0.0092818579	0.06740846860000001	-0.0805336979	0.0398952426	0.0273769736	-0.0763725302	-0.36740700000000004	-0.0349024	2.58069	-0.0469808	0.0149327	-0.014761199999999999	-0.0298568069	-0.0024873585	-0.006506403000000001	-0.1145801735	-0.0077136366	0.0534582438	0.08925681999999974
-0.0556987191	-0.0075193617	0.0658372492	-0.0812505306	0.0437147285	0.022308946800000003	-0.0737943996	-0.380629	-0.0600168	2.58091	-0.0467417	0.014643000000000003	-0.014870600000000001	-0.0113583082	-0.012046073700000002	0.01605554	-0.13436971779999998	0.022831662000000003	-0.039176828	0.07046639999999996
-0.05634978440000001	-0.005753407800000001	0.064197915	-0.0818179311	0.0474086033	0.017148621200000002	-0.0708007604	-0.388884	-0.0953429	2.59202	-0.046765499999999995	0.014450399999999999	-0.0151445	0.0014411489	-0.0075021877	0.0257594068	-0.1243100304	0.028019307	-0.042971169	0.07920610000000061
-0.056994371399999987	-0.0039848083	0.0624921622	-0.0822348559	0.0509662528	0.0119173466	-0.06740846860000001	-0.36888899999999997	-0.192625	2.54282	-0.0459967	0.0156835	-0.015386799999999999	-0.004439471	-0.0142553684	0.0301958829	-0.0919590751	0.0046601445	0.0155283954	0.27868710000000035
-0.05763240610000001	-0.0022143764	0.0607217553	-0.0825005382	0.0543774543	0.0066367663	-0.0636366248	-0.372053	-0.158023	2.5895099999999998	-0.047337199999999996	0.0154835	-0.0152651	-0.0357843681	-0.0095834738	0.0232597268	-0.0744243627	-0.04979711690000002	0.0598227662	0.16756600000000038
-0.0582638153	-0.0004429262	0.0588885262	-0.0826144894	0.05763240610000001	0.0013287276999999998	-0.0595064671	-0.367248	-0.200762	2.56881	-0.046810199999999996	0.015297700000000001	-0.0149561	-0.0206682994	-0.0156690391	0.0169408075	-0.0797886687	-0.0464011212	0.1020353833	0.11933400000000025
-0.0588885262	0.0013287276999999998	0.056994371399999987	-0.08257649980000001	0.0607217553	-0.0039848083	-0.0550412506	-0.36502399999999996	-0.228542	2.5598	-0.04668819999999999	0.015227200000000001	-0.0154137	-0.0260570904	-0.0091438234	0.0238394789	-0.0909114571	-0.0187675556	0.0907687134	0.0715190000000002
-0.0595064671	0.0030997705	0.0550412506	-0.0823866395	0.0636366248	-0.0092818579	-0.0502661174	-0.360867	-0.204177	2.57268	-0.046571100000000004	0.015396100000000001	-0.0155994	-0.0172685603	2.79519e-05	0.0226031652	-0.10065811	0.0276097014	0.07551161599999999	0.06498700000000003
-0.0601175669	0.004869388	0.0530311845	-0.0820452574	0.06636863900000001	-0.0145405056	-0.0452079546	-0.34181	-0.14791399999999996	2.5108900000000003	-0.0457336	0.016131299999999998	-0.015476599999999997	-0.0134625235	0.0322622159	0.0185955578	-0.09738604	0.0291071406	-0.004715035	0.22188500000000014
-0.0607217553	0.0066367663	0.0509662528	-0.0815529816	0.0689099476	-0.0197389949	-0.0398952426	-0.318056	-0.186683	1.7795	-0.0506684	0.015374299999999999	-0.014321	0.0467502888	-0.0208509244	0.0448923165	0.0288050787	0.0577762783	-0.0305811668	1.1362829999999997
-0.061318963	0.0084010927	0.048848591600000005	-0.0809107173	0.0712532484	-0.024855818	-0.0343578954	-0.330327	0.0191266	2.00426	-0.049562300000000004	0.014172400000000003	-0.0160117	0.0144947143	-0.0295572974	0.0013530362	-0.0296466997	0.0308015887	-0.0471977901	0.6427756000000001
-0.0619091212	0.010161556	0.0466803921	-0.0801196458	0.073391808	-0.0298698051	-0.0286270917	-0.33868000000000004	0.10856800000000001	2.20791	-0.048547900000000005	0.0152031	-0.016739299999999995	0.0057617462	-0.0120206702	-0.0138354794	-0.0474071789	0.0128459632	-0.0525206323	0.4400794
-0.0624921622	0.0119173466	0.0444638974	-0.0791812221	0.0753194814	-0.0347602118	-0.0227350996	-0.335694	0.0186532	2.2249	-0.0489216	0.016110699999999995	-0.016996599999999997	0.0064071419	-0.006915160500000001	0.0299269241	-0.0525999492	0.040668546	-0.0313412694	0.18682080000000004
-0.0630680188	0.013667657	0.0422014006	-0.0780971719	0.0770307297	-0.039506804900000005	-0.0167150947	-0.313244	0.0199724	2.19965	-0.0474503	0.016377000000000003	-0.0165647	-0.0184391509	0.0063664053	0.0058459755	-0.0097050453	-0.0638578677	0.0384289895	0.1574941999999998
-0.0636366248	0.0154116826	0.0398952426	-0.076869489	0.0785206355	-0.044089946500000005	-0.0106009733	-0.322115	0.295663	2.2682599999999997	-0.0419395	0.0126861	-0.016862799999999997	-0.0032743185	-0.0168441085	-0.017572495	-0.0178279823	3.31402e-05	0.059873996	0.8281616
-0.064197915	0.017148621200000002	0.0375478092	-0.0755004314	0.079784918	-0.0484906747	-0.0044271617	-0.300194	0.00788781	2.0472	-0.0440517	0.013655500000000001	-0.015878	-0.0039108247	-0.0002696269	0.0094421227	0.0265652834	0.0121522922	0.0581347193	0.73407619
-0.06475182480000001	0.0188776742	0.0351615291	-0.07399251700000001	0.0808199441	-0.0526907823	0.0017715775	-0.291773	-0.172984	1.8506200000000002	-0.0410601	0.0148936	-0.015493799999999999	-0.0121855765	-0.0022166889	-0.0341658641	0.08774281449999999	-0.0457387204	-0.0315805325	0.6165678099999999
-0.0652982905	0.0205980464	0.0327388711	-0.07234851889999999	0.08162273980000001	-0.05667289230000001	0.0079603416	-0.38005300000000003	0.200728	2.42164	-0.0442513	0.0147421	-0.015067500000000001	-0.0274042588	0.014870741399999996	0.0446785899	-0.0891704422	0.0739264627	-0.0071200752	1.221462
-0.0658372492	0.022308946800000003	0.0302823417	-0.0705714608	0.0821909983	-0.06042052940000001	0.014104284	-0.40431100000000003	0.0601739	2.49854	-0.0446556	0.0147857	-0.0155208	-0.0001214692	0.0161289712	0.0045039181	-0.0469993366	-0.0511837117	0.0274703773	0.2867721
-0.06636863900000001	0.0240095886	0.0277944824	-0.068664611	0.0825230869	-0.0639181885	0.0201688105	-0.34834299999999996	-0.266992	2.16736	-0.0422794	0.0157303	-0.015470699999999999	-0.0124429425	-0.0288078392	-0.0296101515	0.0341014142	-0.008385001999999999	0.0991669742	0.8828589
-0.0668923989	0.0256991899	0.0252778672	-0.06663147650000001	0.0826180512	-0.0671513987	0.0261197739	-0.349052	-0.124984	2.0160299999999998	-0.038966100000000004	0.016860199999999995	-0.0160269	0.0090410329	0.0198789209	-0.016918676599999998	0.0615166184	0.022220551	-0.0556105392	0.544017
-0.06740846860000001	0.0273769736	0.0227350996	-0.0644757965	0.08247561839999999	-0.0701067834	0.0319236667	-0.394019	0.271311	2.5495400000000004	-0.0431498	0.015718799999999998	-0.015403700000000001	-0.0008674844999999999	0.032524037400000004	0.038991098	-0.08403024560000001	0.0541962138	-0.0196277227	1.2721870000000002
-0.0679167887	0.0290421682	0.0201688105	-0.0622015356	0.0820961977	-0.07277211509999999	0.0375478092	-0.39224899999999996	0.057351099999999995	2.66012	-0.0428425	0.016284299999999998	-0.0151763	0.0026358608	0.0373245946	0.0109214648	-0.0830408847	0.014898853	0.0353879498	0.38131990000000027
-0.0684173009	0.030694008	0.0175816548	-0.0598128765	0.0814808795	-0.0751363666	0.042960534	-0.353128	-0.129726	2.26622	-0.0369564	0.016568099999999995	-0.0154238	0.0194111842	-0.0036686531	-0.0418305767	0.0608639091	-0.0225261177	-0.0561602162	0.9409680999999998
-0.0689099476	0.0323317335	0.0149763093	-0.0573142124	0.0806314317	-0.0771897563	0.0481313641	-0.376269	0.08215360000000001	2.14942	-0.030527299999999997	0.0169657	-0.0167771	0.0332126355	-0.0003294211	-0.037754641	0.113098016	-0.0384031141	-0.0243189134	0.7608206
-0.0693946722	0.0339545915	0.0123554694	-0.0547101387	0.0795502952	-0.0789237887	0.0530311845	-0.38459499999999996	0.0399728	2.3046	-0.030283299999999996	0.015773599999999995	-0.0173793	0.0193212817	-0.0021917997	-0.0186237082	0.06873738480000001	-0.0257190513	-0.0059969807	0.30760180000000026
-0.0698714189	0.035561835800000004	0.0097218466	-0.0520054446	0.0782405765	-0.0803312895	0.05763240610000001	-0.392777	0.194614	2.5143400000000002	-0.036011	0.0162818	-0.015228100000000001	0.002072716	0.0138719353	0.0293869909	-0.0304297747	0.0252437255	-0.0075277231	0.7919181999999997
-0.0703401329	0.0371527273	0.0070781657	-0.0492051046	0.0767060391	-0.0814064355	0.0619091212	-0.35892399999999997	-0.24559899999999998	2.29197	-0.031631900000000004	0.0169774	-0.0155055	0.0223989763	-0.0044849688	-0.0252896401	0.0681838778	0.0139812164	-0.0324359003	0.964041
-0.0708007604	0.0387265345	0.0044271617	-0.0463142688	0.0749510924	-0.0821447785	0.0658372492	-0.359256	-0.155048	2.16013	-0.031151400000000006	0.017761700000000002	-0.015698	0.0174505267	0.0040880204	-0.0269182849	0.1227114801	-0.0353876142	-0.0193566095	0.2955879999999997
-0.0712532484	0.0402825336	0.0017715775	-0.04333825400000002	0.0729807789	-0.0825432638	0.0693946722	-0.35906	0.048738699999999996	2.36896	-0.032155	0.0175577	-0.015235299999999997	0.0112855071	0.003673903	-0.0224261008	0.0361033698	-0.0118199033	0.024760882	0.4963277
-0.0716975448	0.0418200091	-0.0008858397	-0.0402825336	0.0708007604	-0.0826002426	0.0725613598	-0.367302	0.0526549	2.5672900000000003	-0.0345039	0.0170263	-0.014529499999999999	-0.0031845953	0.0008912405999999998	0.0105764603	-0.0033498398	0.0104931437	0.0417573882	0.3897931999999994
-0.0721335987	0.04333825400000002	-0.0035423403000000007	-0.0371527273	0.0684173009	-0.0823154793	0.0753194814	-0.342385	-0.19358699999999998	2.30156	-0.0286846	0.0181303	-0.0149149	0.0190463572	-0.002187889	-0.0675610379	0.0948047995	-0.0116920213	-0.0152626916	0.9023238999999998
-0.0725613598	0.0448365703	-0.0061951761	-0.0339545915	0.0658372492	-0.0816901521	0.0776535072	-0.396079	-0.060560199999999995	2.4636	-0.0271932	0.0178887	-0.015942500000000002	0.015297706	0.0027564268	-0.001533109	0.0493386385	0.0201135339	-0.0913321833	0.4867908000000001
-0.0729807789	0.0463142688	-0.0088416023	-0.030694008	0.0630680188	-0.080726848	0.0795502952	-0.40338	0.189826	2.6833400000000003	-0.0336411	0.0171956	-0.0158234	0.0077442988	0.0149881761	0.0028305099	-0.0528169315	0.041304804	-0.0303293432	0.8404321999999997
-0.073391808	0.0477706702	-0.0114788812	-0.0273769736	0.0601175669	-0.0794295525	0.08099916509999999	-0.374864	-0.0897198	2.47543	-0.029558099999999997	0.0177935	-0.0152437	0.0186010536	0.0022386692	0.0205585329	0.012886198	0.0224040663	-0.0332105887	0.7790018000000003
-0.0737943996	0.0492051046	-0.014104284	-0.0240095886	0.056994371399999987	-0.077803633	0.081991959	-0.370288	-0.143835	2.36095	-0.028433	0.0179477	-0.0161488	-0.0011933074	-0.0104906627	-0.016683171	0.114783029	-0.08480359300000001	0.0155337834	0.28239119999999995
-0.0741885076	0.0506169125	-0.0167150947	-0.0205980464	0.0537074066	-0.0758558164	0.0825230869	-0.387857	-0.0700064	2.4058599999999997	-0.0292942	0.017931400000000004	-0.0167702	-0.0020113937	0.0017063335000000002	-0.0033934079	0.0444571227	-0.027781138700000003	0.045960601100000005	0.21125260000000007
-0.0745740866	0.0520054446	-0.019308612	-0.017148621200000002	0.0502661174	-0.0735941614	0.0825895581	-0.388179	-0.034231199999999996	2.48358	-0.031154200000000007	0.0180236	-0.016364300000000002	-0.020470555	0.008642419	0.007802864	-0.0101349531	-0.0148622693	0.0037360203	0.2317221999999999
-0.0749510924	0.0533700625	-0.0218821528	-0.013667657	0.0466803921	-0.0710280251	0.0821909983	-0.375554	-0.190047	2.45091	-0.029105000000000002	0.0183888	-0.0163993	-0.007208842900000002	0.0174935642	0.0128218698	0.0464377492	-0.0131788201	0.0400510455	0.3235808000000001
-0.0753194814	0.0547101387	-0.0244330544	-0.010161556	0.042960534	-0.06816802450000001	0.0813296518	-0.368973	-0.129405	2.50976	-0.0290731	0.0180248	-0.015892	-0.0105800442	0.0163059251	-0.0019457663	0.0216443585	-0.0141070195	0.0663126148	0.1712329999999999
-0.07567921150000001	0.0560250569	-0.0269586778	-0.0066367663	0.0391172318	-0.0650259921	0.0800103684	-0.370234	-0.08996110000000003	2.57401	-0.0310724	0.0180557	-0.016252000000000003	0.0056778267	0.0204284674	-0.0247636318	-0.0360267337	0.06348858190000001	-0.0534359029	0.22446489999999986
-0.0760302412	0.0573142124	-0.0294564099	-0.0030997705	0.0351615291	-0.0616149276	0.0782405765	-0.370425	-0.130131	2.57068	-0.029940699999999997	0.0185704	-0.0160467	0.005168985300000001	0.026451212400000004	-0.0031898238	-0.0384352609	0.0720785001	-0.0503852912	0.13627589999999995
-0.0763725302	0.0585770125	-0.0319236667	0.0004429262	0.0311047922	-0.0579489435	0.0760302412	-0.386291	-0.060613	2.60327	-0.0306149	0.0184202	-0.0158208	0.011997343999999998	0.0048372014	-0.0016580115	-0.0300495084	0.0346536273	-0.07924831660000001	0.17048900000000036
-0.0767060391	0.0598128765	-0.0343578954	0.0039848083	0.0269586778	-0.0540432071	0.073391808	-0.376682	-0.139453	2.5664700000000003	-0.0296116	0.0186299	-0.0158007	0.0024758241	-0.0022072542	0.0039610422	0.0176329166	-0.0237886526	0.015508232	0.1869040000000004
-0.0770307297	0.0610212361	-0.0367565777	0.0075193617	0.0227350996	-0.0499138777	0.0703401329	-0.37954299999999996	-0.015236700000000002	2.5819900000000002	-0.031594	0.0187536	-0.0158007	-0.0036626051	0.0048913328	-0.0055254405	-0.0118885315	-0.0186300226	0.0450090195	0.2479022999999997
-0.0773465645	0.0622015356	-0.0391172318	0.0110400859	0.0184461937	-0.0455780395	0.0668923989	-0.354385	-0.08991799999999997	2.54204	-0.029734899999999998	0.0189197	-0.0154154	0.0075319953	0.0104940499	-0.0027411535	-0.016339618400000002	0.0535768843	-0.0021238857	0.2603142999999997
-0.0776535072	0.0633532322	-0.0414374156	0.0145405056	0.014104284	-0.0410536312	0.0630680188	-0.390823	0.012859799999999998	2.62418	-0.0311274	0.018655099999999997	-0.0157101	0.0058097488	0.0017685522	-0.0027613225	-0.0458482253	0.0406305678	-0.0753457776	0.31894579999999983
-0.0779515227	0.0644757965	-0.0437147285	0.018014183200000002	0.0097218466	-0.0363593716	0.0588885262	-0.376269	-0.134954	2.56387	-0.0295183	0.0195579	-0.015850799999999998	0.0081906704	-0.0066035547	0.0148676477	0.0270480043	-0.0330313566	0.0391246668	0.3553077999999997
-0.0782405765	0.0655687121	-0.0459468144	0.0214547298	0.0053114742	-0.0315146823	0.0543774543	-0.345248	-0.07032139999999999	2.3649299999999998	-0.0293148	0.0196655	-0.0156396	-0.0205692474	0.0099567896	-0.0211230332	0.0222355976	-0.0368343675	0.0353840689	0.3207086000000001
-0.0785206355	0.06663147650000001	-0.0481313641	0.024855818	0.0008858397	-0.0265396073	0.0495602034	-0.379765	0.110773	2.419	-0.0300564	0.017738900000000002	-0.0146233	-0.006105399	0.0014882898	-0.0101549129	0.0082403047	-0.0044246674	-0.0192750078	0.4539063999999999
-0.0787916676	0.06766360099999999	-0.0502661174	0.0282111925	-0.0035423403000000007	-0.0214547298	0.0444638974	-0.344511	-0.07689759999999997	2.34525	-0.0279112	0.018574700000000003	-0.0146233	0.021404249	0.0043569512	-0.0195892392	0.0270909141	0.0647384543	-0.044252413	0.4457246
-0.0790536414	0.068664611	-0.0523488658	0.0315146823	-0.0079603416	-0.0162810877	0.0391172318	-0.344612	-0.0869418	2.2915099999999997	-0.024150799999999997	0.0186574	-0.0155359	0.0252466108	-0.0247720301	0.004761473	0.069024795	-0.0276489102	-0.0805004534	0.30167019999999983
-0.079306527	0.06963404620000001	-0.0543774543	0.0347602118	-0.0123554694	-0.0110400859	0.0335503118	-0.352706	0.078421	2.35465	-0.027369799999999996	0.0184648	-0.015403100000000001	0.0022021467	-0.0411682003	-0.0050656063	0.0423514638	-0.0351474569	-0.0327111381	0.4138167999999999
-0.0795502952	0.0705714608	-0.05634978440000001	0.0379418119	-0.0167150947	-0.005753407800000001	0.0277944824	-0.356141	-0.12369500000000005	2.32829	-0.0269801	0.0194705	-0.0158453	0.0037150416	-0.018275899	0.0041839462	0.061802744000000014	-0.0310416559	0.0079491813	0.323791
-0.079784918	0.0714764238	-0.0582638153	0.0410536312	-0.0210266903	-0.0004429262	0.0218821528	-0.34553	-0.058423300000000004	2.33533	-0.0276014	0.0198182	-0.0150764	-0.0229190863	-0.0189843612	-0.0023932398	0.0368103281	-0.0565590326	0.0700974665	0.16981769999999993
-0.0800103684	0.07234851889999999	-0.0601175669	0.044089946500000005	-0.0252778672	0.004869388	0.0158466129	-0.353854	-0.050472300000000005	2.44456	-0.028479400000000005	0.0191542	-0.0150764	-0.0018157949	-0.0136440114	-0.0103552	-0.0198759023	0.0585972451	-0.0690145265	0.20260500000000006
-0.08022662059999999	0.07318734519999999	-0.0619091212	0.0470451738	-0.0294564099	0.010161556	0.0097218466	-0.354243	-0.122966	2.45787	-0.0288782	0.019105700000000003	-0.0155036	0.0176364401	0.0072369274	0.011805098899999998	0.0101141447	0.0028640728000000003	-0.0207942263	0.12991770000000016
-0.0804336496	0.07399251700000001	-0.0636366248	0.0499138777	-0.0335503118	0.0154116826	0.0035423403000000007	-0.338002	-0.06528400000000001	2.45187	-0.0281062	0.0200486	-0.0153264	-0.0097755392	0.0064449444	-0.0085664119	0.0120071908	-0.0183408606	0.0552513684	0.17452800000000002
-0.0806314317	0.0747636639	-0.0652982905	0.0526907823	-0.0375478092	0.0205980464	-0.0026571115999999995	-0.35831399999999997	-0.028636500000000002	2.49954	-0.0293087	0.0194217	-0.0153369	0.007921539200000001	-0.0007563304	-0.0042087153000000006	-0.0273874552	0.058086447	-0.0788191213	0.19662449999999998
-0.0808199441	0.0755004314	-0.0668923989	0.0553707806	-0.0414374156	0.0256991899	-0.0088416023	-0.354385	-0.10478499999999999	2.47877	-0.0286981	0.0197749	-0.015382299999999996	0.0132114321	0.0074694179000000015	0.0189885953	0.014840556699999997	-0.0042236369	-0.010966186299999998	0.1513075000000002
-0.08099916509999999	0.0762024808	-0.0684173009	0.0579489435	-0.0452079546	0.030694008	-0.0149763093	-0.348731	-0.00718677	2.48739	-0.0294361	0.019538999999999997	-0.0150101	-0.0121238203	-0.0083415202	-0.0038746541	0.0008093962	-0.0407934847	0.0619184325	0.17917723000000002
-0.0811690742	0.076869489	-0.0698714189	0.06042052940000001	-0.048848591600000005	0.035561835800000004	-0.0210266903	-0.339866	-0.06646139999999999	2.46917	-0.028167200000000007	0.019763299999999998	-0.0150186	-0.0004618655	-0.0020427863	-0.0072447785	-0.009408547	0.0295897885	-0.0023097469	0.16144462999999987
-0.0813296518	0.0775011496	-0.0712532484	0.0627809927	-0.0523488658	0.0402825336	-0.0269586778	-0.346623	-0.0264457	2.52598	-0.029477	0.0197185	-0.0150764	0.0027227366	0.0034695023	0.0226156435	-0.0316996208	0.0358317757	-0.0504778451	0.17420270000000007
-0.0814808795	0.0780971719	-0.0725613598	0.0650259921	-0.0556987191	0.0448365703	-0.0327388711	-0.354292	-0.0562755	2.52566	-0.0291531	0.0200651	-0.0155035	0.0010009645	-0.011661991000000002	0.0120824467	0.0147036659	-0.0500092859	0.0403220849	0.09269880000000016
-0.08162273980000001	0.0786572819	-0.0737943996	0.0671513987	-0.0588885262	0.0492051046	-0.0383347241	-0.338346	-0.07651960000000001	2.48598	-0.0298327	0.0206613	-0.0150764	-0.014432573	-0.0112590275	0.0069678001	-0.0092788235	-0.0271054025	0.0805527388	0.16101509999999974
-0.0817552165	0.0791812221	-0.0749510924	0.0691533037	-0.0619091212	0.0533700625	-0.0437147285	-0.346959	-0.017833	2.53799	-0.030880599999999998	0.020055700000000003	-0.0151451	-0.0011832767	-0.009915405	-0.0013517366	-0.0315584065	0.0401191078	-0.0197207658	0.20541960000000026
-0.0818782943	0.0796687514	-0.0760302412	0.0710280251	-0.06475182480000001	0.0573142124	-0.048848591600000005	-0.35514	-0.11601099999999999	2.54105	-0.0302309	0.019902	-0.0151371	0.007701843199999998	-0.0072243774	0.0193965505	-0.0593748599	0.055390958	-0.0607876393	0.1499889999999995
-0.081991959	0.0801196458	-0.0770307297	0.07277211509999999	-0.06740846860000001	0.0610212361	-0.0537074066	-0.31404499999999996	-0.156228	2.38501	-0.029285400000000007	0.0194797	-0.0152031	-0.00533862	-0.0116061101	-0.0017973862	0.053390392800000006	-0.0673567633	0.0287503147	0.30904200000000004
-0.0820961977	0.0805336979	-0.0779515227	0.0743823661	-0.0698714189	0.0644757965	-0.0582638153	-0.324631	0.0828772	2.3702400000000003	-0.027303300000000003	0.018831	-0.015486000000000003	-0.0198185737	-0.0063774789000000005	-0.0075427379000000015	0.0145148891	-0.0756791123	0.0112111793	0.4101461999999999
-0.0821909983	0.0809107173	-0.0787916676	0.0758558164	-0.0721335987	0.06766360099999999	-0.0624921622	-0.33073	0.190498	2.41082	-0.0307616	0.0187352	-0.0158914	0.001425858	-0.0079717807	0.0337097427	-0.0030937888	0.027731506800000003	0.0368667134	0.3522748000000004
-0.08227635	0.0812505306	-0.0795502952	0.0771897563	-0.0741885076	0.0705714608	-0.06636863900000001	-0.332611	-0.22769699999999998	2.41454	-0.0298591	0.0201564	-0.0161975	0.0040756936	-0.0216198852	-0.0144860279	0.0030303619	-0.0012670829	-0.0535375767	0.555286
-0.0823522428	0.0815529816	-0.08022662059999999	0.0783817324	-0.0760302412	0.07318734519999999	-0.0698714189	-0.36089899999999997	-0.0414285	2.36777	-0.030203300000000002	0.0205237	-0.0164099	0.0031876976	-0.0131238918	0.044167140999999986	-0.0179401102	0.0132749077	-0.06328853549999999	0.30752149999999984
-0.0824186682	0.0818179311	-0.0808199441	0.0794295525	-0.0776535072	0.0755004314	-0.0729807789	-0.370219	-0.0241305	2.45472	-0.032869999999999996	0.0198359	-0.016766999999999997	-0.0252384932	-0.0149963659	0.0045175349	-0.0029790622	-0.0695269295	0.0457419866	0.299148
-0.08247561839999999	0.0820452574	-0.0813296518	0.0803312895	-0.0790536414	0.0775011496	-0.07567921150000001	-0.361886	-0.137726	2.3789	-0.032319099999999996	0.0205663	-0.0167108	-0.0179669544	-0.0103358053	0.015617486000000003	-0.0160690641	-0.0268219806	0.0817642741	0.2646235000000001
-0.0825230869	0.0822348559	-0.0817552165	0.0810852849	-0.08022662059999999	0.0791812221	-0.0779515227	-0.365027	-0.11193	2.4154400000000003	-0.0316027	0.0206145	-0.016595099999999998	0.005748315899999999	0.0190081968	0.0200298117	-0.0425944521	0.069516947	-0.044481793099999986	0.10949200000000037
-0.0825610682	0.0823866395	-0.0820961977	0.0816901521	-0.0811690742	0.0805336979	-0.079784918	-0.37314899999999995	-0.0860462	2.4897299999999998	-0.0325263	0.0203981	-0.0164375	0.0010632714	-0.014961245	0.0313503058	-0.010511743999999998	-0.0063365277000000005	0.007607594	0.17317580000000074
-0.0825895581	0.0825005382	-0.0823522428	0.0821447785	-0.0818782943	0.0815529816	-0.0811690742	-0.358247	-0.10760399999999999	2.40863	-0.031017799999999998	0.0208541	-0.0164375	-0.0142810705	0.0106665372	-0.0203772121	-0.0254243638	-0.0332527823	0.0595550297	0.21578480000000025
-0.0826085531	0.08257649980000001	-0.0825230869	0.0824483281	-0.0823522428	0.0822348559	-0.0820961977	-0.35792399999999996	-0.0858266	2.42021	-0.0328349	0.0200236	-0.0169394	0.0045311285	-0.0233391273	0.0274263237	-0.0391427105	0.069717424	-0.0777881363	0.19115539999999984
-0.0826180512	0.0826144894	-0.0826085531	0.0826002426	-0.0825895581	0.08257649980000001	-0.0825610682	-0.280305	-0.0922588	2.07012	-0.059833199999999996	0.00961413	-0.0127248	0.0019455242	0.1229554843	-0.1082853887	-0.0733884131	0.0065559072	0.1200490928	2.5152597
