0.2 2.340047e+03 2.500342e+03 3.037575e+03 2.877280e+03
1.2 2.342461e+03 2.440331e+03 3.035322e+03 2.937453e+03
2.2 2.421708e+03 2.425792e+03 3.012634e+03 3.008550e+03
3.2 2.360244e+03 2.383044e+03 2.976216e+03 2.953416e+03
4.2 2.054591e+03 2.266652e+03 2.969122e+03 2.757061e+03
5.2 2.468975e+03 2.333093e+03 2.990229e+03 3.126110e+03
6.2 2.225504e+03 2.281846e+03 3.014340e+03 2.957998e+03
7.2 2.406289e+03 2.388615e+03 3.028636e+03 3.046310e+03
8.2 2.266857e+03 2.374669e+03 3.015574e+03 2.907762e+03
9.2 2.425618e+03 2.333138e+03 2.982745e+03 3.075225e+03
10.2 2.154918e+03 2.377690e+03 2.975275e+03 2.752503e+03
11.2 2.321890e+03 2.430358e+03 2.994998e+03 2.886530e+03
12.2 2.455681e+03 2.416599e+03 3.017711e+03 3.056793e+03
13.2 2.333500e+03 2.457246e+03 3.031023e+03 2.907277e+03
14.2 2.105320e+03 2.400568e+03 3.017840e+03 2.722592e+03
15.2 2.328064e+03 2.349115e+03 2.982749e+03 2.961698e+03
16.2 2.209399e+03 2.303118e+03 2.970838e+03 2.877119e+03
17.2 2.147598e+03 2.241375e+03 2.989687e+03 2.895910e+03
18.2 2.252906e+03 2.307230e+03 3.014133e+03 2.959810e+03
19.2 2.367978e+03 2.290020e+03 3.030158e+03 3.108115e+03
20.2 2.627291e+03 2.323533e+03 3.022073e+03 3.325831e+03
21.2 2.520190e+03 2.340750e+03 2.988835e+03 3.168275e+03
0.1 2.225504e+03 2.281846e+03 3.014340e+03 2.957998e+03
1.1 2.406289e+03 2.388615e+03 3.028636e+03 3.046310e+03
2.1 2.266857e+03 2.374669e+03 3.015574e+03 2.907762e+03
3.1 2.425618e+03 2.333138e+03 2.982745e+03 3.075225e+03
4.1 2.154918e+03 2.377690e+03 2.975275e+03 2.752503e+03
5.1 2.321890e+03 2.430358e+03 2.994998e+03 2.886530e+03
6.1 2.455681e+03 2.416599e+03 3.017711e+03 3.056793e+03
7.1 2.333500e+03 2.457246e+03 3.031023e+03 2.907277e+03
8.1 2.105320e+03 2.400568e+03 3.017840e+03 2.722592e+03
9.1 2.328064e+03 2.349115e+03 2.982749e+03 2.961698e+03
10.1 2.209399e+03 2.303118e+03 2.970838e+03 2.877119e+03
11.1 2.147598e+03 2.241375e+03 2.989687e+03 2.895910e+03
12.1 2.252906e+03 2.307230e+03 3.014133e+03 2.959810e+03
13.1 2.367978e+03 2.290020e+03 3.030158e+03 3.108115e+03
14.1 2.627291e+03 2.323533e+03 3.022073e+03 3.325831e+03
15.1 2.520190e+03 2.340750e+03 2.988835e+03 3.168275e+03
16.1 2.184535e+03 2.236954e+03 2.974743e+03 2.922324e+03
17.1 2.429443e+03 2.226526e+03 2.987181e+03 3.190098e+03
18.1 2.285292e+03 2.271494e+03 2.983155e+03 2.996953e+03
19.1 2.356033e+03 2.211505e+03 2.965529e+03 3.110058e+03
20.1 2.408575e+03 2.228644e+03 2.973583e+03 3.153513e+03
21.1 2.231836e+03 2.203539e+03 2.989830e+03 3.018128e+03
0.1 2.455681e+03 2.416599e+03 3.017711e+03 3.056793e+03
1.1 2.333500e+03 2.457246e+03 3.031023e+03 2.907277e+03
2.1 2.105320e+03 2.400568e+03 3.017840e+03 2.722592e+03
3.1 2.328064e+03 2.349115e+03 2.982749e+03 2.961698e+03
4.1 2.209399e+03 2.303118e+03 2.970838e+03 2.877119e+03
5.1 2.147598e+03 2.241375e+03 2.989687e+03 2.895910e+03
6.1 2.252906e+03 2.307230e+03 3.014133e+03 2.959810e+03
7.1 2.367978e+03 2.290020e+03 3.030158e+03 3.108115e+03
8.1 2.627291e+03 2.323533e+03 3.022073e+03 3.325831e+03
9.1 2.520190e+03 2.340750e+03 2.988835e+03 3.168275e+03
10.1 2.184535e+03 2.236954e+03 2.974743e+03 2.922324e+03
11.1 2.429443e+03 2.226526e+03 2.987181e+03 3.190098e+03
12.1 2.285292e+03 2.271494e+03 2.983155e+03 2.996953e+03
13.1 2.356033e+03 2.211505e+03 2.965529e+03 3.110058e+03
14.1 2.408575e+03 2.228644e+03 2.973583e+03 3.153513e+03
15.1 2.231836e+03 2.203539e+03 2.989830e+03 3.018128e+03
16.1 2.286880e+03 2.212872e+03 2.978679e+03 3.052687e+03
17.1 2.205359e+03 2.283673e+03 2.968488e+03 2.890174e+03
18.1 2.230568e+03 2.286460e+03 2.984311e+03 2.928419e+03
19.1 2.407407e+03 2.336014e+03 2.989984e+03 3.061377e+03
20.1 2.377338e+03 2.319425e+03 2.972514e+03 3.030427e+03
21.1 2.407386e+03 2.298239e+03 2.973287e+03 3.082434e+03
1.0 2.367978e+03 2.290020e+03 3.030158e+03 3.108115e+03
2.0 2.627291e+03 2.323533e+03 3.022073e+03 3.325831e+03
3.0 2.520190e+03 2.340750e+03 2.988835e+03 3.168275e+03
4.0 2.184535e+03 2.236954e+03 2.974743e+03 2.922324e+03
5.0 2.429443e+03 2.226526e+03 2.987181e+03 3.190098e+03
6.0 2.285292e+03 2.271494e+03 2.983155e+03 2.996953e+03
7.0 2.356033e+03 2.211505e+03 2.965529e+03 3.110058e+03
8.0 2.408575e+03 2.228644e+03 2.973583e+03 3.153513e+03
9.0 2.231836e+03 2.203539e+03 2.989830e+03 3.018128e+03
10.0 2.286880e+03 2.212872e+03 2.978679e+03 3.052687e+03
11.0 2.205359e+03 2.283673e+03 2.968488e+03 2.890174e+03
12.0 2.230568e+03 2.286460e+03 2.984311e+03 2.928419e+03
13.0 2.407407e+03 2.336014e+03 2.989984e+03 3.061377e+03
14.0 2.377338e+03 2.319425e+03 2.972514e+03 3.030427e+03
15.0 2.407386e+03 2.298239e+03 2.973287e+03 3.082434e+03
16.0 2.465630e+03 2.361528e+03 2.997357e+03 3.101459e+03
17.0 2.322728e+03 2.329787e+03 3.018976e+03 3.011917e+03
18.0 2.414570e+03 2.300790e+03 3.009297e+03 3.123077e+03
19.0 2.311451e+03 2.289050e+03 2.981013e+03 3.003415e+03
20.0 2.231105e+03 2.197231e+03 2.979312e+03 3.013185e+03
21.0 2.272651e+03 2.199459e+03 3.000955e+03 3.074147e+03
22.0 2.363064e+03 2.260197e+03 3.017408e+03 3.120275e+03
0.4 2.184535e+03 2.236954e+03 2.974743e+03 2.922324e+03
1.4 2.429443e+03 2.226526e+03 2.987181e+03 3.190098e+03
2.4 2.285292e+03 2.271494e+03 2.983155e+03 2.996953e+03
3.4 2.356033e+03 2.211505e+03 2.965529e+03 3.110058e+03
4.4 2.408575e+03 2.228644e+03 2.973583e+03 3.153513e+03
5.4 2.231836e+03 2.203539e+03 2.989830e+03 3.018128e+03
6.4 2.286880e+03 2.212872e+03 2.978679e+03 3.052687e+03
7.3 2.205359e+03 2.283673e+03 2.968488e+03 2.890174e+03
8.3 2.230568e+03 2.286460e+03 2.984311e+03 2.928419e+03
9.3 2.407407e+03 2.336014e+03 2.989984e+03 3.061377e+03
10.3 2.377338e+03 2.319425e+03 2.972514e+03 3.030427e+03
11.3 2.407386e+03 2.298239e+03 2.973287e+03 3.082434e+03
12.3 2.465630e+03 2.361528e+03 2.997357e+03 3.101459e+03
13.3 2.322728e+03 2.329787e+03 3.018976e+03 3.011917e+03
14.3 2.414570e+03 2.300790e+03 3.009297e+03 3.123077e+03
15.3 2.311451e+03 2.289050e+03 2.981013e+03 3.003415e+03
16.3 2.231105e+03 2.197231e+03 2.979312e+03 3.013185e+03
17.3 2.272651e+03 2.199459e+03 3.000955e+03 3.074147e+03
18.3 2.363064e+03 2.260197e+03 3.017408e+03 3.120275e+03
19.3 2.278520e+03 2.235943e+03 3.001526e+03 3.044103e+03
20.3 2.496091e+03 2.241551e+03 2.975823e+03 3.230363e+03
21.3 2.426810e+03 2.317012e+03 2.980109e+03 3.089908e+03
0.7 2.408575e+03 2.228644e+03 2.973583e+03 3.153513e+03
1.7 2.231836e+03 2.203539e+03 2.989830e+03 3.018128e+03
2.7 2.286880e+03 2.212872e+03 2.978679e+03 3.052687e+03
3.7 2.205359e+03 2.283673e+03 2.968488e+03 2.890174e+03
4.7 2.230568e+03 2.286460e+03 2.984311e+03 2.928419e+03
5.7 2.407407e+03 2.336014e+03 2.989984e+03 3.061377e+03
6.7 2.377338e+03 2.319425e+03 2.972514e+03 3.030427e+03
7.7 2.407386e+03 2.298239e+03 2.973287e+03 3.082434e+03
8.7 2.465630e+03 2.361528e+03 2.997357e+03 3.101459e+03
9.7 2.322728e+03 2.329787e+03 3.018976e+03 3.011917e+03
10.7 2.414570e+03 2.300790e+03 3.009297e+03 3.123077e+03
11.7 2.311451e+03 2.289050e+03 2.981013e+03 3.003415e+03
12.7 2.231105e+03 2.197231e+03 2.979312e+03 3.013185e+03
13.7 2.272651e+03 2.199459e+03 3.000955e+03 3.074147e+03
14.7 2.363064e+03 2.260197e+03 3.017408e+03 3.120275e+03
15.7 2.278520e+03 2.235943e+03 3.001526e+03 3.044103e+03
16.7 2.496091e+03 2.241551e+03 2.975823e+03 3.230363e+03
17.7 2.426810e+03 2.317012e+03 2.980109e+03 3.089908e+03
18.7 2.391342e+03 2.349517e+03 2.990964e+03 3.032788e+03
19.7 2.123320e+03 2.296212e+03 2.975899e+03 2.803006e+03
20.7 2.399604e+03 2.361166e+03 2.967156e+03 3.005593e+03
21.7 2.334006e+03 2.347156e+03 2.986650e+03 2.973500e+03
0.1 2.205359e+03 2.283673e+03 2.968488e+03 2.890174e+03
1.1 2.230568e+03 2.286460e+03 2.984311e+03 2.928419e+03
2.1 2.407407e+03 2.336014e+03 2.989984e+03 3.061377e+03
3.1 2.377338e+03 2.319425e+03 2.972514e+03 3.030427e+03
4.1 2.407386e+03 2.298239e+03 2.973287e+03 3.082434e+03
5.1 2.465630e+03 2.361528e+03 2.997357e+03 3.101459e+03
6.1 2.322728e+03 2.329787e+03 3.018976e+03 3.011917e+03
7.1 2.414570e+03 2.300790e+03 3.009297e+03 3.123077e+03
8.1 2.311451e+03 2.289050e+03 2.981013e+03 3.003415e+03
9.1 2.231105e+03 2.197231e+03 2.979312e+03 3.013185e+03
10.1 2.272651e+03 2.199459e+03 3.000955e+03 3.074147e+03
11.1 2.363064e+03 2.260197e+03 3.017408e+03 3.120275e+03
12.1 2.278520e+03 2.235943e+03 3.001526e+03 3.044103e+03
13.1 2.496091e+03 2.241551e+03 2.975823e+03 3.230363e+03
14.1 2.426810e+03 2.317012e+03 2.980109e+03 3.089908e+03
15.1 2.391342e+03 2.349517e+03 2.990964e+03 3.032788e+03
16.1 2.123320e+03 2.296212e+03 2.975899e+03 2.803006e+03
17.1 2.399604e+03 2.361166e+03 2.967156e+03 3.005593e+03
18.1 2.334006e+03 2.347156e+03 2.986650e+03 2.973500e+03
19.1 2.179230e+03 2.382600e+03 3.012718e+03 2.809348e+03
20.1 2.492328e+03 2.385096e+03 3.014475e+03 3.121707e+03
21.1 2.403953e+03 2.330895e+03 2.987079e+03 3.060137e+03
0.3 2.465630e+03 2.361528e+03 2.997357e+03 3.101459e+03
1.3 2.322728e+03 2.329787e+03 3.018976e+03 3.011917e+03
2.3 2.414570e+03 2.300790e+03 3.009297e+03 3.123077e+03
3.3 2.311451e+03 2.289050e+03 2.981013e+03 3.003415e+03
4.3 2.231105e+03 2.197231e+03 2.979312e+03 3.013185e+03
5.3 2.272651e+03 2.199459e+03 3.000955e+03 3.074147e+03
6.3 2.363064e+03 2.260197e+03 3.017408e+03 3.120275e+03
7.3 2.278520e+03 2.235943e+03 3.001526e+03 3.044103e+03
8.3 2.496091e+03 2.241551e+03 2.975823e+03 3.230363e+03
9.3 2.426810e+03 2.317012e+03 2.980109e+03 3.089908e+03
10.3 2.391342e+03 2.349517e+03 2.990964e+03 3.032788e+03
11.3 2.123320e+03 2.296212e+03 2.975899e+03 2.803006e+03
12.3 2.399604e+03 2.361166e+03 2.967156e+03 3.005593e+03
13.3 2.334006e+03 2.347156e+03 2.986650e+03 2.973500e+03
14.3 2.179230e+03 2.382600e+03 3.012718e+03 2.809348e+03
15.3 2.492328e+03 2.385096e+03 3.014475e+03 3.121707e+03
16.3 2.403953e+03 2.330895e+03 2.987079e+03 3.060137e+03
17.3 2.412474e+03 2.271306e+03 2.975975e+03 3.117143e+03
18.3 2.377503e+03 2.290748e+03 2.993826e+03 3.080582e+03
19.3 2.184919e+03 2.287069e+03 3.017273e+03 2.915123e+03
20.3 2.276762e+03 2.346379e+03 3.032566e+03 2.962950e+03
21.3 2.408376e+03 2.407633e+03 3.025105e+03 3.025849e+03
0.4 2.272651e+03 2.199459e+03 3.000955e+03 3.074147e+03
1.4 2.363064e+03 2.260197e+03 3.017408e+03 3.120275e+03
2.4 2.278520e+03 2.235943e+03 3.001526e+03 3.044103e+03
3.4 2.496091e+03 2.241551e+03 2.975823e+03 3.230363e+03
4.4 2.426810e+03 2.317012e+03 2.980109e+03 3.089908e+03
5.4 2.391342e+03 2.349517e+03 2.990964e+03 3.032788e+03
6.4 2.123320e+03 2.296212e+03 2.975899e+03 2.803006e+03
7.4 2.399604e+03 2.361166e+03 2.967156e+03 3.005593e+03
8.4 2.334006e+03 2.347156e+03 2.986650e+03 2.973500e+03
9.4 2.179230e+03 2.382600e+03 3.012718e+03 2.809348e+03
10.4 2.492328e+03 2.385096e+03 3.014475e+03 3.121707e+03
11.4 2.403953e+03 2.330895e+03 2.987079e+03 3.060137e+03
12.4 2.412474e+03 2.271306e+03 2.975975e+03 3.117143e+03
13.4 2.377503e+03 2.290748e+03 2.993826e+03 3.080582e+03
14.4 2.184919e+03 2.287069e+03 3.017273e+03 2.915123e+03
15.4 2.276762e+03 2.346379e+03 3.032566e+03 2.962950e+03
16.4 2.408376e+03 2.407633e+03 3.025105e+03 3.025849e+03
17.4 2.399515e+03 2.387832e+03 2.991409e+03 3.003092e+03
18.4 2.367283e+03 2.334299e+03 2.974780e+03 3.007764e+03
19.4 2.277150e+03 2.321221e+03 2.989947e+03 2.945876e+03
20.4 2.504151e+03 2.366607e+03 3.013260e+03 3.150805e+03
21.4 2.452205e+03 2.417715e+03 3.029554e+03 3.064044e+03
0.8 2.426810e+03 2.317012e+03 2.980109e+03 3.089908e+03
1.8 2.391342e+03 2.349517e+03 2.990964e+03 3.032788e+03
2.8 2.123320e+03 2.296212e+03 2.975899e+03 2.803006e+03
3.8 2.399604e+03 2.361166e+03 2.967156e+03 3.005593e+03
4.8 2.334006e+03 2.347156e+03 2.986650e+03 2.973500e+03
5.8 2.179230e+03 2.382600e+03 3.012718e+03 2.809348e+03
6.8 2.492328e+03 2.385096e+03 3.014475e+03 3.121707e+03
7.8 2.403953e+03 2.330895e+03 2.987079e+03 3.060137e+03
8.8 2.412474e+03 2.271306e+03 2.975975e+03 3.117143e+03
9.8 2.377503e+03 2.290748e+03 2.993826e+03 3.080582e+03
10.8 2.184919e+03 2.287069e+03 3.017273e+03 2.915123e+03
11.8 2.276762e+03 2.346379e+03 3.032566e+03 2.962950e+03
12.8 2.408376e+03 2.407633e+03 3.025105e+03 3.025849e+03
13.8 2.399515e+03 2.387832e+03 2.991409e+03 3.003092e+03
14.8 2.367283e+03 2.334299e+03 2.974780e+03 3.007764e+03
15.8 2.277150e+03 2.321221e+03 2.989947e+03 2.945876e+03
16.8 2.504151e+03 2.366607e+03 3.013260e+03 3.150805e+03
17.8 2.452205e+03 2.417715e+03 3.029554e+03 3.064044e+03
18.8 2.584555e+03 2.427790e+03 3.023879e+03 3.180645e+03
19.8 2.307426e+03 2.391899e+03 2.991209e+03 2.906736e+03
20.8 2.339174e+03 2.440996e+03 2.974118e+03 2.872296e+03
21.8 2.511620e+03 2.539277e+03 2.989002e+03 2.961344e+03
1.0 2.179230e+03 2.382600e+03 3.012718e+03 2.809348e+03
2.0 2.492328e+03 2.385096e+03 3.014475e+03 3.121707e+03
3.0 2.403953e+03 2.330895e+03 2.987079e+03 3.060137e+03
4.0 2.412474e+03 2.271306e+03 2.975975e+03 3.117143e+03
5.0 2.377503e+03 2.290748e+03 2.993826e+03 3.080582e+03
6.0 2.184919e+03 2.287069e+03 3.017273e+03 2.915123e+03
7.0 2.276762e+03 2.346379e+03 3.032566e+03 2.962950e+03
8.0 2.408376e+03 2.407633e+03 3.025105e+03 3.025849e+03
9.0 2.399515e+03 2.387832e+03 2.991409e+03 3.003092e+03
10.0 2.367283e+03 2.334299e+03 2.974780e+03 3.007764e+03
11.0 2.277150e+03 2.321221e+03 2.989947e+03 2.945876e+03
12.0 2.504151e+03 2.366607e+03 3.013260e+03 3.150805e+03
13.0 2.452205e+03 2.417715e+03 3.029554e+03 3.064044e+03
14.0 2.584555e+03 2.427790e+03 3.023879e+03 3.180645e+03
15.0 2.307426e+03 2.391899e+03 2.991209e+03 2.906736e+03
16.0 2.339174e+03 2.440996e+03 2.974118e+03 2.872296e+03
17.0 2.511620e+03 2.539277e+03 2.989002e+03 2.961344e+03
18.0 2.487200e+03 2.559724e+03 3.012547e+03 2.940023e+03
19.0 2.444631e+03 2.547931e+03 3.029327e+03 2.926027e+03
20.0 2.365411e+03 2.575410e+03 3.025312e+03 2.815313e+03
21.0 2.475389e+03 2.527969e+03 2.993209e+03 2.940629e+03
22.0 2.352856e+03 2.488422e+03 2.974089e+03 2.838524e+03
0.9 2.276762e+03 2.346379e+03 3.032566e+03 2.962950e+03
1.9 2.408376e+03 2.407633e+03 3.025105e+03 3.025849e+03
2.9 2.399515e+03 2.387832e+03 2.991409e+03 3.003092e+03
3.9 2.367283e+03 2.334299e+03 2.974780e+03 3.007764e+03
4.9 2.277150e+03 2.321221e+03 2.989947e+03 2.945876e+03
5.9 2.504151e+03 2.366607e+03 3.013260e+03 3.150805e+03
6.9 2.452205e+03 2.417715e+03 3.029554e+03 3.064044e+03
7.9 2.584555e+03 2.427790e+03 3.023879e+03 3.180645e+03
8.9 2.307426e+03 2.391899e+03 2.991209e+03 2.906736e+03
9.9 2.339174e+03 2.440996e+03 2.974118e+03 2.872296e+03
10.9 2.511620e+03 2.539277e+03 2.989002e+03 2.961344e+03
11.9 2.487200e+03 2.559724e+03 3.012547e+03 2.940023e+03
12.9 2.444631e+03 2.547931e+03 3.029327e+03 2.926027e+03
13.9 2.365411e+03 2.575410e+03 3.025312e+03 2.815313e+03
14.9 2.475389e+03 2.527969e+03 2.993209e+03 2.940629e+03
15.9 2.352856e+03 2.488422e+03 2.974089e+03 2.838524e+03
16.9 2.456383e+03 2.597245e+03 2.987648e+03 2.846786e+03
17.9 2.262053e+03 2.565919e+03 3.010196e+03 2.706330e+03
18.9 2.278507e+03 2.581271e+03 3.009876e+03 2.707112e+03
19.9 2.466346e+03 2.556764e+03 2.982602e+03 2.892184e+03
20.9 2.365595e+03 2.486759e+03 2.973412e+03 2.852248e+03
21.9 2.671032e+03 2.410916e+03 2.988245e+03 3.248361e+03
0.9 2.452205e+03 2.417715e+03 3.029554e+03 3.064044e+03
1.9 2.584555e+03 2.427790e+03 3.023879e+03 3.180645e+03
2.9 2.307426e+03 2.391899e+03 2.991209e+03 2.906736e+03
3.9 2.339174e+03 2.440996e+03 2.974118e+03 2.872296e+03
4.9 2.511620e+03 2.539277e+03 2.989002e+03 2.961344e+03
5.9 2.487200e+03 2.559724e+03 3.012547e+03 2.940023e+03
6.9 2.444631e+03 2.547931e+03 3.029327e+03 2.926027e+03
7.9 2.365411e+03 2.575410e+03 3.025312e+03 2.815313e+03
8.9 2.475389e+03 2.527969e+03 2.993209e+03 2.940629e+03
9.9 2.352856e+03 2.488422e+03 2.974089e+03 2.838524e+03
10.9 2.456383e+03 2.597245e+03 2.987648e+03 2.846786e+03
11.9 2.262053e+03 2.565919e+03 3.010196e+03 2.706330e+03
12.9 2.278507e+03 2.581271e+03 3.009876e+03 2.707112e+03
13.9 2.466346e+03 2.556764e+03 2.982602e+03 2.892184e+03
14.9 2.365595e+03 2.486759e+03 2.973412e+03 2.852248e+03
15.9 2.671032e+03 2.410916e+03 2.988245e+03 3.248361e+03
16.9 2.624531e+03 2.444221e+03 2.984342e+03 3.164652e+03
17.9 2.424304e+03 2.434554e+03 2.967077e+03 2.956827e+03
18.9 2.346321e+03 2.434271e+03 2.975557e+03 2.887607e+03
19.9 2.354529e+03 2.457495e+03 2.990839e+03 2.887873e+03
20.9 2.563805e+03 2.497777e+03 2.978652e+03 3.044680e+03
21.9 2.467739e+03 2.400900e+03 2.968911e+03 3.035750e+03
0.8 2.444631e+03 2.547931e+03 3.029327e+03 2.926027e+03
1.8 2.365411e+03 2.575410e+03 3.025312e+03 2.815313e+03
2.8 2.475389e+03 2.527969e+03 2.993209e+03 2.940629e+03
3.8 2.352856e+03 2.488422e+03 2.974089e+03 2.838524e+03
4.8 2.456383e+03 2.597245e+03 2.987648e+03 2.846786e+03
5.8 2.262053e+03 2.565919e+03 3.010196e+03 2.706330e+03
6.8 2.278507e+03 2.581271e+03 3.009876e+03 2.707112e+03
7.8 2.466346e+03 2.556764e+03 2.982602e+03 2.892184e+03
8.8 2.365595e+03 2.486759e+03 2.973412e+03 2.852248e+03
9.8 2.671032e+03 2.410916e+03 2.988245e+03 3.248361e+03
10.8 2.624531e+03 2.444221e+03 2.984342e+03 3.164652e+03
11.8 2.424304e+03 2.434554e+03 2.967077e+03 2.956827e+03
12.8 2.346321e+03 2.434271e+03 2.975557e+03 2.887607e+03
13.8 2.354529e+03 2.457495e+03 2.990839e+03 2.887873e+03
14.8 2.563805e+03 2.497777e+03 2.978652e+03 3.044680e+03
15.8 2.467739e+03 2.400900e+03 2.968911e+03 3.035750e+03
16.8 2.396671e+03 2.332303e+03 2.985206e+03 3.049574e+03
17.8 2.612143e+03 2.643331e+03 2.990738e+03 2.959549e+03
18.8 2.341872e+03 2.537667e+03 2.972945e+03 2.777150e+03
19.8 2.390577e+03 2.379991e+03 2.973480e+03 2.984065e+03
20.8 2.356552e+03 2.390679e+03 2.997410e+03 2.963283e+03
21.8 2.466645e+03 2.425617e+03 3.022044e+03 3.063073e+03
1.0 2.262053e+03 2.565919e+03 3.010196e+03 2.706330e+03
2.0 2.278507e+03 2.581271e+03 3.009876e+03 2.707112e+03
3.0 2.466346e+03 2.556764e+03 2.982602e+03 2.892184e+03
4.0 2.365595e+03 2.486759e+03 2.973412e+03 2.852248e+03
5.0 2.671032e+03 2.410916e+03 2.988245e+03 3.248361e+03
6.0 2.624531e+03 2.444221e+03 2.984342e+03 3.164652e+03
7.0 2.424304e+03 2.434554e+03 2.967077e+03 2.956827e+03
8.0 2.346321e+03 2.434271e+03 2.975557e+03 2.887607e+03
9.0 2.354529e+03 2.457495e+03 2.990839e+03 2.887873e+03
10.0 2.563805e+03 2.497777e+03 2.978652e+03 3.044680e+03
11.0 2.467739e+03 2.400900e+03 2.968911e+03 3.035750e+03
12.0 2.396671e+03 2.332303e+03 2.985206e+03 3.049574e+03
13.0 2.612143e+03 2.643331e+03 2.990738e+03 2.959549e+03
14.0 2.341872e+03 2.537667e+03 2.972945e+03 2.777150e+03
15.0 2.390577e+03 2.379991e+03 2.973480e+03 2.984065e+03
16.0 2.356552e+03 2.390679e+03 2.997410e+03 2.963283e+03
17.0 2.466645e+03 2.425617e+03 3.022044e+03 3.063073e+03
18.0 2.373031e+03 2.508082e+03 3.037343e+03 2.902293e+03
19.0 2.445994e+03 2.557801e+03 3.043889e+03 2.932082e+03
20.0 2.449071e+03 2.613134e+03 3.031059e+03 2.866996e+03
21.0 2.381572e+03 2.579947e+03 2.993683e+03 2.795308e+03
22.0 2.706437e+03 2.792584e+03 2.973846e+03 2.887699e+03
0.4 2.365595e+03 2.486759e+03 2.973412e+03 2.852248e+03
1.4 2.671032e+03 2.410916e+03 2.988245e+03 3.248361e+03
2.4 2.624531e+03 2.444221e+03 2.984342e+03 3.164652e+03
3.4 2.424304e+03 2.434554e+03 2.967077e+03 2.956827e+03
4.4 2.346321e+03 2.434271e+03 2.975557e+03 2.887607e+03
5.4 2.354529e+03 2.457495e+03 2.990839e+03 2.887873e+03
6.4 2.563805e+03 2.497777e+03 2.978652e+03 3.044680e+03
7.4 2.467739e+03 2.400900e+03 2.968911e+03 3.035750e+03
8.4 2.396671e+03 2.332303e+03 2.985206e+03 3.049574e+03
9.4 2.612143e+03 2.643331e+03 2.990738e+03 2.959549e+03
10.4 2.341872e+03 2.537667e+03 2.972945e+03 2.777150e+03
11.4 2.390577e+03 2.379991e+03 2.973480e+03 2.984065e+03
12.4 2.356552e+03 2.390679e+03 2.997410e+03 2.963283e+03
13.4 2.466645e+03 2.425617e+03 3.022044e+03 3.063073e+03
14.4 2.373031e+03 2.508082e+03 3.037343e+03 2.902293e+03
15.4 2.445994e+03 2.557801e+03 3.043889e+03 2.932082e+03
16.4 2.449071e+03 2.613134e+03 3.031059e+03 2.866996e+03
17.4 2.381572e+03 2.579947e+03 2.993683e+03 2.795308e+03
18.4 2.706437e+03 2.792584e+03 2.973846e+03 2.887699e+03
19.4 2.235542e+03 2.709995e+03 2.987540e+03 2.513087e+03
20.4 2.542316e+03 2.216495e+03 3.009524e+03 3.335344e+03
21.4 2.435398e+03 2.320586e+03 3.007496e+03 3.122308e+03
0.8 2.346321e+03 2.434271e+03 2.975557e+03 2.887607e+03
1.8 2.354529e+03 2.457495e+03 2.990839e+03 2.887873e+03
2.8 2.563805e+03 2.497777e+03 2.978652e+03 3.044680e+03
3.8 2.467739e+03 2.400900e+03 2.968911e+03 3.035750e+03
4.8 2.396671e+03 2.332303e+03 2.985206e+03 3.049574e+03
5.8 2.612143e+03 2.643331e+03 2.990738e+03 2.959549e+03
6.8 2.341872e+03 2.537667e+03 2.972945e+03 2.777150e+03
7.8 2.390577e+03 2.379991e+03 2.973480e+03 2.984065e+03
8.8 2.356552e+03 2.390679e+03 2.997410e+03 2.963283e+03
9.8 2.466645e+03 2.425617e+03 3.022044e+03 3.063073e+03
10.8 2.373031e+03 2.508082e+03 3.037343e+03 2.902293e+03
11.8 2.445994e+03 2.557801e+03 3.043889e+03 2.932082e+03
12.8 2.449071e+03 2.613134e+03 3.031059e+03 2.866996e+03
13.8 2.381572e+03 2.579947e+03 2.993683e+03 2.795308e+03
14.8 2.706437e+03 2.792584e+03 2.973846e+03 2.887699e+03
15.8 2.235542e+03 2.709995e+03 2.987540e+03 2.513087e+03
16.8 2.542316e+03 2.216495e+03 3.009524e+03 3.335344e+03
17.8 2.435398e+03 2.320586e+03 3.007496e+03 3.122308e+03
18.8 2.485700e+03 2.468037e+03 2.980342e+03 2.998004e+03
19.8 2.899192e+03 2.471673e+03 2.973452e+03 3.400971e+03
20.8 3.422309e+03 3.081192e+03 2.988602e+03 3.329719e+03
21.8 2.654735e+03 2.940002e+03 2.983148e+03 2.697881e+03
0.1 2.467739e+03 2.400900e+03 2.968911e+03 3.035750e+03
1.1 2.396671e+03 2.332303e+03 2.985206e+03 3.049574e+03
2.1 2.612143e+03 2.643331e+03 2.990738e+03 2.959549e+03
3.1 2.341872e+03 2.537667e+03 2.972945e+03 2.777150e+03
4.1 2.390577e+03 2.379991e+03 2.973480e+03 2.984065e+03
5.1 2.356552e+03 2.390679e+03 2.997410e+03 2.963283e+03
6.1 2.466645e+03 2.425617e+03 3.022044e+03 3.063073e+03
7.1 2.373031e+03 2.508082e+03 3.037343e+03 2.902293e+03
8.1 2.445994e+03 2.557801e+03 3.043889e+03 2.932082e+03
9.1 2.449071e+03 2.613134e+03 3.031059e+03 2.866996e+03
10.1 2.381572e+03 2.579947e+03 2.993683e+03 2.795308e+03
11.1 2.706437e+03 2.792584e+03 2.973846e+03 2.887699e+03
12.1 2.235542e+03 2.709995e+03 2.987540e+03 2.513087e+03
13.1 2.542316e+03 2.216495e+03 3.009524e+03 3.335344e+03
14.1 2.435398e+03 2.320586e+03 3.007496e+03 3.122308e+03
15.1 2.485700e+03 2.468037e+03 2.980342e+03 2.998004e+03
16.1 2.899192e+03 2.471673e+03 2.973452e+03 3.400971e+03
17.1 3.422309e+03 3.081192e+03 2.988602e+03 3.329719e+03
18.1 2.654735e+03 2.940002e+03 2.983148e+03 2.697881e+03
19.1 2.878158e+03 2.791512e+03 2.966655e+03 3.053302e+03
20.1 2.854305e+03 2.571748e+03 2.977066e+03 3.259623e+03
21.1 2.823776e+03 2.548450e+03 3.004090e+03 3.279416e+03
0.9 2.445994e+03 2.557801e+03 3.043889e+03 2.932082e+03
1.9 2.449071e+03 2.613134e+03 3.031059e+03 2.866996e+03
2.9 2.381572e+03 2.579947e+03 2.993683e+03 2.795308e+03
3.9 2.706437e+03 2.792584e+03 2.973846e+03 2.887699e+03
4.9 2.235542e+03 2.709995e+03 2.987540e+03 2.513087e+03
5.9 2.542316e+03 2.216495e+03 3.009524e+03 3.335344e+03
6.9 2.435398e+03 2.320586e+03 3.007496e+03 3.122308e+03
7.9 2.485700e+03 2.468037e+03 2.980342e+03 2.998004e+03
8.9 2.899192e+03 2.471673e+03 2.973452e+03 3.400971e+03
9.9 3.422309e+03 3.081192e+03 2.988602e+03 3.329719e+03
10.9 2.654735e+03 2.940002e+03 2.983148e+03 2.697881e+03
11.9 2.878158e+03 2.791512e+03 2.966655e+03 3.053302e+03
12.9 2.854305e+03 2.571748e+03 2.977066e+03 3.259623e+03
13.9 2.823776e+03 2.548450e+03 3.004090e+03 3.279416e+03
14.9 2.742641e+03 2.549461e+03 3.026766e+03 3.219945e+03
15.9 2.573200e+03 2.509259e+03 3.034739e+03 3.098680e+03
16.9 2.384474e+03 2.498670e+03 3.011617e+03 2.897421e+03
17.9 2.565698e+03 2.412352e+03 2.979992e+03 3.133338e+03
18.9 2.500610e+03 2.350501e+03 2.980067e+03 3.130176e+03
19.9 2.769823e+03 2.656804e+03 2.989682e+03 3.102701e+03
20.9 4.156468e+03 4.324811e+03 2.974623e+03 2.806280e+03
21.9 3.613619e+03 3.456947e+03 2.965289e+03 3.121961e+03
0.1 2.235542e+03 2.709995e+03 2.987540e+03 2.513087e+03
1.1 2.542316e+03 2.216495e+03 3.009524e+03 3.335344e+03
2.1 2.435398e+03 2.320586e+03 3.007496e+03 3.122308e+03
3.1 2.485700e+03 2.468037e+03 2.980342e+03 2.998004e+03
4.1 2.899192e+03 2.471673e+03 2.973452e+03 3.400971e+03
5.1 3.422309e+03 3.081192e+03 2.988602e+03 3.329719e+03
6.1 2.654735e+03 2.940002e+03 2.983148e+03 2.697881e+03
7.1 2.878158e+03 2.791512e+03 2.966655e+03 3.053302e+03
8.1 2.854305e+03 2.571748e+03 2.977066e+03 3.259623e+03
9.1 2.823776e+03 2.548450e+03 3.004090e+03 3.279416e+03
10.1 2.742641e+03 2.549461e+03 3.026766e+03 3.219945e+03
11.1 2.573200e+03 2.509259e+03 3.034739e+03 3.098680e+03
12.1 2.384474e+03 2.498670e+03 3.011617e+03 2.897421e+03
13.1 2.565698e+03 2.412352e+03 2.979992e+03 3.133338e+03
14.1 2.500610e+03 2.350501e+03 2.980067e+03 3.130176e+03
15.1 2.769823e+03 2.656804e+03 2.989682e+03 3.102701e+03
16.1 4.156468e+03 4.324811e+03 2.974623e+03 2.806280e+03
17.1 3.613619e+03 3.456947e+03 2.965289e+03 3.121961e+03
18.1 3.281003e+03 3.275119e+03 2.982645e+03 2.988529e+03
19.1 3.154935e+03 3.301006e+03 2.988283e+03 2.842212e+03
20.1 3.581151e+03 3.571321e+03 2.971240e+03 2.981069e+03
21.1 2.977198e+03 3.488174e+03 2.973236e+03 2.462260e+03
0.4 2.899192e+03 2.471673e+03 2.973452e+03 3.400971e+03
1.4 3.422309e+03 3.081192e+03 2.988602e+03 3.329719e+03
2.4 2.654735e+03 2.940002e+03 2.983148e+03 2.697881e+03
3.4 2.878158e+03 2.791512e+03 2.966655e+03 3.053302e+03
4.4 2.854305e+03 2.571748e+03 2.977066e+03 3.259623e+03
5.4 2.823776e+03 2.548450e+03 3.004090e+03 3.279416e+03
6.4 2.742641e+03 2.549461e+03 3.026766e+03 3.219945e+03
7.4 2.573200e+03 2.509259e+03 3.034739e+03 3.098680e+03
8.4 2.384474e+03 2.498670e+03 3.011617e+03 2.897421e+03
9.4 2.565698e+03 2.412352e+03 2.979992e+03 3.133338e+03
10.4 2.500610e+03 2.350501e+03 2.980067e+03 3.130176e+03
11.4 2.769823e+03 2.656804e+03 2.989682e+03 3.102701e+03
12.4 4.156468e+03 4.324811e+03 2.974623e+03 2.806280e+03
13.4 3.613619e+03 3.456947e+03 2.965289e+03 3.121961e+03
14.4 3.281003e+03 3.275119e+03 2.982645e+03 2.988529e+03
15.4 3.154935e+03 3.301006e+03 2.988283e+03 2.842212e+03
16.4 3.581151e+03 3.571321e+03 2.971240e+03 2.981069e+03
17.4 2.977198e+03 3.488174e+03 2.973236e+03 2.462260e+03
18.4 3.422479e+03 3.538537e+03 2.997838e+03 2.881780e+03
19.4 3.807497e+03 3.657186e+03 3.022455e+03 3.172765e+03
20.4 4.167593e+03 3.590341e+03 3.035782e+03 3.613034e+03
21.4 3.275182e+03 3.653172e+03 3.021654e+03 2.643664e+03
0.4 2.742641e+03 2.549461e+03 3.026766e+03 3.219945e+03
1.4 2.573200e+03 2.509259e+03 3.034739e+03 3.098680e+03
2.4 2.384474e+03 2.498670e+03 3.011617e+03 2.897421e+03
3.4 2.565698e+03 2.412352e+03 2.979992e+03 3.133338e+03
4.4 2.500610e+03 2.350501e+03 2.980067e+03 3.130176e+03
5.4 2.769823e+03 2.656804e+03 2.989682e+03 3.102701e+03
6.4 4.156468e+03 4.324811e+03 2.974623e+03 2.806280e+03
7.4 3.613619e+03 3.456947e+03 2.965289e+03 3.121961e+03
8.4 3.281003e+03 3.275119e+03 2.982645e+03 2.988529e+03
9.4 3.154935e+03 3.301006e+03 2.988283e+03 2.842212e+03
10.4 3.581151e+03 3.571321e+03 2.971240e+03 2.981069e+03
11.4 2.977198e+03 3.488174e+03 2.973236e+03 2.462260e+03
12.4 3.422479e+03 3.538537e+03 2.997838e+03 2.881780e+03
13.4 3.807497e+03 3.657186e+03 3.022455e+03 3.172765e+03
14.4 4.167593e+03 3.590341e+03 3.035782e+03 3.613034e+03
15.4 3.275182e+03 3.653172e+03 3.021654e+03 2.643664e+03
16.4 4.430739e+03 3.272626e+03 2.986864e+03 4.144978e+03
17.4 4.032083e+03 3.915748e+03 2.976954e+03 3.093289e+03
18.4 2.665075e+03 2.632577e+03 2.995344e+03 3.027842e+03
19.4 3.182279e+03 2.994619e+03 3.017673e+03 3.205333e+03
20.4 2.381541e+03 2.701012e+03 3.031334e+03 2.711862e+03
21.4 3.236159e+03 3.059243e+03 3.019756e+03 3.196672e+03
0.8 2.500610e+03 2.350501e+03 2.980067e+03 3.130176e+03
1.8 2.769823e+03 2.656804e+03 2.989682e+03 3.102701e+03
2.8 4.156468e+03 4.324811e+03 2.974623e+03 2.806280e+03
3.8 3.613619e+03 3.456947e+03 2.965289e+03 3.121961e+03
4.8 3.281003e+03 3.275119e+03 2.982645e+03 2.988529e+03
5.8 3.154935e+03 3.301006e+03 2.988283e+03 2.842212e+03
6.8 3.581151e+03 3.571321e+03 2.971240e+03 2.981069e+03
7.8 2.977198e+03 3.488174e+03 2.973236e+03 2.462260e+03
8.8 3.422479e+03 3.538537e+03 2.997838e+03 2.881780e+03
9.8 3.807497e+03 3.657186e+03 3.022455e+03 3.172765e+03
10.8 4.167593e+03 3.590341e+03 3.035782e+03 3.613034e+03
11.8 3.275182e+03 3.653172e+03 3.021654e+03 2.643664e+03
12.8 4.430739e+03 3.272626e+03 2.986864e+03 4.144978e+03
13.8 4.032083e+03 3.915748e+03 2.976954e+03 3.093289e+03
14.8 2.665075e+03 2.632577e+03 2.995344e+03 3.027842e+03
15.8 3.182279e+03 2.994619e+03 3.017673e+03 3.205333e+03
16.8 2.381541e+03 2.701012e+03 3.031334e+03 2.711862e+03
17.8 3.236159e+03 3.059243e+03 3.019756e+03 3.196672e+03
18.8 2.852850e+03 2.926257e+03 2.985951e+03 2.912543e+03
19.8 2.426037e+03 2.762584e+03 2.974895e+03 2.638348e+03
20.8 2.308740e+03 2.645814e+03 2.993044e+03 2.655970e+03
21.8 2.678085e+03 2.750799e+03 3.013540e+03 2.940825e+03
0.1 3.613619e+03 3.456947e+03 2.965289e+03 3.121961e+03
1.1 3.281003e+03 3.275119e+03 2.982645e+03 2.988529e+03
2.1 3.154935e+03 3.301006e+03 2.988283e+03 2.842212e+03
3.1 3.581151e+03 3.571321e+03 2.971240e+03 2.981069e+03
4.1 2.977198e+03 3.488174e+03 2.973236e+03 2.462260e+03
5.1 3.422479e+03 3.538537e+03 2.997838e+03 2.881780e+03
6.1 3.807497e+03 3.657186e+03 3.022455e+03 3.172765e+03
7.1 4.167593e+03 3.590341e+03 3.035782e+03 3.613034e+03
8.1 3.275182e+03 3.653172e+03 3.021654e+03 2.643664e+03
9.1 4.430739e+03 3.272626e+03 2.986864e+03 4.144978e+03
10.1 4.032083e+03 3.915748e+03 2.976954e+03 3.093289e+03
11.1 2.665075e+03 2.632577e+03 2.995344e+03 3.027842e+03
12.1 3.182279e+03 2.994619e+03 3.017673e+03 3.205333e+03
13.1 2.381541e+03 2.701012e+03 3.031334e+03 2.711862e+03
14.1 3.236159e+03 3.059243e+03 3.019756e+03 3.196672e+03
15.1 2.852850e+03 2.926257e+03 2.985951e+03 2.912543e+03
16.1 2.426037e+03 2.762584e+03 2.974895e+03 2.638348e+03
17.1 2.308740e+03 2.645814e+03 2.993044e+03 2.655970e+03
18.1 2.678085e+03 2.750799e+03 3.013540e+03 2.940825e+03
19.1 3.223009e+03 3.007373e+03 3.005848e+03 3.221484e+03
20.1 2.642529e+03 2.633898e+03 2.978167e+03 2.986799e+03
21.1 2.491592e+03 2.700085e+03 2.975689e+03 2.767197e+03
0.1 3.807497e+03 3.657186e+03 3.022455e+03 3.172765e+03
1.1 4.167593e+03 3.590341e+03 3.035782e+03 3.613034e+03
2.1 3.275182e+03 3.653172e+03 3.021654e+03 2.643664e+03
3.1 4.430739e+03 3.272626e+03 2.986864e+03 4.144978e+03
4.1 4.032083e+03 3.915748e+03 2.976954e+03 3.093289e+03
5.1 2.665075e+03 2.632577e+03 2.995344e+03 3.027842e+03
6.1 3.182279e+03 2.994619e+03 3.017673e+03 3.205333e+03
7.1 2.381541e+03 2.701012e+03 3.031334e+03 2.711862e+03
8.1 3.236159e+03 3.059243e+03 3.019756e+03 3.196672e+03
9.1 2.852850e+03 2.926257e+03 2.985951e+03 2.912543e+03
10.1 2.426037e+03 2.762584e+03 2.974895e+03 2.638348e+03
11.1 2.308740e+03 2.645814e+03 2.993044e+03 2.655970e+03
12.1 2.678085e+03 2.750799e+03 3.013540e+03 2.940825e+03
13.1 3.223009e+03 3.007373e+03 3.005848e+03 3.221484e+03
14.1 2.642529e+03 2.633898e+03 2.978167e+03 2.986799e+03
15.1 2.491592e+03 2.700085e+03 2.975689e+03 2.767197e+03
16.1 2.888999e+03 2.690957e+03 2.989976e+03 3.188018e+03
17.1 1.998014e+03 2.549976e+03 2.980365e+03 2.428403e+03
18.1 2.434854e+03 2.124150e+03 2.966234e+03 3.276938e+03
19.1 3.047113e+03 2.727829e+03 2.980516e+03 3.299800e+03
20.1 2.960708e+03 2.701480e+03 3.007866e+03 3.267094e+03
21.1 2.927776e+03 2.970875e+03 3.029135e+03 2.986036e+03
0.1 3.182279e+03 2.994619e+03 3.017673e+03 3.205333e+03
1.1 2.381541e+03 2.701012e+03 3.031334e+03 2.711862e+03
2.1 3.236159e+03 3.059243e+03 3.019756e+03 3.196672e+03
3.1 2.852850e+03 2.926257e+03 2.985951e+03 2.912543e+03
4.1 2.426037e+03 2.762584e+03 2.974895e+03 2.638348e+03
5.1 2.308740e+03 2.645814e+03 2.993044e+03 2.655970e+03
6.1 2.678085e+03 2.750799e+03 3.013540e+03 2.940825e+03
7.1 3.223009e+03 3.007373e+03 3.005848e+03 3.221484e+03
8.1 2.642529e+03 2.633898e+03 2.978167e+03 2.986799e+03
9.1 2.491592e+03 2.700085e+03 2.975689e+03 2.767197e+03
10.1 2.888999e+03 2.690957e+03 2.989976e+03 3.188018e+03
11.1 1.998014e+03 2.549976e+03 2.980365e+03 2.428403e+03
12.1 2.434854e+03 2.124150e+03 2.966234e+03 3.276938e+03
13.1 3.047113e+03 2.727829e+03 2.980516e+03 3.299800e+03
14.1 2.960708e+03 2.701480e+03 3.007866e+03 3.267094e+03
15.1 2.927776e+03 2.970875e+03 3.029135e+03 2.986036e+03
16.1 3.623502e+03 4.067465e+03 3.033491e+03 2.589528e+03
17.1 3.449625e+03 3.405446e+03 3.006341e+03 3.050520e+03
18.1 3.298340e+03 3.336759e+03 2.977801e+03 2.939382e+03
19.1 2.452539e+03 3.094480e+03 2.982119e+03 2.340178e+03
20.1 3.237895e+03 3.086986e+03 2.989044e+03 3.139953e+03
21.1 2.824002e+03 3.426358e+03 2.971749e+03 2.369393e+03
0.2 2.308740e+03 2.645814e+03 2.993044e+03 2.655970e+03
1.2 2.678085e+03 2.750799e+03 3.013540e+03 2.940825e+03
2.2 3.223009e+03 3.007373e+03 3.005848e+03 3.221484e+03
3.2 2.642529e+03 2.633898e+03 2.978167e+03 2.986799e+03
4.2 2.491592e+03 2.700085e+03 2.975689e+03 2.767197e+03
5.2 2.888999e+03 2.690957e+03 2.989976e+03 3.188018e+03
6.2 1.998014e+03 2.549976e+03 2.980365e+03 2.428403e+03
7.2 2.434854e+03 2.124150e+03 2.966234e+03 3.276938e+03
8.2 3.047113e+03 2.727829e+03 2.980516e+03 3.299800e+03
9.2 2.960708e+03 2.701480e+03 3.007866e+03 3.267094e+03
10.2 2.927776e+03 2.970875e+03 3.029135e+03 2.986036e+03
11.2 3.623502e+03 4.067465e+03 3.033491e+03 2.589528e+03
12.2 3.449625e+03 3.405446e+03 3.006341e+03 3.050520e+03
13.2 3.298340e+03 3.336759e+03 2.977801e+03 2.939382e+03
14.2 2.452539e+03 3.094480e+03 2.982119e+03 2.340178e+03
15.2 3.237895e+03 3.086986e+03 2.989044e+03 3.139953e+03
16.2 2.824002e+03 3.426358e+03 2.971749e+03 2.369393e+03
17.2 2.725500e+03 3.071656e+03 2.966548e+03 2.620393e+03
18.2 3.089106e+03 3.122037e+03 2.985254e+03 2.952323e+03
19.2 3.168294e+03 3.227455e+03 2.986454e+03 2.927293e+03
20.2 3.034421e+03 3.237034e+03 2.969599e+03 2.766986e+03
21.2 3.395893e+03 3.183913e+03 2.975786e+03 3.187766e+03
0.6 2.491592e+03 2.700085e+03 2.975689e+03 2.767197e+03
1.6 2.888999e+03 2.690957e+03 2.989976e+03 3.188018e+03
2.6 1.998014e+03 2.549976e+03 2.980365e+03 2.428403e+03
3.6 2.434854e+03 2.124150e+03 2.966234e+03 3.276938e+03
4.6 3.047113e+03 2.727829e+03 2.980516e+03 3.299800e+03
5.6 2.960708e+03 2.701480e+03 3.007866e+03 3.267094e+03
6.6 2.927776e+03 2.970875e+03 3.029135e+03 2.986036e+03
7.6 3.623502e+03 4.067465e+03 3.033491e+03 2.589528e+03
8.6 3.449625e+03 3.405446e+03 3.006341e+03 3.050520e+03
9.6 3.298340e+03 3.336759e+03 2.977801e+03 2.939382e+03
10.6 2.452539e+03 3.094480e+03 2.982119e+03 2.340178e+03
11.6 3.237895e+03 3.086986e+03 2.989044e+03 3.139953e+03
12.6 2.824002e+03 3.426358e+03 2.971749e+03 2.369393e+03
13.6 2.725500e+03 3.071656e+03 2.966548e+03 2.620393e+03
14.6 3.089106e+03 3.122037e+03 2.985254e+03 2.952323e+03
15.6 3.168294e+03 3.227455e+03 2.986454e+03 2.927293e+03
16.6 3.034421e+03 3.237034e+03 2.969599e+03 2.766986e+03
17.6 3.395893e+03 3.183913e+03 2.975786e+03 3.187766e+03
18.6 3.330873e+03 3.630159e+03 2.992086e+03 2.692800e+03
19.6 3.533128e+03 3.380788e+03 2.981442e+03 3.133782e+03
20.6 3.472128e+03 3.372706e+03 2.969229e+03 3.068651e+03
21.6 3.217675e+03 3.473064e+03 2.985101e+03 2.729712e+03
0.5 2.927776e+03 2.970875e+03 3.029135e+03 2.986036e+03
1.5 3.623502e+03 4.067465e+03 3.033491e+03 2.589528e+03
2.5 3.449625e+03 3.405446e+03 3.006341e+03 3.050520e+03
3.5 3.298340e+03 3.336759e+03 2.977801e+03 2.939382e+03
4.5 2.452539e+03 3.094480e+03 2.982119e+03 2.340178e+03
5.5 3.237895e+03 3.086986e+03 2.989044e+03 3.139953e+03
6.5 2.824002e+03 3.426358e+03 2.971749e+03 2.369393e+03
7.5 2.725500e+03 3.071656e+03 2.966548e+03 2.620393e+03
8.5 3.089106e+03 3.122037e+03 2.985254e+03 2.952323e+03
9.5 3.168294e+03 3.227455e+03 2.986454e+03 2.927293e+03
10.5 3.034421e+03 3.237034e+03 2.969599e+03 2.766986e+03
11.5 3.395893e+03 3.183913e+03 2.975786e+03 3.187766e+03
12.5 3.330873e+03 3.630159e+03 2.992086e+03 2.692800e+03
13.5 3.533128e+03 3.380788e+03 2.981442e+03 3.133782e+03
14.5 3.472128e+03 3.372706e+03 2.969229e+03 3.068651e+03
15.5 3.217675e+03 3.473064e+03 2.985101e+03 2.729712e+03
16.5 3.722789e+03 3.537426e+03 3.011308e+03 3.196671e+03
17.5 3.870829e+03 3.108828e+03 3.017599e+03 3.779599e+03
18.5 2.909368e+03 3.242029e+03 2.991704e+03 2.659043e+03
19.5 3.675556e+03 3.400165e+03 2.975679e+03 3.251069e+03
20.5 3.217625e+03 3.365053e+03 2.988281e+03 2.840853e+03
21.5 3.224680e+03 3.536991e+03 2.989388e+03 2.677077e+03
0.9 2.452539e+03 3.094480e+03 2.982119e+03 2.340178e+03
1.9 3.237895e+03 3.086986e+03 2.989044e+03 3.139953e+03
2.9 2.824002e+03 3.426358e+03 2.971749e+03 2.369393e+03
3.9 2.725500e+03 3.071656e+03 2.966548e+03 2.620393e+03
4.9 3.089106e+03 3.122037e+03 2.985254e+03 2.952323e+03
5.9 3.168294e+03 3.227455e+03 2.986454e+03 2.927293e+03
6.9 3.034421e+03 3.237034e+03 2.969599e+03 2.766986e+03
7.9 3.395893e+03 3.183913e+03 2.975786e+03 3.187766e+03
8.9 3.330873e+03 3.630159e+03 2.992086e+03 2.692800e+03
9.9 3.533128e+03 3.380788e+03 2.981442e+03 3.133782e+03
10.9 3.472128e+03 3.372706e+03 2.969229e+03 3.068651e+03
11.9 3.217675e+03 3.473064e+03 2.985101e+03 2.729712e+03
12.9 3.722789e+03 3.537426e+03 3.011308e+03 3.196671e+03
13.9 3.870829e+03 3.108828e+03 3.017599e+03 3.779599e+03
14.9 2.909368e+03 3.242029e+03 2.991704e+03 2.659043e+03
15.9 3.675556e+03 3.400165e+03 2.975679e+03 3.251069e+03
16.9 3.217625e+03 3.365053e+03 2.988281e+03 2.840853e+03
17.9 3.224680e+03 3.536991e+03 2.989388e+03 2.677077e+03
18.9 3.476308e+03 3.450874e+03 2.970173e+03 2.995607e+03
19.9 3.687368e+03 3.551522e+03 2.972264e+03 3.108111e+03
20.9 3.531590e+03 3.583306e+03 2.997192e+03 2.945475e+03
21.9 3.397876e+03 3.622448e+03 3.017825e+03 2.793253e+03
0.3 2.725500e+03 3.071656e+03 2.966548e+03 2.620393e+03
1.3 3.089106e+03 3.122037e+03 2.985254e+03 2.952323e+03
2.3 3.168294e+03 3.227455e+03 2.986454e+03 2.927293e+03
3.3 3.034421e+03 3.237034e+03 2.969599e+03 2.766986e+03
4.3 3.395893e+03 3.183913e+03 2.975786e+03 3.187766e+03
5.3 3.330873e+03 3.630159e+03 2.992086e+03 2.692800e+03
6.3 3.533128e+03 3.380788e+03 2.981442e+03 3.133782e+03
7.3 3.472128e+03 3.372706e+03 2.969229e+03 3.068651e+03
8.3 3.217675e+03 3.473064e+03 2.985101e+03 2.729712e+03
9.3 3.722789e+03 3.537426e+03 3.011308e+03 3.196671e+03
10.3 3.870829e+03 3.108828e+03 3.017599e+03 3.779599e+03
11.3 2.909368e+03 3.242029e+03 2.991704e+03 2.659043e+03
12.3 3.675556e+03 3.400165e+03 2.975679e+03 3.251069e+03
13.3 3.217625e+03 3.365053e+03 2.988281e+03 2.840853e+03
14.3 3.224680e+03 3.536991e+03 2.989388e+03 2.677077e+03
15.3 3.476308e+03 3.450874e+03 2.970173e+03 2.995607e+03
16.3 3.687368e+03 3.551522e+03 2.972264e+03 3.108111e+03
17.3 3.531590e+03 3.583306e+03 2.997192e+03 2.945475e+03
18.3 3.397876e+03 3.622448e+03 3.017825e+03 2.793253e+03
19.3 3.215818e+03 3.277389e+03 3.005785e+03 2.944214e+03
20.3 3.437451e+03 3.261689e+03 2.978853e+03 3.154615e+03
21.3 3.510841e+03 3.320389e+03 2.980331e+03 3.170782e+03
0.7 3.395893e+03 3.183913e+03 2.975786e+03 3.187766e+03
1.7 3.330873e+03 3.630159e+03 2.992086e+03 2.692800e+03
2.7 3.533128e+03 3.380788e+03 2.981442e+03 3.133782e+03
3.7 3.472128e+03 3.372706e+03 2.969229e+03 3.068651e+03
4.7 3.217675e+03 3.473064e+03 2.985101e+03 2.729712e+03
5.7 3.722789e+03 3.537426e+03 3.011308e+03 3.196671e+03
6.7 3.870829e+03 3.108828e+03 3.017599e+03 3.779599e+03
7.7 2.909368e+03 3.242029e+03 2.991704e+03 2.659043e+03
8.7 3.675556e+03 3.400165e+03 2.975679e+03 3.251069e+03
9.7 3.217625e+03 3.365053e+03 2.988281e+03 2.840853e+03
10.7 3.224680e+03 3.536991e+03 2.989388e+03 2.677077e+03
11.7 3.476308e+03 3.450874e+03 2.970173e+03 2.995607e+03
12.7 3.687368e+03 3.551522e+03 2.972264e+03 3.108111e+03
13.7 3.531590e+03 3.583306e+03 2.997192e+03 2.945475e+03
14.7 3.397876e+03 3.622448e+03 3.017825e+03 2.793253e+03
15.7 3.215818e+03 3.277389e+03 3.005785e+03 2.944214e+03
16.7 3.437451e+03 3.261689e+03 2.978853e+03 3.154615e+03
17.7 3.510841e+03 3.320389e+03 2.980331e+03 3.170782e+03
18.7 3.614413e+03 3.369814e+03 3.002951e+03 3.247550e+03
19.7 3.539580e+03 3.473592e+03 3.024232e+03 3.090220e+03
20.7 3.174384e+03 3.381057e+03 3.033660e+03 2.826986e+03
21.7 4.530387e+03 3.841971e+03 3.013998e+03 3.702414e+03
0.8 3.722789e+03 3.537426e+03 3.011308e+03 3.196671e+03
1.8 3.870829e+03 3.108828e+03 3.017599e+03 3.779599e+03
2.8 2.909368e+03 3.242029e+03 2.991704e+03 2.659043e+03
3.8 3.675556e+03 3.400165e+03 2.975679e+03 3.251069e+03
4.8 3.217625e+03 3.365053e+03 2.988281e+03 2.840853e+03
5.8 3.224680e+03 3.536991e+03 2.989388e+03 2.677077e+03
6.8 3.476308e+03 3.450874e+03 2.970173e+03 2.995607e+03
7.8 3.687368e+03 3.551522e+03 2.972264e+03 3.108111e+03
8.8 3.531590e+03 3.583306e+03 2.997192e+03 2.945475e+03
9.8 3.397876e+03 3.622448e+03 3.017825e+03 2.793253e+03
10.8 3.215818e+03 3.277389e+03 3.005785e+03 2.944214e+03
11.8 3.437451e+03 3.261689e+03 2.978853e+03 3.154615e+03
12.8 3.510841e+03 3.320389e+03 2.980331e+03 3.170782e+03
13.8 3.614413e+03 3.369814e+03 3.002951e+03 3.247550e+03
14.8 3.539580e+03 3.473592e+03 3.024232e+03 3.090220e+03
15.8 3.174384e+03 3.381057e+03 3.033660e+03 2.826986e+03
16.8 4.530387e+03 3.841971e+03 3.013998e+03 3.702414e+03
17.8 2.854427e+03 3.087870e+03 2.980972e+03 2.747528e+03
18.8 2.979262e+03 3.072323e+03 2.977795e+03 2.884734e+03
19.8 3.501441e+03 3.377974e+03 2.998840e+03 3.122307e+03
20.8 3.663458e+03 3.322099e+03 3.020516e+03 3.361874e+03
21.8 3.476692e+03 3.393164e+03 3.031273e+03 3.114801e+03
0.2 3.675556e+03 3.400165e+03 2.975679e+03 3.251069e+03
1.2 3.217625e+03 3.365053e+03 2.988281e+03 2.840853e+03
2.2 3.224680e+03 3.536991e+03 2.989388e+03 2.677077e+03
3.2 3.476308e+03 3.450874e+03 2.970173e+03 2.995607e+03
4.2 3.687368e+03 3.551522e+03 2.972264e+03 3.108111e+03
5.2 3.531590e+03 3.583306e+03 2.997192e+03 2.945475e+03
6.2 3.397876e+03 3.622448e+03 3.017825e+03 2.793253e+03
7.2 3.215818e+03 3.277389e+03 3.005785e+03 2.944214e+03
8.2 3.437451e+03 3.261689e+03 2.978853e+03 3.154615e+03
9.2 3.510841e+03 3.320389e+03 2.980331e+03 3.170782e+03
10.2 3.614413e+03 3.369814e+03 3.002951e+03 3.247550e+03
11.2 3.539580e+03 3.473592e+03 3.024232e+03 3.090220e+03
12.2 3.174384e+03 3.381057e+03 3.033660e+03 2.826986e+03
13.2 4.530387e+03 3.841971e+03 3.013998e+03 3.702414e+03
14.2 2.854427e+03 3.087870e+03 2.980972e+03 2.747528e+03
15.2 2.979262e+03 3.072323e+03 2.977795e+03 2.884734e+03
16.2 3.501441e+03 3.377974e+03 2.998840e+03 3.122307e+03
17.2 3.663458e+03 3.322099e+03 3.020516e+03 3.361874e+03
18.2 3.476692e+03 3.393164e+03 3.031273e+03 3.114801e+03
19.2 3.268139e+03 3.374610e+03 3.013365e+03 2.906894e+03
20.2 3.974353e+03 3.831429e+03 2.980688e+03 3.123612e+03
21.2 3.328781e+03 3.495561e+03 2.976876e+03 2.810097e+03
0.4 3.531590e+03 3.583306e+03 2.997192e+03 2.945475e+03
1.4 3.397876e+03 3.622448e+03 3.017825e+03 2.793253e+03
2.4 3.215818e+03 3.277389e+03 3.005785e+03 2.944214e+03
3.4 3.437451e+03 3.261689e+03 2.978853e+03 3.154615e+03
4.4 3.510841e+03 3.320389e+03 2.980331e+03 3.170782e+03
5.4 3.614413e+03 3.369814e+03 3.002951e+03 3.247550e+03
6.4 3.539580e+03 3.473592e+03 3.024232e+03 3.090220e+03
7.4 3.174384e+03 3.381057e+03 3.033660e+03 2.826986e+03
8.4 4.530387e+03 3.841971e+03 3.013998e+03 3.702414e+03
9.4 2.854427e+03 3.087870e+03 2.980972e+03 2.747528e+03
10.4 2.979262e+03 3.072323e+03 2.977795e+03 2.884734e+03
11.4 3.501441e+03 3.377974e+03 2.998840e+03 3.122307e+03
12.4 3.663458e+03 3.322099e+03 3.020516e+03 3.361874e+03
13.4 3.476692e+03 3.393164e+03 3.031273e+03 3.114801e+03
14.4 3.268139e+03 3.374610e+03 3.013365e+03 2.906894e+03
15.4 3.974353e+03 3.831429e+03 2.980688e+03 3.123612e+03
16.4 3.328781e+03 3.495561e+03 2.976876e+03 2.810097e+03
17.4 3.729333e+03 3.691132e+03 2.989497e+03 3.027697e+03
18.4 3.658128e+03 3.598602e+03 2.978394e+03 3.037920e+03
19.4 3.617974e+03 3.439307e+03 2.964785e+03 3.143452e+03
20.4 3.651199e+03 3.699019e+03 2.979293e+03 2.931473e+03
21.4 3.566622e+03 3.547143e+03 2.990552e+03 3.010030e+03
0.3 3.539580e+03 3.473592e+03 3.024232e+03 3.090220e+03
1.3 3.174384e+03 3.381057e+03 3.033660e+03 2.826986e+03
2.3 4.530387e+03 3.841971e+03 3.013998e+03 3.702414e+03
3.3 2.854427e+03 3.087870e+03 2.980972e+03 2.747528e+03
4.3 2.979262e+03 3.072323e+03 2.977795e+03 2.884734e+03
5.3 3.501441e+03 3.377974e+03 2.998840e+03 3.122307e+03
6.3 3.663458e+03 3.322099e+03 3.020516e+03 3.361874e+03
7.3 3.476692e+03 3.393164e+03 3.031273e+03 3.114801e+03
8.3 3.268139e+03 3.374610e+03 3.013365e+03 2.906894e+03
9.3 3.974353e+03 3.831429e+03 2.980688e+03 3.123612e+03
10.3 3.328781e+03 3.495561e+03 2.976876e+03 2.810097e+03
11.3 3.729333e+03 3.691132e+03 2.989497e+03 3.027697e+03
12.3 3.658128e+03 3.598602e+03 2.978394e+03 3.037920e+03
13.3 3.617974e+03 3.439307e+03 2.964785e+03 3.143452e+03
14.3 3.651199e+03 3.699019e+03 2.979293e+03 2.931473e+03
15.3 3.566622e+03 3.547143e+03 2.990552e+03 3.010030e+03
16.3 3.124755e+03 3.474090e+03 2.974799e+03 2.625464e+03
17.3 4.112946e+03 3.992185e+03 2.970520e+03 3.091281e+03
18.3 3.895761e+03 3.757979e+03 2.992320e+03 3.130103e+03
19.3 3.327364e+03 3.459805e+03 3.016380e+03 2.883940e+03
20.3 3.690278e+03 3.752994e+03 3.012319e+03 2.949603e+03
21.3 3.342605e+03 3.359844e+03 2.983813e+03 2.966574e+03
0.3 3.663458e+03 3.322099e+03 3.020516e+03 3.361874e+03
1.3 3.476692e+03 3.393164e+03 3.031273e+03 3.114801e+03
2.3 3.268139e+03 3.374610e+03 3.013365e+03 2.906894e+03
3.3 3.974353e+03 3.831429e+03 2.980688e+03 3.123612e+03
4.3 3.328781e+03 3.495561e+03 2.976876e+03 2.810097e+03
5.3 3.729333e+03 3.691132e+03 2.989497e+03 3.027697e+03
6.3 3.658128e+03 3.598602e+03 2.978394e+03 3.037920e+03
7.3 3.617974e+03 3.439307e+03 2.964785e+03 3.143452e+03
8.3 3.651199e+03 3.699019e+03 2.979293e+03 2.931473e+03
9.3 3.566622e+03 3.547143e+03 2.990552e+03 3.010030e+03
10.3 3.124755e+03 3.474090e+03 2.974799e+03 2.625464e+03
11.3 4.112946e+03 3.992185e+03 2.970520e+03 3.091281e+03
12.3 3.895761e+03 3.757979e+03 2.992320e+03 3.130103e+03
13.3 3.327364e+03 3.459805e+03 3.016380e+03 2.883940e+03
14.3 3.690278e+03 3.752994e+03 3.012319e+03 2.949603e+03
15.3 3.342605e+03 3.359844e+03 2.983813e+03 2.966574e+03
16.3 3.230770e+03 3.242216e+03 2.977377e+03 2.965931e+03
17.3 2.790928e+03 3.074608e+03 2.997406e+03 2.713726e+03
18.3 3.049954e+03 3.137641e+03 3.020126e+03 2.932439e+03
19.3 3.163290e+03 3.301613e+03 3.033456e+03 2.895133e+03
20.3 3.335018e+03 3.343402e+03 3.021281e+03 3.012897e+03
21.3 3.502064e+03 3.320726e+03 2.986908e+03 3.168246e+03
0.6 3.328781e+03 3.495561e+03 2.976876e+03 2.810097e+03
1.6 3.729333e+03 3.691132e+03 2.989497e+03 3.027697e+03
2.6 3.658128e+03 3.598602e+03 2.978394e+03 3.037920e+03
3.6 3.617974e+03 3.439307e+03 2.964785e+03 3.143452e+03
4.6 3.651199e+03 3.699019e+03 2.979293e+03 2.931473e+03
5.6 3.566622e+03 3.547143e+03 2.990552e+03 3.010030e+03
6.6 3.124755e+03 3.474090e+03 2.974799e+03 2.625464e+03
7.6 4.112946e+03 3.992185e+03 2.970520e+03 3.091281e+03
8.6 3.895761e+03 3.757979e+03 2.992320e+03 3.130103e+03
9.6 3.327364e+03 3.459805e+03 3.016380e+03 2.883940e+03
10.6 3.690278e+03 3.752994e+03 3.012319e+03 2.949603e+03
11.6 3.342605e+03 3.359844e+03 2.983813e+03 2.966574e+03
12.6 3.230770e+03 3.242216e+03 2.977377e+03 2.965931e+03
13.6 2.790928e+03 3.074608e+03 2.997406e+03 2.713726e+03
14.6 3.049954e+03 3.137641e+03 3.020126e+03 2.932439e+03
15.6 3.163290e+03 3.301613e+03 3.033456e+03 2.895133e+03
16.6 3.335018e+03 3.343402e+03 3.021281e+03 3.012897e+03
17.6 3.502064e+03 3.320726e+03 2.986908e+03 3.168246e+03
18.6 3.361719e+03 3.297788e+03 2.975433e+03 3.039365e+03
19.6 3.211124e+03 3.347497e+03 2.993322e+03 2.856949e+03
20.6 3.525253e+03 3.478590e+03 3.016186e+03 3.062848e+03
21.6 3.402276e+03 3.309393e+03 3.030814e+03 3.123697e+03
1.0 3.651199e+03 3.699019e+03 2.979293e+03 2.931473e+03
2.0 3.566622e+03 3.547143e+03 2.990552e+03 3.010030e+03
3.0 3.124755e+03 3.474090e+03 2.974799e+03 2.625464e+03
4.0 4.112946e+03 3.992185e+03 2.970520e+03 3.091281e+03
5.0 3.895761e+03 3.757979e+03 2.992320e+03 3.130103e+03
6.0 3.327364e+03 3.459805e+03 3.016380e+03 2.883940e+03
7.0 3.690278e+03 3.752994e+03 3.012319e+03 2.949603e+03
8.0 3.342605e+03 3.359844e+03 2.983813e+03 2.966574e+03
9.0 3.230770e+03 3.242216e+03 2.977377e+03 2.965931e+03
10.0 2.790928e+03 3.074608e+03 2.997406e+03 2.713726e+03
11.0 3.049954e+03 3.137641e+03 3.020126e+03 2.932439e+03
12.0 3.163290e+03 3.301613e+03 3.033456e+03 2.895133e+03
13.0 3.335018e+03 3.343402e+03 3.021281e+03 3.012897e+03
14.0 3.502064e+03 3.320726e+03 2.986908e+03 3.168246e+03
15.0 3.361719e+03 3.297788e+03 2.975433e+03 3.039365e+03
16.0 3.211124e+03 3.347497e+03 2.993322e+03 2.856949e+03
17.0 3.525253e+03 3.478590e+03 3.016186e+03 3.062848e+03
18.0 3.402276e+03 3.309393e+03 3.030814e+03 3.123697e+03
19.0 3.285728e+03 3.233450e+03 3.021227e+03 3.073505e+03
20.0 2.680218e+03 3.087689e+03 2.987614e+03 2.580142e+03
21.0 3.521492e+03 3.174955e+03 2.974511e+03 3.321048e+03
22.0 3.293609e+03 3.253766e+03 2.991661e+03 3.031504e+03
0.1 3.895761e+03 3.757979e+03 2.992320e+03 3.130103e+03
1.1 3.327364e+03 3.459805e+03 3.016380e+03 2.883940e+03
2.1 3.690278e+03 3.752994e+03 3.012319e+03 2.949603e+03
3.1 3.342605e+03 3.359844e+03 2.983813e+03 2.966574e+03
4.1 3.230770e+03 3.242216e+03 2.977377e+03 2.965931e+03
5.1 2.790928e+03 3.074608e+03 2.997406e+03 2.713726e+03
6.1 3.049954e+03 3.137641e+03 3.020126e+03 2.932439e+03
7.1 3.163290e+03 3.301613e+03 3.033456e+03 2.895133e+03
8.1 3.335018e+03 3.343402e+03 3.021281e+03 3.012897e+03
9.1 3.502064e+03 3.320726e+03 2.986908e+03 3.168246e+03
10.1 3.361719e+03 3.297788e+03 2.975433e+03 3.039365e+03
11.1 3.211124e+03 3.347497e+03 2.993322e+03 2.856949e+03
12.1 3.525253e+03 3.478590e+03 3.016186e+03 3.062848e+03
13.1 3.402276e+03 3.309393e+03 3.030814e+03 3.123697e+03
14.1 3.285728e+03 3.233450e+03 3.021227e+03 3.073505e+03
15.1 2.680218e+03 3.087689e+03 2.987614e+03 2.580142e+03
16.1 3.521492e+03 3.174955e+03 2.974511e+03 3.321048e+03
17.1 3.293609e+03 3.253766e+03 2.991661e+03 3.031504e+03
18.1 3.260301e+03 3.348707e+03 3.014892e+03 2.926485e+03
19.1 3.481288e+03 3.407784e+03 3.031145e+03 3.104649e+03
20.1 3.629986e+03 3.379528e+03 3.039948e+03 3.290405e+03
21.1 3.609954e+03 3.403843e+03 3.043751e+03 3.249862e+03
0.1 3.049954e+03 3.137641e+03 3.020126e+03 2.932439e+03
1.1 3.163290e+03 3.301613e+03 3.033456e+03 2.895133e+03
2.1 3.335018e+03 3.343402e+03 3.021281e+03 3.012897e+03
3.1 3.502064e+03 3.320726e+03 2.986908e+03 3.168246e+03
4.1 3.361719e+03 3.297788e+03 2.975433e+03 3.039365e+03
5.1 3.211124e+03 3.347497e+03 2.993322e+03 2.856949e+03
6.1 3.525253e+03 3.478590e+03 3.016186e+03 3.062848e+03
7.1 3.402276e+03 3.309393e+03 3.030814e+03 3.123697e+03
8.1 3.285728e+03 3.233450e+03 3.021227e+03 3.073505e+03
9.1 2.680218e+03 3.087689e+03 2.987614e+03 2.580142e+03
10.1 3.521492e+03 3.174955e+03 2.974511e+03 3.321048e+03
11.1 3.293609e+03 3.253766e+03 2.991661e+03 3.031504e+03
12.1 3.260301e+03 3.348707e+03 3.014892e+03 2.926485e+03
13.1 3.481288e+03 3.407784e+03 3.031145e+03 3.104649e+03
14.1 3.629986e+03 3.379528e+03 3.039948e+03 3.290405e+03
15.1 3.609954e+03 3.403843e+03 3.043751e+03 3.249862e+03
16.1 3.452283e+03 3.362766e+03 3.044472e+03 3.133989e+03
17.1 3.500089e+03 3.412722e+03 3.039745e+03 3.127112e+03
18.1 3.744023e+03 3.361648e+03 3.011617e+03 3.393992e+03
19.1 3.598024e+03 3.383004e+03 2.975534e+03 3.190554e+03
20.1 3.660763e+03 3.319127e+03 2.972649e+03 3.314285e+03
21.1 3.050079e+03 3.217191e+03 2.994766e+03 2.827653e+03
1.0 3.402276e+03 3.309393e+03 3.030814e+03 3.123697e+03
2.0 3.285728e+03 3.233450e+03 3.021227e+03 3.073505e+03
3.0 2.680218e+03 3.087689e+03 2.987614e+03 2.580142e+03
4.0 3.521492e+03 3.174955e+03 2.974511e+03 3.321048e+03
5.0 3.293609e+03 3.253766e+03 2.991661e+03 3.031504e+03
6.0 3.260301e+03 3.348707e+03 3.014892e+03 2.926485e+03
7.0 3.481288e+03 3.407784e+03 3.031145e+03 3.104649e+03
8.0 3.629986e+03 3.379528e+03 3.039948e+03 3.290405e+03
9.0 3.609954e+03 3.403843e+03 3.043751e+03 3.249862e+03
10.0 3.452283e+03 3.362766e+03 3.044472e+03 3.133989e+03
11.0 3.500089e+03 3.412722e+03 3.039745e+03 3.127112e+03
12.0 3.744023e+03 3.361648e+03 3.011617e+03 3.393992e+03
13.0 3.598024e+03 3.383004e+03 2.975534e+03 3.190554e+03
14.0 3.660763e+03 3.319127e+03 2.972649e+03 3.314285e+03
15.0 3.050079e+03 3.217191e+03 2.994766e+03 2.827653e+03
16.0 3.005972e+03 3.266952e+03 3.011338e+03 2.750357e+03
17.0 2.976813e+03 3.293497e+03 2.995505e+03 2.678821e+03
18.0 3.084414e+03 3.326872e+03 2.972482e+03 2.730024e+03
19.0 3.440006e+03 3.394204e+03 2.980056e+03 3.025859e+03
20.0 3.483257e+03 3.402116e+03 3.004637e+03 3.085778e+03
21.0 3.302137e+03 3.384863e+03 3.016031e+03 2.933305e+03
22.0 3.138931e+03 3.337048e+03 2.994071e+03 2.795953e+03
0.3 3.452283e+03 3.362766e+03 3.044472e+03 3.133989e+03
1.3 3.500089e+03 3.412722e+03 3.039745e+03 3.127112e+03
2.3 3.744023e+03 3.361648e+03 3.011617e+03 3.393992e+03
3.3 3.598024e+03 3.383004e+03 2.975534e+03 3.190554e+03
4.3 3.660763e+03 3.319127e+03 2.972649e+03 3.314285e+03
5.3 3.050079e+03 3.217191e+03 2.994766e+03 2.827653e+03
6.3 3.005972e+03 3.266952e+03 3.011338e+03 2.750357e+03
7.3 2.976813e+03 3.293497e+03 2.995505e+03 2.678821e+03
8.3 3.084414e+03 3.326872e+03 2.972482e+03 2.730024e+03
9.3 3.440006e+03 3.394204e+03 2.980056e+03 3.025859e+03
10.3 3.483257e+03 3.402116e+03 3.004637e+03 3.085778e+03
11.3 3.302137e+03 3.384863e+03 3.016031e+03 2.933305e+03
12.3 3.138931e+03 3.337048e+03 2.994071e+03 2.795953e+03
13.3 3.256941e+03 3.290595e+03 2.973709e+03 2.940055e+03
14.3 3.156613e+03 3.277898e+03 2.985130e+03 2.863845e+03
15.3 3.107908e+03 3.250400e+03 3.009258e+03 2.866766e+03
16.3 2.594694e+03 2.709362e+03 3.015531e+03 2.900863e+03
17.3 2.913346e+03 2.819323e+03 2.990092e+03 3.084115e+03
18.3 2.830080e+03 2.922330e+03 2.973651e+03 2.881401e+03
19.3 2.976416e+03 2.961201e+03 2.988472e+03 3.003687e+03
20.3 3.117095e+03 2.918474e+03 3.012838e+03 3.211459e+03
21.3 3.080673e+03 3.072467e+03 3.030369e+03 3.038575e+03
0.5 3.050079e+03 3.217191e+03 2.994766e+03 2.827653e+03
1.5 3.005972e+03 3.266952e+03 3.011338e+03 2.750357e+03
2.5 2.976813e+03 3.293497e+03 2.995505e+03 2.678821e+03
3.5 3.084414e+03 3.326872e+03 2.972482e+03 2.730024e+03
4.5 3.440006e+03 3.394204e+03 2.980056e+03 3.025859e+03
5.5 3.483257e+03 3.402116e+03 3.004637e+03 3.085778e+03
6.5 3.302137e+03 3.384863e+03 3.016031e+03 2.933305e+03
7.5 3.138931e+03 3.337048e+03 2.994071e+03 2.795953e+03
8.5 3.256941e+03 3.290595e+03 2.973709e+03 2.940055e+03
9.5 3.156613e+03 3.277898e+03 2.985130e+03 2.863845e+03
10.5 3.107908e+03 3.250400e+03 3.009258e+03 2.866766e+03
11.5 2.594694e+03 2.709362e+03 3.015531e+03 2.900863e+03
12.5 2.913346e+03 2.819323e+03 2.990092e+03 3.084115e+03
13.5 2.830080e+03 2.922330e+03 2.973651e+03 2.881401e+03
14.5 2.976416e+03 2.961201e+03 2.988472e+03 3.003687e+03
15.5 3.117095e+03 2.918474e+03 3.012838e+03 3.211459e+03
16.5 3.080673e+03 3.072467e+03 3.030369e+03 3.038575e+03
17.5 2.683903e+03 2.961473e+03 3.027836e+03 2.750266e+03
18.5 2.491316e+03 2.742563e+03 2.996162e+03 2.744914e+03
19.5 2.920354e+03 3.260487e+03 2.974793e+03 2.634660e+03
20.5 3.130996e+03 3.160017e+03 2.984710e+03 2.955690e+03
21.5 2.591456e+03 2.961593e+03 2.986300e+03 2.616162e+03
0.7 3.483257e+03 3.402116e+03 3.004637e+03 3.085778e+03
1.7 3.302137e+03 3.384863e+03 3.016031e+03 2.933305e+03
2.7 3.138931e+03 3.337048e+03 2.994071e+03 2.795953e+03
3.7 3.256941e+03 3.290595e+03 2.973709e+03 2.940055e+03
4.7 3.156613e+03 3.277898e+03 2.985130e+03 2.863845e+03
5.7 3.107908e+03 3.250400e+03 3.009258e+03 2.866766e+03
6.7 2.594694e+03 2.709362e+03 3.015531e+03 2.900863e+03
7.7 2.913346e+03 2.819323e+03 2.990092e+03 3.084115e+03
8.7 2.830080e+03 2.922330e+03 2.973651e+03 2.881401e+03
9.7 2.976416e+03 2.961201e+03 2.988472e+03 3.003687e+03
10.7 3.117095e+03 2.918474e+03 3.012838e+03 3.211459e+03
11.7 3.080673e+03 3.072467e+03 3.030369e+03 3.038575e+03
12.7 2.683903e+03 2.961473e+03 3.027836e+03 2.750266e+03
13.7 2.491316e+03 2.742563e+03 2.996162e+03 2.744914e+03
14.7 2.920354e+03 3.260487e+03 2.974793e+03 2.634660e+03
15.7 3.130996e+03 3.160017e+03 2.984710e+03 2.955690e+03
16.7 2.591456e+03 2.961593e+03 2.986300e+03 2.616162e+03
17.7 2.735569e+03 2.854617e+03 2.967705e+03 2.848657e+03
18.7 2.928038e+03 3.308247e+03 2.969757e+03 2.589548e+03
19.7 3.613640e+03 3.369423e+03 2.995156e+03 3.239373e+03
20.7 2.800131e+03 3.084639e+03 3.020689e+03 2.736181e+03
21.7 3.112073e+03 3.032887e+03 3.034953e+03 3.114139e+03
0.8 3.107908e+03 3.250400e+03 3.009258e+03 2.866766e+03
1.8 2.594694e+03 2.709362e+03 3.015531e+03 2.900863e+03
2.8 2.913346e+03 2.819323e+03 2.990092e+03 3.084115e+03
3.8 2.830080e+03 2.922330e+03 2.973651e+03 2.881401e+03
4.8 2.976416e+03 2.961201e+03 2.988472e+03 3.003687e+03
5.8 3.117095e+03 2.918474e+03 3.012838e+03 3.211459e+03
6.8 3.080673e+03 3.072467e+03 3.030369e+03 3.038575e+03
7.8 2.683903e+03 2.961473e+03 3.027836e+03 2.750266e+03
8.8 2.491316e+03 2.742563e+03 2.996162e+03 2.744914e+03
9.8 2.920354e+03 3.260487e+03 2.974793e+03 2.634660e+03
10.8 3.130996e+03 3.160017e+03 2.984710e+03 2.955690e+03
11.8 2.591456e+03 2.961593e+03 2.986300e+03 2.616162e+03
12.8 2.735569e+03 2.854617e+03 2.967705e+03 2.848657e+03
13.8 2.928038e+03 3.308247e+03 2.969757e+03 2.589548e+03
14.8 3.613640e+03 3.369423e+03 2.995156e+03 3.239373e+03
15.8 2.800131e+03 3.084639e+03 3.020689e+03 2.736181e+03
16.8 3.112073e+03 3.032887e+03 3.034953e+03 3.114139e+03
17.8 3.370743e+03 3.192734e+03 3.022094e+03 3.200104e+03
18.8 3.350441e+03 3.409022e+03 2.987435e+03 2.928854e+03
19.8 3.172954e+03 3.269996e+03 2.976553e+03 2.879510e+03
20.8 3.309834e+03 3.142129e+03 2.988751e+03 3.156456e+03
21.8 3.467158e+03 3.323010e+03 2.981179e+03 3.125327e+03
0.8 3.080673e+03 3.072467e+03 3.030369e+03 3.038575e+03
1.8 2.683903e+03 2.961473e+03 3.027836e+03 2.750266e+03
2.8 2.491316e+03 2.742563e+03 2.996162e+03 2.744914e+03
3.8 2.920354e+03 3.260487e+03 2.974793e+03 2.634660e+03
4.8 3.130996e+03 3.160017e+03 2.984710e+03 2.955690e+03
5.8 2.591456e+03 2.961593e+03 2.986300e+03 2.616162e+03
6.8 2.735569e+03 2.854617e+03 2.967705e+03 2.848657e+03
7.8 2.928038e+03 3.308247e+03 2.969757e+03 2.589548e+03
8.8 3.613640e+03 3.369423e+03 2.995156e+03 3.239373e+03
9.8 2.800131e+03 3.084639e+03 3.020689e+03 2.736181e+03
10.8 3.112073e+03 3.032887e+03 3.034953e+03 3.114139e+03
11.8 3.370743e+03 3.192734e+03 3.022094e+03 3.200104e+03
12.8 3.350441e+03 3.409022e+03 2.987435e+03 2.928854e+03
13.8 3.172954e+03 3.269996e+03 2.976553e+03 2.879510e+03
14.8 3.309834e+03 3.142129e+03 2.988751e+03 3.156456e+03
15.8 3.467158e+03 3.323010e+03 2.981179e+03 3.125327e+03
16.8 3.500538e+03 3.459610e+03 2.964895e+03 3.005822e+03
17.8 3.224711e+03 3.180208e+03 2.976431e+03 3.020934e+03
18.8 3.644073e+03 3.345351e+03 3.003894e+03 3.302616e+03
19.8 3.703664e+03 3.554773e+03 3.017716e+03 3.166607e+03
20.8 3.439704e+03 3.447641e+03 2.996967e+03 2.989031e+03
21.8 3.553095e+03 3.223535e+03 2.975644e+03 3.305204e+03
0.1 2.920354e+03 3.260487e+03 2.974793e+03 2.634660e+03
1.1 3.130996e+03 3.160017e+03 2.984710e+03 2.955690e+03
2.1 2.591456e+03 2.961593e+03 2.986300e+03 2.616162e+03
3.1 2.735569e+03 2.854617e+03 2.967705e+03 2.848657e+03
4.1 2.928038e+03 3.308247e+03 2.969757e+03 2.589548e+03
5.1 3.613640e+03 3.369423e+03 2.995156e+03 3.239373e+03
6.1 2.800131e+03 3.084639e+03 3.020689e+03 2.736181e+03
7.1 3.112073e+03 3.032887e+03 3.034953e+03 3.114139e+03
8.1 3.370743e+03 3.192734e+03 3.022094e+03 3.200104e+03
9.1 3.350441e+03 3.409022e+03 2.987435e+03 2.928854e+03
10.1 3.172954e+03 3.269996e+03 2.976553e+03 2.879510e+03
11.1 3.309834e+03 3.142129e+03 2.988751e+03 3.156456e+03
12.1 3.467158e+03 3.323010e+03 2.981179e+03 3.125327e+03
13.1 3.500538e+03 3.459610e+03 2.964895e+03 3.005822e+03
14.1 3.224711e+03 3.180208e+03 2.976431e+03 3.020934e+03
15.1 3.644073e+03 3.345351e+03 3.003894e+03 3.302616e+03
16.1 3.703664e+03 3.554773e+03 3.017716e+03 3.166607e+03
17.1 3.439704e+03 3.447641e+03 2.996967e+03 2.989031e+03
18.1 3.553095e+03 3.223535e+03 2.975644e+03 3.305204e+03
19.1 3.595848e+03 3.277202e+03 2.984736e+03 3.303382e+03
20.1 3.470516e+03 3.365936e+03 2.990694e+03 3.095274e+03
21.1 3.486087e+03 3.387888e+03 2.972502e+03 3.070701e+03
0.1 2.800131e+03 3.084639e+03 3.020689e+03 2.736181e+03
1.1 3.112073e+03 3.032887e+03 3.034953e+03 3.114139e+03
2.1 3.370743e+03 3.192734e+03 3.022094e+03 3.200104e+03
3.1 3.350441e+03 3.409022e+03 2.987435e+03 2.928854e+03
4.1 3.172954e+03 3.269996e+03 2.976553e+03 2.879510e+03
5.1 3.309834e+03 3.142129e+03 2.988751e+03 3.156456e+03
6.1 3.467158e+03 3.323010e+03 2.981179e+03 3.125327e+03
7.1 3.500538e+03 3.459610e+03 2.964895e+03 3.005822e+03
8.1 3.224711e+03 3.180208e+03 2.976431e+03 3.020934e+03
9.1 3.644073e+03 3.345351e+03 3.003894e+03 3.302616e+03
10.1 3.703664e+03 3.554773e+03 3.017716e+03 3.166607e+03
11.1 3.439704e+03 3.447641e+03 2.996967e+03 2.989031e+03
12.1 3.553095e+03 3.223535e+03 2.975644e+03 3.305204e+03
13.1 3.595848e+03 3.277202e+03 2.984736e+03 3.303382e+03
14.1 3.470516e+03 3.365936e+03 2.990694e+03 3.095274e+03
15.1 3.486087e+03 3.387888e+03 2.972502e+03 3.070701e+03
16.1 3.775262e+03 3.489573e+03 2.969428e+03 3.255117e+03
17.1 3.612955e+03 3.621958e+03 2.987821e+03 2.978817e+03
18.1 3.678891e+03 3.655445e+03 2.985833e+03 3.009279e+03
19.1 3.904533e+03 3.621702e+03 2.969288e+03 3.252119e+03
20.1 3.806594e+03 3.610054e+03 2.977674e+03 3.174214e+03
21.1 3.715315e+03 3.631497e+03 2.992465e+03 3.076284e+03
0.5 3.172954e+03 3.269996e+03 2.976553e+03 2.879510e+03
1.5 3.309834e+03 3.142129e+03 2.988751e+03 3.156456e+03
2.5 3.467158e+03 3.323010e+03 2.981179e+03 3.125327e+03
3.5 3.500538e+03 3.459610e+03 2.964895e+03 3.005822e+03
4.5 3.224711e+03 3.180208e+03 2.976431e+03 3.020934e+03
5.5 3.644073e+03 3.345351e+03 3.003894e+03 3.302616e+03
6.5 3.703664e+03 3.554773e+03 3.017716e+03 3.166607e+03
7.5 3.439704e+03 3.447641e+03 2.996967e+03 2.989031e+03
8.5 3.553095e+03 3.223535e+03 2.975644e+03 3.305204e+03
9.5 3.595848e+03 3.277202e+03 2.984736e+03 3.303382e+03
10.5 3.470516e+03 3.365936e+03 2.990694e+03 3.095274e+03
11.5 3.486087e+03 3.387888e+03 2.972502e+03 3.070701e+03
12.5 3.775262e+03 3.489573e+03 2.969428e+03 3.255117e+03
13.5 3.612955e+03 3.621958e+03 2.987821e+03 2.978817e+03
14.5 3.678891e+03 3.655445e+03 2.985833e+03 3.009279e+03
15.5 3.904533e+03 3.621702e+03 2.969288e+03 3.252119e+03
16.5 3.806594e+03 3.610054e+03 2.977674e+03 3.174214e+03
17.5 3.715315e+03 3.631497e+03 2.992465e+03 3.076284e+03
18.5 3.615658e+03 3.639325e+03 2.979725e+03 2.956057e+03
19.5 3.806292e+03 3.660344e+03 2.969541e+03 3.115489e+03
20.5 3.835510e+03 3.645077e+03 2.987332e+03 3.177764e+03
21.5 3.670841e+03 3.497690e+03 3.013224e+03 3.186374e+03
0.6 3.644073e+03 3.345351e+03 3.003894e+03 3.302616e+03
1.6 3.703664e+03 3.554773e+03 3.017716e+03 3.166607e+03
2.6 3.439704e+03 3.447641e+03 2.996967e+03 2.989031e+03
3.6 3.553095e+03 3.223535e+03 2.975644e+03 3.305204e+03
4.6 3.595848e+03 3.277202e+03 2.984736e+03 3.303382e+03
5.6 3.470516e+03 3.365936e+03 2.990694e+03 3.095274e+03
6.6 3.486087e+03 3.387888e+03 2.972502e+03 3.070701e+03
7.6 3.775262e+03 3.489573e+03 2.969428e+03 3.255117e+03
8.6 3.612955e+03 3.621958e+03 2.987821e+03 2.978817e+03
9.6 3.678891e+03 3.655445e+03 2.985833e+03 3.009279e+03
10.6 3.904533e+03 3.621702e+03 2.969288e+03 3.252119e+03
11.6 3.806594e+03 3.610054e+03 2.977674e+03 3.174214e+03
12.6 3.715315e+03 3.631497e+03 2.992465e+03 3.076284e+03
13.6 3.615658e+03 3.639325e+03 2.979725e+03 2.956057e+03
14.6 3.806292e+03 3.660344e+03 2.969541e+03 3.115489e+03
15.6 3.835510e+03 3.645077e+03 2.987332e+03 3.177764e+03
16.6 3.670841e+03 3.497690e+03 3.013224e+03 3.186374e+03
17.6 2.689132e+03 3.529846e+03 3.017214e+03 2.176500e+03
18.6 3.396568e+03 3.496264e+03 2.990196e+03 2.890500e+03
19.6 3.375390e+03 3.420452e+03 2.975866e+03 2.930805e+03
20.6 3.136367e+03 3.480847e+03 2.991862e+03 2.647381e+03
21.6 3.207387e+03 3.506399e+03 3.014094e+03 2.715082e+03
1.0 3.595848e+03 3.277202e+03 2.984736e+03 3.303382e+03
2.0 3.470516e+03 3.365936e+03 2.990694e+03 3.095274e+03
3.0 3.486087e+03 3.387888e+03 2.972502e+03 3.070701e+03
4.0 3.775262e+03 3.489573e+03 2.969428e+03 3.255117e+03
5.0 3.612955e+03 3.621958e+03 2.987821e+03 2.978817e+03
6.0 3.678891e+03 3.655445e+03 2.985833e+03 3.009279e+03
7.0 3.904533e+03 3.621702e+03 2.969288e+03 3.252119e+03
8.0 3.806594e+03 3.610054e+03 2.977674e+03 3.174214e+03
9.0 3.715315e+03 3.631497e+03 2.992465e+03 3.076284e+03
10.0 3.615658e+03 3.639325e+03 2.979725e+03 2.956057e+03
11.0 3.806292e+03 3.660344e+03 2.969541e+03 3.115489e+03
12.0 3.835510e+03 3.645077e+03 2.987332e+03 3.177764e+03
13.0 3.670841e+03 3.497690e+03 3.013224e+03 3.186374e+03
14.0 2.689132e+03 3.529846e+03 3.017214e+03 2.176500e+03
15.0 3.396568e+03 3.496264e+03 2.990196e+03 2.890500e+03
16.0 3.375390e+03 3.420452e+03 2.975866e+03 2.930805e+03
17.0 3.136367e+03 3.480847e+03 2.991862e+03 2.647381e+03
18.0 3.207387e+03 3.506399e+03 3.014094e+03 2.715082e+03
19.0 3.537959e+03 3.483493e+03 3.011237e+03 3.065702e+03
20.0 3.451162e+03 3.577888e+03 2.982942e+03 2.856216e+03
21.0 3.511491e+03 3.515986e+03 2.975058e+03 2.970563e+03
22.0 3.826097e+03 3.483734e+03 2.994834e+03 3.337197e+03
0.4 3.775262e+03 3.489573e+03 2.969428e+03 3.255117e+03
1.4 3.612955e+03 3.621958e+03 2.987821e+03 2.978817e+03
2.4 3.678891e+03 3.655445e+03 2.985833e+03 3.009279e+03
3.4 3.904533e+03 3.621702e+03 2.969288e+03 3.252119e+03
4.4 3.806594e+03 3.610054e+03 2.977674e+03 3.174214e+03
5.4 3.715315e+03 3.631497e+03 2.992465e+03 3.076284e+03
6.4 3.615658e+03 3.639325e+03 2.979725e+03 2.956057e+03
7.4 3.806292e+03 3.660344e+03 2.969541e+03 3.115489e+03
8.4 3.835510e+03 3.645077e+03 2.987332e+03 3.177764e+03
9.4 3.670841e+03 3.497690e+03 3.013224e+03 3.186374e+03
10.4 2.689132e+03 3.529846e+03 3.017214e+03 2.176500e+03
11.4 3.396568e+03 3.496264e+03 2.990196e+03 2.890500e+03
12.4 3.375390e+03 3.420452e+03 2.975866e+03 2.930805e+03
13.4 3.136367e+03 3.480847e+03 2.991862e+03 2.647381e+03
14.4 3.207387e+03 3.506399e+03 3.014094e+03 2.715082e+03
15.4 3.537959e+03 3.483493e+03 3.011237e+03 3.065702e+03
16.4 3.451162e+03 3.577888e+03 2.982942e+03 2.856216e+03
17.4 3.511491e+03 3.515986e+03 2.975058e+03 2.970563e+03
18.4 3.826097e+03 3.483734e+03 2.994834e+03 3.337197e+03
19.4 3.632248e+03 3.585293e+03 3.018332e+03 3.065287e+03
20.4 3.749240e+03 3.607523e+03 3.032799e+03 3.174516e+03
21.4 3.662444e+03 3.599252e+03 3.022706e+03 3.085897e+03
0.7 3.806594e+03 3.610054e+03 2.977674e+03 3.174214e+03
1.7 3.715315e+03 3.631497e+03 2.992465e+03 3.076284e+03
2.7 3.615658e+03 3.639325e+03 2.979725e+03 2.956057e+03
3.7 3.806292e+03 3.660344e+03 2.969541e+03 3.115489e+03
4.7 3.835510e+03 3.645077e+03 2.987332e+03 3.177764e+03
5.7 3.670841e+03 3.497690e+03 3.013224e+03 3.186374e+03
6.7 2.689132e+03 3.529846e+03 3.017214e+03 2.176500e+03
7.7 3.396568e+03 3.496264e+03 2.990196e+03 2.890500e+03
8.7 3.375390e+03 3.420452e+03 2.975866e+03 2.930805e+03
9.7 3.136367e+03 3.480847e+03 2.991862e+03 2.647381e+03
10.7 3.207387e+03 3.506399e+03 3.014094e+03 2.715082e+03
11.7 3.537959e+03 3.483493e+03 3.011237e+03 3.065702e+03
12.7 3.451162e+03 3.577888e+03 2.982942e+03 2.856216e+03
13.7 3.511491e+03 3.515986e+03 2.975058e+03 2.970563e+03
14.7 3.826097e+03 3.483734e+03 2.994834e+03 3.337197e+03
15.7 3.632248e+03 3.585293e+03 3.018332e+03 3.065287e+03
16.7 3.749240e+03 3.607523e+03 3.032799e+03 3.174516e+03
17.7 3.662444e+03 3.599252e+03 3.022706e+03 3.085897e+03
18.7 3.633638e+03 3.615370e+03 2.988562e+03 3.006830e+03
19.7 3.675723e+03 3.627587e+03 2.975055e+03 3.023191e+03
20.7 3.775838e+03 3.549180e+03 2.991946e+03 3.218604e+03
21.7 3.625959e+03 3.579642e+03 3.013016e+03 3.059334e+03
0.9 3.670841e+03 3.497690e+03 3.013224e+03 3.186374e+03
1.9 2.689132e+03 3.529846e+03 3.017214e+03 2.176500e+03
2.9 3.396568e+03 3.496264e+03 2.990196e+03 2.890500e+03
3.9 3.375390e+03 3.420452e+03 2.975866e+03 2.930805e+03
4.9 3.136367e+03 3.480847e+03 2.991862e+03 2.647381e+03
5.9 3.207387e+03 3.506399e+03 3.014094e+03 2.715082e+03
6.9 3.537959e+03 3.483493e+03 3.011237e+03 3.065702e+03
7.9 3.451162e+03 3.577888e+03 2.982942e+03 2.856216e+03
8.9 3.511491e+03 3.515986e+03 2.975058e+03 2.970563e+03
9.9 3.826097e+03 3.483734e+03 2.994834e+03 3.337197e+03
10.9 3.632248e+03 3.585293e+03 3.018332e+03 3.065287e+03
11.9 3.749240e+03 3.607523e+03 3.032799e+03 3.174516e+03
12.9 3.662444e+03 3.599252e+03 3.022706e+03 3.085897e+03
13.9 3.633638e+03 3.615370e+03 2.988562e+03 3.006830e+03
14.9 3.675723e+03 3.627587e+03 2.975055e+03 3.023191e+03
15.9 3.775838e+03 3.549180e+03 2.991946e+03 3.218604e+03
16.9 3.625959e+03 3.579642e+03 3.013016e+03 3.059334e+03
17.9 3.707348e+03 3.660656e+03 3.007289e+03 3.053980e+03
18.9 3.640844e+03 3.690645e+03 2.979397e+03 2.929597e+03
19.9 3.665196e+03 3.455444e+03 2.974965e+03 3.184717e+03
20.9 3.091712e+03 3.427307e+03 2.989604e+03 2.654009e+03
21.9 3.440118e+03 3.522966e+03 2.981538e+03 2.898691e+03
0.1 3.136367e+03 3.480847e+03 2.991862e+03 2.647381e+03
1.1 3.207387e+03 3.506399e+03 3.014094e+03 2.715082e+03
2.1 3.537959e+03 3.483493e+03 3.011237e+03 3.065702e+03
3.1 3.451162e+03 3.577888e+03 2.982942e+03 2.856216e+03
4.1 3.511491e+03 3.515986e+03 2.975058e+03 2.970563e+03
5.1 3.826097e+03 3.483734e+03 2.994834e+03 3.337197e+03
6.1 3.632248e+03 3.585293e+03 3.018332e+03 3.065287e+03
7.1 3.749240e+03 3.607523e+03 3.032799e+03 3.174516e+03
8.1 3.662444e+03 3.599252e+03 3.022706e+03 3.085897e+03
9.1 3.633638e+03 3.615370e+03 2.988562e+03 3.006830e+03
10.1 3.675723e+03 3.627587e+03 2.975055e+03 3.023191e+03
11.1 3.775838e+03 3.549180e+03 2.991946e+03 3.218604e+03
12.1 3.625959e+03 3.579642e+03 3.013016e+03 3.059334e+03
13.1 3.707348e+03 3.660656e+03 3.007289e+03 3.053980e+03
14.1 3.640844e+03 3.690645e+03 2.979397e+03 2.929597e+03
15.1 3.665196e+03 3.455444e+03 2.974965e+03 3.184717e+03
16.1 3.091712e+03 3.427307e+03 2.989604e+03 2.654009e+03
17.1 3.440118e+03 3.522966e+03 2.981538e+03 2.898691e+03
18.1 3.388260e+03 3.540292e+03 2.966323e+03 2.814292e+03
19.1 3.458699e+03 3.590628e+03 2.978504e+03 2.846575e+03
20.1 3.515470e+03 3.604257e+03 2.990793e+03 2.902006e+03
21.1 3.313031e+03 3.573251e+03 2.975865e+03 2.715645e+03
1.0 3.749240e+03 3.607523e+03 3.032799e+03 3.174516e+03
2.0 3.662444e+03 3.599252e+03 3.022706e+03 3.085897e+03
3.0 3.633638e+03 3.615370e+03 2.988562e+03 3.006830e+03
4.0 3.675723e+03 3.627587e+03 2.975055e+03 3.023191e+03
5.0 3.775838e+03 3.549180e+03 2.991946e+03 3.218604e+03
6.0 3.625959e+03 3.579642e+03 3.013016e+03 3.059334e+03
7.0 3.707348e+03 3.660656e+03 3.007289e+03 3.053980e+03
8.0 3.640844e+03 3.690645e+03 2.979397e+03 2.929597e+03
9.0 3.665196e+03 3.455444e+03 2.974965e+03 3.184717e+03
10.0 3.091712e+03 3.427307e+03 2.989604e+03 2.654009e+03
11.0 3.440118e+03 3.522966e+03 2.981538e+03 2.898691e+03
12.0 3.388260e+03 3.540292e+03 2.966323e+03 2.814292e+03
13.0 3.458699e+03 3.590628e+03 2.978504e+03 2.846575e+03
14.0 3.515470e+03 3.604257e+03 2.990793e+03 2.902006e+03
15.0 3.313031e+03 3.573251e+03 2.975865e+03 2.715645e+03
16.0 3.539704e+03 3.655885e+03 2.969977e+03 2.853796e+03
17.0 3.864415e+03 3.701894e+03 2.990844e+03 3.153366e+03
18.0 3.551012e+03 3.634649e+03 3.016989e+03 2.933353e+03
19.0 3.614546e+03 3.689161e+03 3.034618e+03 2.960002e+03
0.2 3.775838e+03 3.549180e+03 2.991946e+03 3.218604e+03
1.2 3.625959e+03 3.579642e+03 3.013016e+03 3.059334e+03
2.2 3.707348e+03 3.660656e+03 3.007289e+03 3.053980e+03
3.2 3.640844e+03 3.690645e+03 2.979397e+03 2.929597e+03
4.2 3.665196e+03 3.455444e+03 2.974965e+03 3.184717e+03
5.2 3.091712e+03 3.427307e+03 2.989604e+03 2.654009e+03
6.2 3.440118e+03 3.522966e+03 2.981538e+03 2.898691e+03
7.2 3.388260e+03 3.540292e+03 2.966323e+03 2.814292e+03
8.2 3.458699e+03 3.590628e+03 2.978504e+03 2.846575e+03
9.2 3.515470e+03 3.604257e+03 2.990793e+03 2.902006e+03
10.2 3.313031e+03 3.573251e+03 2.975865e+03 2.715645e+03
11.2 3.539704e+03 3.655885e+03 2.969977e+03 2.853796e+03
12.2 3.864415e+03 3.701894e+03 2.990844e+03 3.153366e+03
13.2 3.551012e+03 3.634649e+03 3.016989e+03 2.933353e+03
14.2 3.614546e+03 3.689161e+03 3.034618e+03 2.960002e+03
0.5 3.665196e+03 3.455444e+03 2.974965e+03 3.184717e+03
1.5 3.091712e+03 3.427307e+03 2.989604e+03 2.654009e+03
2.5 3.440118e+03 3.522966e+03 2.981538e+03 2.898691e+03
3.5 3.388260e+03 3.540292e+03 2.966323e+03 2.814292e+03
4.5 3.458699e+03 3.590628e+03 2.978504e+03 2.846575e+03
5.5 3.515470e+03 3.604257e+03 2.990793e+03 2.902006e+03
6.5 3.313031e+03 3.573251e+03 2.975865e+03 2.715645e+03
7.5 3.539704e+03 3.655885e+03 2.969977e+03 2.853796e+03
8.5 3.864415e+03 3.701894e+03 2.990844e+03 3.153366e+03
9.5 3.551012e+03 3.634649e+03 3.016989e+03 2.933353e+03
10.5 3.614546e+03 3.689161e+03 3.034618e+03 2.960002e+03
0.9 3.458699e+03 3.590628e+03 2.978504e+03 2.846575e+03
1.9 3.515470e+03 3.604257e+03 2.990793e+03 2.902006e+03
2.9 3.313031e+03 3.573251e+03 2.975865e+03 2.715645e+03
3.9 3.539704e+03 3.655885e+03 2.969977e+03 2.853796e+03
4.9 3.864415e+03 3.701894e+03 2.990844e+03 3.153366e+03
5.9 3.551012e+03 3.634649e+03 3.016989e+03 2.933353e+03
6.9 3.614546e+03 3.689161e+03 3.034618e+03 2.960002e+03
