0.2 5.687900e+03 5.729723e+03 5.960119e+03 5.918296e+03
1.1 5.771196e+03 5.902626e+03 5.956682e+03 5.825252e+03
2.1 5.839515e+03 5.919074e+03 5.931890e+03 5.852331e+03
3.1 5.777772e+03 5.786960e+03 5.916134e+03 5.906947e+03
4.1 5.756346e+03 5.716677e+03 5.925030e+03 5.964698e+03
5.1 5.743278e+03 5.672117e+03 5.940967e+03 6.012127e+03
6.1 5.841372e+03 5.781195e+03 5.952882e+03 6.013059e+03
7.1 5.850438e+03 5.937148e+03 5.959702e+03 5.872991e+03
8.1 5.978081e+03 5.905816e+03 5.962989e+03 6.035254e+03
9.1 5.930362e+03 5.825269e+03 5.964027e+03 6.069120e+03
10.1 5.986611e+03 5.829191e+03 5.963742e+03 6.121163e+03
11.1 5.790628e+03 5.697925e+03 5.962874e+03 6.055578e+03
12.1 5.820656e+03 5.814439e+03 5.961938e+03 5.968155e+03
13.1 5.804620e+03 5.867072e+03 5.959566e+03 5.897115e+03
14.1 5.991595e+03 6.008083e+03 5.937398e+03 5.920910e+03
15.1 5.801125e+03 5.819097e+03 5.917079e+03 5.899107e+03
16.1 5.827225e+03 5.801136e+03 5.922620e+03 5.948709e+03
17.1 5.748689e+03 5.682046e+03 5.938444e+03 6.005087e+03
18.1 5.764137e+03 5.814494e+03 5.951260e+03 5.900903e+03
19.1 5.931969e+03 5.949569e+03 5.957429e+03 5.939828e+03
20.1 5.924566e+03 5.950651e+03 5.940159e+03 5.914074e+03
1.0 5.804620e+03 5.867072e+03 5.959566e+03 5.897115e+03
2.0 5.991595e+03 6.008083e+03 5.937398e+03 5.920910e+03
3.0 5.801125e+03 5.819097e+03 5.917079e+03 5.899107e+03
4.0 5.827225e+03 5.801136e+03 5.922620e+03 5.948709e+03
5.0 5.748689e+03 5.682046e+03 5.938444e+03 6.005087e+03
6.0 5.764137e+03 5.814494e+03 5.951260e+03 5.900903e+03
7.0 5.931969e+03 5.949569e+03 5.957429e+03 5.939828e+03
8.0 5.924566e+03 5.950651e+03 5.940159e+03 5.914074e+03
9.0 5.812459e+03 5.907192e+03 5.920833e+03 5.826100e+03
10.0 5.822505e+03 5.908584e+03 5.925815e+03 5.839737e+03
11.0 5.947578e+03 5.996397e+03 5.934683e+03 5.885864e+03
12.0 5.877782e+03 5.916947e+03 5.920145e+03 5.880980e+03
13.0 5.889223e+03 5.895239e+03 5.916020e+03 5.910004e+03
14.0 5.919600e+03 5.965343e+03 5.930819e+03 5.885076e+03
15.0 5.974269e+03 5.989125e+03 5.947562e+03 5.932706e+03
16.0 5.960009e+03 5.937789e+03 5.958274e+03 5.980493e+03
17.0 5.934788e+03 5.962275e+03 5.963487e+03 5.935999e+03
18.0 5.983186e+03 6.000575e+03 5.965321e+03 5.947932e+03
19.0 6.043654e+03 6.035442e+03 5.965264e+03 5.973475e+03
20.0 5.962354e+03 5.927675e+03 5.964280e+03 5.998958e+03
21.0 5.898892e+03 5.861616e+03 5.963040e+03 6.000317e+03
0.9 5.931969e+03 5.949569e+03 5.957429e+03 5.939828e+03
1.9 5.924566e+03 5.950651e+03 5.940159e+03 5.914074e+03
2.9 5.812459e+03 5.907192e+03 5.920833e+03 5.826100e+03
3.9 5.822505e+03 5.908584e+03 5.925815e+03 5.839737e+03
4.9 5.947578e+03 5.996397e+03 5.934683e+03 5.885864e+03
5.9 5.877782e+03 5.916947e+03 5.920145e+03 5.880980e+03
6.9 5.889223e+03 5.895239e+03 5.916020e+03 5.910004e+03
7.9 5.919600e+03 5.965343e+03 5.930819e+03 5.885076e+03
8.9 5.974269e+03 5.989125e+03 5.947562e+03 5.932706e+03
9.9 5.960009e+03 5.937789e+03 5.958274e+03 5.980493e+03
10.9 5.934788e+03 5.962275e+03 5.963487e+03 5.935999e+03
11.9 5.983186e+03 6.000575e+03 5.965321e+03 5.947932e+03
12.9 6.043654e+03 6.035442e+03 5.965264e+03 5.973475e+03
13.9 5.962354e+03 5.927675e+03 5.964280e+03 5.998958e+03
14.9 5.898892e+03 5.861616e+03 5.963040e+03 6.000317e+03
15.9 5.913516e+03 5.951726e+03 5.961949e+03 5.923739e+03
16.9 5.983895e+03 6.018154e+03 5.956470e+03 5.922210e+03
17.9 6.094539e+03 6.009604e+03 5.930099e+03 6.015034e+03
18.9 6.022622e+03 5.951740e+03 5.916378e+03 5.987260e+03
19.9 5.925708e+03 5.873738e+03 5.926493e+03 5.978463e+03
20.9 5.952332e+03 5.956199e+03 5.942255e+03 5.938389e+03
0.3 5.822505e+03 5.908584e+03 5.925815e+03 5.839737e+03
1.3 5.947578e+03 5.996397e+03 5.934683e+03 5.885864e+03
2.3 5.877782e+03 5.916947e+03 5.920145e+03 5.880980e+03
3.3 5.889223e+03 5.895239e+03 5.916020e+03 5.910004e+03
4.3 5.919600e+03 5.965343e+03 5.930819e+03 5.885076e+03
5.3 5.974269e+03 5.989125e+03 5.947562e+03 5.932706e+03
6.3 5.960009e+03 5.937789e+03 5.958274e+03 5.980493e+03
7.3 5.934788e+03 5.962275e+03 5.963487e+03 5.935999e+03
8.3 5.983186e+03 6.000575e+03 5.965321e+03 5.947932e+03
9.3 6.043654e+03 6.035442e+03 5.965264e+03 5.973475e+03
10.3 5.962354e+03 5.927675e+03 5.964280e+03 5.998958e+03
11.3 5.898892e+03 5.861616e+03 5.963040e+03 6.000317e+03
12.3 5.913516e+03 5.951726e+03 5.961949e+03 5.923739e+03
13.3 5.983895e+03 6.018154e+03 5.956470e+03 5.922210e+03
14.3 6.094539e+03 6.009604e+03 5.930099e+03 6.015034e+03
15.3 6.022622e+03 5.951740e+03 5.916378e+03 5.987260e+03
16.3 5.925708e+03 5.873738e+03 5.926493e+03 5.978463e+03
17.3 5.952332e+03 5.956199e+03 5.942255e+03 5.938389e+03
18.3 6.084878e+03 6.109738e+03 5.953667e+03 5.928807e+03
19.3 6.042149e+03 6.062036e+03 5.960108e+03 5.940222e+03
20.3 6.008796e+03 6.069928e+03 5.963154e+03 5.902022e+03
0.2 5.913516e+03 5.951726e+03 5.961949e+03 5.923739e+03
1.2 5.983895e+03 6.018154e+03 5.956470e+03 5.922210e+03
2.2 6.094539e+03 6.009604e+03 5.930099e+03 6.015034e+03
3.2 6.022622e+03 5.951740e+03 5.916378e+03 5.987260e+03
4.2 5.925708e+03 5.873738e+03 5.926493e+03 5.978463e+03
5.2 5.952332e+03 5.956199e+03 5.942255e+03 5.938389e+03
6.2 6.084878e+03 6.109738e+03 5.953667e+03 5.928807e+03
7.2 6.042149e+03 6.062036e+03 5.960108e+03 5.940222e+03
8.2 6.008796e+03 6.069928e+03 5.963154e+03 5.902022e+03
9.2 6.025968e+03 6.141518e+03 5.964043e+03 5.848493e+03
10.2 6.044243e+03 6.139066e+03 5.963682e+03 5.868859e+03
11.2 6.026417e+03 6.000724e+03 5.962791e+03 5.988483e+03
12.2 6.069746e+03 5.967282e+03 5.961865e+03 6.064329e+03
13.2 5.926743e+03 5.970393e+03 5.961141e+03 5.917490e+03
14.2 6.047776e+03 6.039950e+03 5.959254e+03 5.967080e+03
15.2 6.128946e+03 6.115385e+03 5.937250e+03 5.950811e+03
16.2 6.119946e+03 6.029320e+03 5.915109e+03 6.005735e+03
17.2 6.053565e+03 5.949573e+03 5.920047e+03 6.024039e+03
18.2 6.012582e+03 5.921337e+03 5.936618e+03 6.027863e+03
19.2 5.882871e+03 5.945878e+03 5.950334e+03 5.887327e+03
20.2 6.256381e+03 6.237242e+03 5.957478e+03 5.976617e+03
0.9 6.047776e+03 6.039950e+03 5.959254e+03 5.967080e+03
1.9 6.128946e+03 6.115385e+03 5.937250e+03 5.950811e+03
2.9 6.119946e+03 6.029320e+03 5.915109e+03 6.005735e+03
3.9 6.053565e+03 5.949573e+03 5.920047e+03 6.024039e+03
4.9 6.012582e+03 5.921337e+03 5.936618e+03 6.027863e+03
5.9 5.882871e+03 5.945878e+03 5.950334e+03 5.887327e+03
6.9 6.256381e+03 6.237242e+03 5.957478e+03 5.976617e+03
7.9 6.178616e+03 6.224143e+03 5.941849e+03 5.896323e+03
8.9 6.197740e+03 6.122918e+03 5.921460e+03 5.996282e+03
9.9 6.091249e+03 6.027071e+03 5.925254e+03 5.989432e+03
10.9 6.095608e+03 6.037508e+03 5.940157e+03 5.998256e+03
11.9 5.895943e+03 5.993223e+03 5.952462e+03 5.855182e+03
12.9 6.083335e+03 6.130867e+03 5.959623e+03 5.912091e+03
13.9 6.213112e+03 6.179423e+03 5.963099e+03 5.996788e+03
14.9 6.246451e+03 6.175056e+03 5.964273e+03 6.035667e+03
15.9 6.103543e+03 6.034604e+03 5.964064e+03 6.033003e+03
16.9 6.055160e+03 6.026595e+03 5.963193e+03 5.991757e+03
17.9 6.077692e+03 6.118379e+03 5.962197e+03 5.921510e+03
18.9 6.029729e+03 6.123097e+03 5.961373e+03 5.868004e+03
19.9 6.146967e+03 6.228382e+03 5.960807e+03 5.879392e+03
20.9 6.155063e+03 6.192171e+03 5.960466e+03 5.923358e+03
0.9 6.256381e+03 6.237242e+03 5.957478e+03 5.976617e+03
1.9 6.178616e+03 6.224143e+03 5.941849e+03 5.896323e+03
2.9 6.197740e+03 6.122918e+03 5.921460e+03 5.996282e+03
3.9 6.091249e+03 6.027071e+03 5.925254e+03 5.989432e+03
4.9 6.095608e+03 6.037508e+03 5.940157e+03 5.998256e+03
5.9 5.895943e+03 5.993223e+03 5.952462e+03 5.855182e+03
6.9 6.083335e+03 6.130867e+03 5.959623e+03 5.912091e+03
7.9 6.213112e+03 6.179423e+03 5.963099e+03 5.996788e+03
8.9 6.246451e+03 6.175056e+03 5.964273e+03 6.035667e+03
9.9 6.103543e+03 6.034604e+03 5.964064e+03 6.033003e+03
10.9 6.055160e+03 6.026595e+03 5.963193e+03 5.991757e+03
11.9 6.077692e+03 6.118379e+03 5.962197e+03 5.921510e+03
12.9 6.029729e+03 6.123097e+03 5.961373e+03 5.868004e+03
13.9 6.146967e+03 6.228382e+03 5.960807e+03 5.879392e+03
14.9 6.155063e+03 6.192171e+03 5.960466e+03 5.923358e+03
15.9 6.079308e+03 6.083154e+03 5.960283e+03 5.956437e+03
16.9 5.997089e+03 6.093319e+03 5.960192e+03 5.863962e+03
17.9 6.038397e+03 6.169804e+03 5.960150e+03 5.828743e+03
18.9 6.174006e+03 6.235360e+03 5.960132e+03 5.898778e+03
19.9 6.175546e+03 6.202877e+03 5.960124e+03 5.932793e+03
20.9 6.200614e+03 6.192423e+03 5.960120e+03 5.968312e+03
0.7 6.358408e+03 6.348598e+03 5.959779e+03 5.969589e+03
1.7 6.279981e+03 6.331381e+03 5.944307e+03 5.892907e+03
2.7 6.311864e+03 6.224465e+03 5.919424e+03 6.006823e+03
3.7 6.329432e+03 6.453232e+03 5.919222e+03 5.795421e+03
4.7 6.163122e+03 6.285476e+03 5.931568e+03 5.809214e+03
5.7 6.318097e+03 6.313965e+03 5.921847e+03 5.925979e+03
6.7 6.095743e+03 6.141662e+03 5.913447e+03 5.867527e+03
7.7 6.038733e+03 6.099307e+03 5.925957e+03 5.865383e+03
8.7 6.091459e+03 5.999618e+03 5.943795e+03 6.035637e+03
9.7 6.065174e+03 6.023892e+03 5.956206e+03 5.997489e+03
10.7 6.133342e+03 6.062611e+03 5.962581e+03 6.033313e+03
11.7 6.240961e+03 6.335708e+03 5.964199e+03 5.869452e+03
12.7 6.321383e+03 6.266764e+03 5.945438e+03 6.000057e+03
13.7 5.648431e+03 5.794065e+03 5.922136e+03 5.776502e+03
14.7 6.619648e+03 6.624745e+03 5.924137e+03 5.919040e+03
15.7 6.826111e+03 6.549306e+03 5.938652e+03 6.215458e+03
16.7 6.743225e+03 6.560693e+03 5.951242e+03 6.133774e+03
17.7 6.599049e+03 6.264848e+03 5.958819e+03 6.293020e+03
18.7 6.422408e+03 6.371495e+03 5.962639e+03 6.013552e+03
19.7 6.517036e+03 6.361583e+03 5.964035e+03 6.119488e+03
20.7 6.142983e+03 6.259415e+03 5.956076e+03 5.839645e+03
0.1 6.329432e+03 6.453232e+03 5.919222e+03 5.795421e+03
1.1 6.163122e+03 6.285476e+03 5.931568e+03 5.809214e+03
2.1 6.318097e+03 6.313965e+03 5.921847e+03 5.925979e+03
3.1 6.095743e+03 6.141662e+03 5.913447e+03 5.867527e+03
4.1 6.038733e+03 6.099307e+03 5.925957e+03 5.865383e+03
5.1 6.091459e+03 5.999618e+03 5.943795e+03 6.035637e+03
6.1 6.065174e+03 6.023892e+03 5.956206e+03 5.997489e+03
7.1 6.133342e+03 6.062611e+03 5.962581e+03 6.033313e+03
8.1 6.240961e+03 6.335708e+03 5.964199e+03 5.869452e+03
9.1 6.321383e+03 6.266764e+03 5.945438e+03 6.000057e+03
10.1 5.648431e+03 5.794065e+03 5.922136e+03 5.776502e+03
11.1 6.619648e+03 6.624745e+03 5.924137e+03 5.919040e+03
12.1 6.826111e+03 6.549306e+03 5.938652e+03 6.215458e+03
13.1 6.743225e+03 6.560693e+03 5.951242e+03 6.133774e+03
14.1 6.599049e+03 6.264848e+03 5.958819e+03 6.293020e+03
15.1 6.422408e+03 6.371495e+03 5.962639e+03 6.013552e+03
16.1 6.517036e+03 6.361583e+03 5.964035e+03 6.119488e+03
17.1 6.142983e+03 6.259415e+03 5.956076e+03 5.839645e+03
18.1 5.978818e+03 6.033688e+03 5.928350e+03 5.873481e+03
19.1 5.829098e+03 5.864733e+03 5.918718e+03 5.883083e+03
20.1 5.699571e+03 5.742051e+03 5.930409e+03 5.887928e+03
0.9 6.240961e+03 6.335708e+03 5.964199e+03 5.869452e+03
1.9 6.321383e+03 6.266764e+03 5.945438e+03 6.000057e+03
2.9 5.648431e+03 5.794065e+03 5.922136e+03 5.776502e+03
3.9 6.619648e+03 6.624745e+03 5.924137e+03 5.919040e+03
4.9 6.826111e+03 6.549306e+03 5.938652e+03 6.215458e+03
5.9 6.743225e+03 6.560693e+03 5.951242e+03 6.133774e+03
6.9 6.599049e+03 6.264848e+03 5.958819e+03 6.293020e+03
7.9 6.422408e+03 6.371495e+03 5.962639e+03 6.013552e+03
8.9 6.517036e+03 6.361583e+03 5.964035e+03 6.119488e+03
9.9 6.142983e+03 6.259415e+03 5.956076e+03 5.839645e+03
10.9 5.978818e+03 6.033688e+03 5.928350e+03 5.873481e+03
11.9 5.829098e+03 5.864733e+03 5.918718e+03 5.883083e+03
12.9 5.699571e+03 5.742051e+03 5.930409e+03 5.887928e+03
13.9 5.726599e+03 5.762943e+03 5.945260e+03 5.908916e+03
14.9 5.844135e+03 5.974670e+03 5.955410e+03 5.824875e+03
15.9 5.799166e+03 5.974574e+03 5.953583e+03 5.778175e+03
16.9 5.852622e+03 6.003844e+03 5.928029e+03 5.776807e+03
17.9 5.803634e+03 5.971717e+03 5.918248e+03 5.750166e+03
18.9 5.078595e+03 5.339143e+03 5.930306e+03 5.669757e+03
19.9 5.488264e+03 5.629583e+03 5.945685e+03 5.804365e+03
20.9 5.728825e+03 5.690965e+03 5.956052e+03 5.993912e+03
0.4 6.517036e+03 6.361583e+03 5.964035e+03 6.119488e+03
1.4 6.142983e+03 6.259415e+03 5.956076e+03 5.839645e+03
2.4 5.978818e+03 6.033688e+03 5.928350e+03 5.873481e+03
3.4 5.829098e+03 5.864733e+03 5.918718e+03 5.883083e+03
4.4 5.699571e+03 5.742051e+03 5.930409e+03 5.887928e+03
5.4 5.726599e+03 5.762943e+03 5.945260e+03 5.908916e+03
6.4 5.844135e+03 5.974670e+03 5.955410e+03 5.824875e+03
7.4 5.799166e+03 5.974574e+03 5.953583e+03 5.778175e+03
8.4 5.852622e+03 6.003844e+03 5.928029e+03 5.776807e+03
9.4 5.803634e+03 5.971717e+03 5.918248e+03 5.750166e+03
10.4 5.078595e+03 5.339143e+03 5.930306e+03 5.669757e+03
11.4 5.488264e+03 5.629583e+03 5.945685e+03 5.804365e+03
12.4 5.728825e+03 5.690965e+03 5.956052e+03 5.993912e+03
13.4 6.008500e+03 5.824469e+03 5.961597e+03 6.145628e+03
14.4 6.172527e+03 5.983294e+03 5.964011e+03 6.153244e+03
15.4 5.970310e+03 5.768935e+03 5.964482e+03 6.165857e+03
16.4 5.746776e+03 5.748659e+03 5.963865e+03 5.961982e+03
17.4 5.894053e+03 5.669552e+03 5.962840e+03 6.187341e+03
18.4 5.813297e+03 5.881327e+03 5.961859e+03 5.893830e+03
19.4 5.901967e+03 5.710615e+03 5.961122e+03 6.152474e+03
20.4 5.998800e+03 5.912625e+03 5.957898e+03 6.044073e+03
0.4 5.844135e+03 5.974670e+03 5.955410e+03 5.824875e+03
1.4 5.799166e+03 5.974574e+03 5.953583e+03 5.778175e+03
2.4 5.852622e+03 6.003844e+03 5.928029e+03 5.776807e+03
3.4 5.803634e+03 5.971717e+03 5.918248e+03 5.750166e+03
4.4 5.078595e+03 5.339143e+03 5.930306e+03 5.669757e+03
5.4 5.488264e+03 5.629583e+03 5.945685e+03 5.804365e+03
6.4 5.728825e+03 5.690965e+03 5.956052e+03 5.993912e+03
7.4 6.008500e+03 5.824469e+03 5.961597e+03 6.145628e+03
8.4 6.172527e+03 5.983294e+03 5.964011e+03 6.153244e+03
9.4 5.970310e+03 5.768935e+03 5.964482e+03 6.165857e+03
10.4 5.746776e+03 5.748659e+03 5.963865e+03 5.961982e+03
11.4 5.894053e+03 5.669552e+03 5.962840e+03 6.187341e+03
12.4 5.813297e+03 5.881327e+03 5.961859e+03 5.893830e+03
13.4 5.901967e+03 5.710615e+03 5.961122e+03 6.152474e+03
14.4 5.998800e+03 5.912625e+03 5.957898e+03 6.044073e+03
15.4 5.063708e+03 4.987437e+03 5.932874e+03 6.009144e+03
16.4 5.912207e+03 5.920964e+03 5.914275e+03 5.905518e+03
17.4 5.845609e+03 5.993690e+03 5.922196e+03 5.774115e+03
18.4 5.808077e+03 5.950003e+03 5.938911e+03 5.796985e+03
19.4 5.845688e+03 6.023965e+03 5.951820e+03 5.773544e+03
20.4 5.937776e+03 6.053644e+03 5.957178e+03 5.841310e+03
0.1 5.901967e+03 5.710615e+03 5.961122e+03 6.152474e+03
1.1 5.998800e+03 5.912625e+03 5.957898e+03 6.044073e+03
2.1 5.063708e+03 4.987437e+03 5.932874e+03 6.009144e+03
3.1 5.912207e+03 5.920964e+03 5.914275e+03 5.905518e+03
4.1 5.845609e+03 5.993690e+03 5.922196e+03 5.774115e+03
5.1 5.808077e+03 5.950003e+03 5.938911e+03 5.796985e+03
6.1 5.845688e+03 6.023965e+03 5.951820e+03 5.773544e+03
7.1 5.937776e+03 6.053644e+03 5.957178e+03 5.841310e+03
8.1 5.789509e+03 6.044478e+03 5.938005e+03 5.683035e+03
9.1 5.614594e+03 5.939575e+03 5.920558e+03 5.595578e+03
10.1 6.002346e+03 6.061730e+03 5.927162e+03 5.867778e+03
11.1 5.435523e+03 5.570568e+03 5.942225e+03 5.807180e+03
12.1 6.331792e+03 6.104887e+03 5.949949e+03 6.176853e+03
13.1 6.432852e+03 6.167734e+03 5.931285e+03 6.196403e+03
14.1 6.108194e+03 6.043381e+03 5.919369e+03 5.984182e+03
15.1 6.174550e+03 6.099217e+03 5.929588e+03 6.004921e+03
16.1 6.011984e+03 5.851747e+03 5.934004e+03 6.094241e+03
17.1 5.546120e+03 5.457277e+03 5.918236e+03 6.007078e+03
18.1 5.492786e+03 5.625099e+03 5.919242e+03 5.786928e+03
19.1 5.635952e+03 5.693936e+03 5.935575e+03 5.877591e+03
20.1 4.910775e+03 4.949879e+03 5.950947e+03 5.911843e+03
1.0 5.937776e+03 6.053644e+03 5.957178e+03 5.841310e+03
2.0 5.789509e+03 6.044478e+03 5.938005e+03 5.683035e+03
3.0 5.614594e+03 5.939575e+03 5.920558e+03 5.595578e+03
4.0 6.002346e+03 6.061730e+03 5.927162e+03 5.867778e+03
5.0 5.435523e+03 5.570568e+03 5.942225e+03 5.807180e+03
6.0 6.331792e+03 6.104887e+03 5.949949e+03 6.176853e+03
7.0 6.432852e+03 6.167734e+03 5.931285e+03 6.196403e+03
8.0 6.108194e+03 6.043381e+03 5.919369e+03 5.984182e+03
9.0 6.174550e+03 6.099217e+03 5.929588e+03 6.004921e+03
10.0 6.011984e+03 5.851747e+03 5.934004e+03 6.094241e+03
11.0 5.546120e+03 5.457277e+03 5.918236e+03 6.007078e+03
12.0 5.492786e+03 5.625099e+03 5.919242e+03 5.786928e+03
13.0 5.635952e+03 5.693936e+03 5.935575e+03 5.877591e+03
14.0 4.910775e+03 4.949879e+03 5.950947e+03 5.911843e+03
15.0 5.753059e+03 5.568028e+03 5.960000e+03 6.145031e+03
16.0 5.539233e+03 5.495645e+03 5.953712e+03 5.997300e+03
17.0 5.690683e+03 5.607740e+03 5.928200e+03 6.011143e+03
18.0 5.620369e+03 5.666738e+03 5.922346e+03 5.875978e+03
19.0 5.693456e+03 5.603751e+03 5.934911e+03 6.024616e+03
20.0 5.905337e+03 5.906881e+03 5.948700e+03 5.947156e+03
21.0 5.758945e+03 5.745920e+03 5.957553e+03 5.970579e+03
0.2 5.435523e+03 5.570568e+03 5.942225e+03 5.807180e+03
1.2 6.331792e+03 6.104887e+03 5.949949e+03 6.176853e+03
2.2 6.432852e+03 6.167734e+03 5.931285e+03 6.196403e+03
3.2 6.108194e+03 6.043381e+03 5.919369e+03 5.984182e+03
4.2 6.174550e+03 6.099217e+03 5.929588e+03 6.004921e+03
5.2 6.011984e+03 5.851747e+03 5.934004e+03 6.094241e+03
6.2 5.546120e+03 5.457277e+03 5.918236e+03 6.007078e+03
7.2 5.492786e+03 5.625099e+03 5.919242e+03 5.786928e+03
8.2 5.635952e+03 5.693936e+03 5.935575e+03 5.877591e+03
9.2 4.910775e+03 4.949879e+03 5.950947e+03 5.911843e+03
10.2 5.753059e+03 5.568028e+03 5.960000e+03 6.145031e+03
11.2 5.539233e+03 5.495645e+03 5.953712e+03 5.997300e+03
12.2 5.690683e+03 5.607740e+03 5.928200e+03 6.011143e+03
13.2 5.620369e+03 5.666738e+03 5.922346e+03 5.875978e+03
14.2 5.693456e+03 5.603751e+03 5.934911e+03 6.024616e+03
15.2 5.905337e+03 5.906881e+03 5.948700e+03 5.947156e+03
16.2 5.758945e+03 5.745920e+03 5.957553e+03 5.970579e+03
17.2 5.728043e+03 5.791574e+03 5.962157e+03 5.898627e+03
18.2 5.834437e+03 5.850730e+03 5.958886e+03 5.942594e+03
19.2 5.882689e+03 5.831713e+03 5.932939e+03 5.983915e+03
20.2 5.629178e+03 5.515203e+03 5.919585e+03 6.033559e+03
0.5 6.174550e+03 6.099217e+03 5.929588e+03 6.004921e+03
1.5 6.011984e+03 5.851747e+03 5.934004e+03 6.094241e+03
2.5 5.546120e+03 5.457277e+03 5.918236e+03 6.007078e+03
3.5 5.492786e+03 5.625099e+03 5.919242e+03 5.786928e+03
4.5 5.635952e+03 5.693936e+03 5.935575e+03 5.877591e+03
5.5 4.910775e+03 4.949879e+03 5.950947e+03 5.911843e+03
6.5 5.753059e+03 5.568028e+03 5.960000e+03 6.145031e+03
7.5 5.539233e+03 5.495645e+03 5.953712e+03 5.997300e+03
8.5 5.690683e+03 5.607740e+03 5.928200e+03 6.011143e+03
9.5 5.620369e+03 5.666738e+03 5.922346e+03 5.875978e+03
10.5 5.693456e+03 5.603751e+03 5.934911e+03 6.024616e+03
11.5 5.905337e+03 5.906881e+03 5.948700e+03 5.947156e+03
12.5 5.758945e+03 5.745920e+03 5.957553e+03 5.970579e+03
13.5 5.728043e+03 5.791574e+03 5.962157e+03 5.898627e+03
14.5 5.834437e+03 5.850730e+03 5.958886e+03 5.942594e+03
15.5 5.882689e+03 5.831713e+03 5.932939e+03 5.983915e+03
16.5 5.629178e+03 5.515203e+03 5.919585e+03 6.033559e+03
17.5 5.512341e+03 5.502111e+03 5.929265e+03 5.939494e+03
18.5 5.655989e+03 5.629528e+03 5.944139e+03 5.970600e+03
19.5 5.878205e+03 5.862403e+03 5.954761e+03 5.970563e+03
20.5 5.699824e+03 5.793652e+03 5.960679e+03 5.866852e+03
0.5 5.753059e+03 5.568028e+03 5.960000e+03 6.145031e+03
1.5 5.539233e+03 5.495645e+03 5.953712e+03 5.997300e+03
2.5 5.690683e+03 5.607740e+03 5.928200e+03 6.011143e+03
3.5 5.620369e+03 5.666738e+03 5.922346e+03 5.875978e+03
4.5 5.693456e+03 5.603751e+03 5.934911e+03 6.024616e+03
5.5 5.905337e+03 5.906881e+03 5.948700e+03 5.947156e+03
6.5 5.758945e+03 5.745920e+03 5.957553e+03 5.970579e+03
7.5 5.728043e+03 5.791574e+03 5.962157e+03 5.898627e+03
8.5 5.834437e+03 5.850730e+03 5.958886e+03 5.942594e+03
9.5 5.882689e+03 5.831713e+03 5.932939e+03 5.983915e+03
10.5 5.629178e+03 5.515203e+03 5.919585e+03 6.033559e+03
11.5 5.512341e+03 5.502111e+03 5.929265e+03 5.939494e+03
12.5 5.655989e+03 5.629528e+03 5.944139e+03 5.970600e+03
13.5 5.878205e+03 5.862403e+03 5.954761e+03 5.970563e+03
14.5 5.699824e+03 5.793652e+03 5.960679e+03 5.866852e+03
15.5 6.358939e+03 6.078412e+03 5.963419e+03 6.243946e+03
16.5 6.186468e+03 6.241016e+03 5.964145e+03 5.909597e+03
17.5 6.002927e+03 6.046254e+03 5.963703e+03 5.920375e+03
18.5 5.875812e+03 6.074975e+03 5.962780e+03 5.763616e+03
19.5 5.888729e+03 5.984460e+03 5.961848e+03 5.866116e+03
20.5 5.897951e+03 5.916347e+03 5.961127e+03 5.942731e+03
0.3 5.728043e+03 5.791574e+03 5.962157e+03 5.898627e+03
1.3 5.834437e+03 5.850730e+03 5.958886e+03 5.942594e+03
2.3 5.882689e+03 5.831713e+03 5.932939e+03 5.983915e+03
3.3 5.629178e+03 5.515203e+03 5.919585e+03 6.033559e+03
4.3 5.512341e+03 5.502111e+03 5.929265e+03 5.939494e+03
5.3 5.655989e+03 5.629528e+03 5.944139e+03 5.970600e+03
6.3 5.878205e+03 5.862403e+03 5.954761e+03 5.970563e+03
7.3 5.699824e+03 5.793652e+03 5.960679e+03 5.866852e+03
8.3 6.358939e+03 6.078412e+03 5.963419e+03 6.243946e+03
9.3 6.186468e+03 6.241016e+03 5.964145e+03 5.909597e+03
10.3 6.002927e+03 6.046254e+03 5.963703e+03 5.920375e+03
11.3 5.875812e+03 6.074975e+03 5.962780e+03 5.763616e+03
12.3 5.888729e+03 5.984460e+03 5.961848e+03 5.866116e+03
13.3 5.897951e+03 5.916347e+03 5.961127e+03 5.942731e+03
14.3 5.776718e+03 5.860089e+03 5.960655e+03 5.877284e+03
15.3 5.578715e+03 5.714592e+03 5.960383e+03 5.824506e+03
16.3 5.692732e+03 5.729271e+03 5.960241e+03 5.923703e+03
17.3 5.802193e+03 5.738492e+03 5.960172e+03 6.023873e+03
18.3 6.136958e+03 6.121087e+03 5.960141e+03 5.976012e+03
19.3 6.012123e+03 6.119799e+03 5.960128e+03 5.852452e+03
20.3 5.909664e+03 6.056437e+03 5.960123e+03 5.813350e+03
0.6 6.275018e+03 6.095259e+03 5.960020e+03 6.139778e+03
1.6 6.000612e+03 6.029734e+03 5.948170e+03 5.919048e+03
2.6 5.973213e+03 5.867370e+03 5.921749e+03 6.027592e+03
3.6 5.699173e+03 5.801894e+03 5.917816e+03 5.815096e+03
4.6 6.033968e+03 5.875691e+03 5.931964e+03 6.090240e+03
5.6 5.861837e+03 5.678226e+03 5.946761e+03 6.130371e+03
6.6 5.736232e+03 5.584681e+03 5.956342e+03 6.107894e+03
7.6 5.619435e+03 5.682418e+03 5.961456e+03 5.898473e+03
8.6 5.796965e+03 5.791261e+03 5.963650e+03 5.969355e+03
9.6 5.808912e+03 5.786873e+03 5.961286e+03 5.983325e+03
10.6 6.113945e+03 6.177095e+03 5.936790e+03 5.873640e+03
11.6 5.744376e+03 5.881957e+03 5.918601e+03 5.781020e+03
12.6 5.730829e+03 5.862249e+03 5.925627e+03 5.794207e+03
13.6 5.773590e+03 5.835873e+03 5.940953e+03 5.878671e+03
14.6 5.879144e+03 5.911169e+03 5.952782e+03 5.920757e+03
15.6 5.946033e+03 6.046317e+03 5.959630e+03 5.859346e+03
16.6 5.917229e+03 5.896606e+03 5.962965e+03 5.983588e+03
17.6 5.875139e+03 5.863568e+03 5.964052e+03 5.975622e+03
18.6 5.610587e+03 5.732425e+03 5.963797e+03 5.841959e+03
19.6 5.802101e+03 5.849151e+03 5.962935e+03 5.915885e+03
20.6 5.950186e+03 5.978751e+03 5.961990e+03 5.933425e+03
0.1 5.796965e+03 5.791261e+03 5.963650e+03 5.969355e+03
1.1 5.808912e+03 5.786873e+03 5.961286e+03 5.983325e+03
2.1 6.113945e+03 6.177095e+03 5.936790e+03 5.873640e+03
3.1 5.744376e+03 5.881957e+03 5.918601e+03 5.781020e+03
4.1 5.730829e+03 5.862249e+03 5.925627e+03 5.794207e+03
5.1 5.773590e+03 5.835873e+03 5.940953e+03 5.878671e+03
6.1 5.879144e+03 5.911169e+03 5.952782e+03 5.920757e+03
7.1 5.946033e+03 6.046317e+03 5.959630e+03 5.859346e+03
8.1 5.917229e+03 5.896606e+03 5.962965e+03 5.983588e+03
9.1 5.875139e+03 5.863568e+03 5.964052e+03 5.975622e+03
10.1 5.610587e+03 5.732425e+03 5.963797e+03 5.841959e+03
11.1 5.802101e+03 5.849151e+03 5.962935e+03 5.915885e+03
12.1 5.950186e+03 5.978751e+03 5.961990e+03 5.933425e+03
13.1 6.001640e+03 5.943698e+03 5.961229e+03 6.019171e+03
14.1 6.036385e+03 6.113258e+03 5.960719e+03 5.883846e+03
15.1 5.921135e+03 6.027598e+03 5.960419e+03 5.853955e+03
16.1 6.151008e+03 6.148500e+03 5.960259e+03 5.962767e+03
17.1 5.980136e+03 5.894574e+03 5.960180e+03 6.045743e+03
18.1 5.714031e+03 5.713336e+03 5.960145e+03 5.960840e+03
19.1 5.555884e+03 5.598391e+03 5.960130e+03 5.917623e+03
20.1 5.606823e+03 5.606858e+03 5.960123e+03 5.960088e+03
0.3 5.678468e+03 5.638401e+03 5.960118e+03 6.000185e+03
1.3 5.896777e+03 5.877598e+03 5.954463e+03 5.973641e+03
2.3 5.660034e+03 5.649317e+03 5.928068e+03 5.938785e+03
3.3 5.909217e+03 5.841969e+03 5.916207e+03 5.983455e+03
4.3 5.985893e+03 5.886955e+03 5.927287e+03 6.026225e+03
5.3 5.948737e+03 5.894355e+03 5.943009e+03 5.997391e+03
6.3 5.945974e+03 5.921544e+03 5.954136e+03 5.978566e+03
7.3 5.832748e+03 5.836291e+03 5.960352e+03 5.956809e+03
8.3 5.651341e+03 5.683880e+03 5.963251e+03 5.930712e+03
9.3 5.775777e+03 5.717755e+03 5.964049e+03 6.022071e+03
10.3 5.733257e+03 5.724859e+03 5.963469e+03 5.971868e+03
11.3 5.688931e+03 5.759833e+03 5.949284e+03 5.878382e+03
12.3 5.727862e+03 5.726218e+03 5.922444e+03 5.924087e+03
13.3 5.708336e+03 5.708067e+03 5.919325e+03 5.919594e+03
14.3 5.837026e+03 5.810087e+03 5.933428e+03 5.960367e+03
15.3 6.100533e+03 6.045380e+03 5.947203e+03 6.002356e+03
16.3 6.163369e+03 6.179837e+03 5.939416e+03 5.922948e+03
17.3 5.968164e+03 6.050097e+03 5.920245e+03 5.838312e+03
18.3 5.978827e+03 5.969009e+03 5.923488e+03 5.933306e+03
19.3 6.195083e+03 6.107008e+03 5.939120e+03 6.027196e+03
20.3 5.973873e+03 5.896519e+03 5.952351e+03 6.029704e+03
0.6 5.733257e+03 5.724859e+03 5.963469e+03 5.971868e+03
1.6 5.688931e+03 5.759833e+03 5.949284e+03 5.878382e+03
2.6 5.727862e+03 5.726218e+03 5.922444e+03 5.924087e+03
3.6 5.708336e+03 5.708067e+03 5.919325e+03 5.919594e+03
4.6 5.837026e+03 5.810087e+03 5.933428e+03 5.960367e+03
5.6 6.100533e+03 6.045380e+03 5.947203e+03 6.002356e+03
6.6 6.163369e+03 6.179837e+03 5.939416e+03 5.922948e+03
7.6 5.968164e+03 6.050097e+03 5.920245e+03 5.838312e+03
8.6 5.978827e+03 5.969009e+03 5.923488e+03 5.933306e+03
9.6 6.195083e+03 6.107008e+03 5.939120e+03 6.027196e+03
10.6 5.973873e+03 5.896519e+03 5.952351e+03 6.029704e+03
11.6 5.710194e+03 5.852091e+03 5.959535e+03 5.817637e+03
12.6 6.295395e+03 6.310440e+03 5.946892e+03 5.931847e+03
13.6 6.125516e+03 6.041669e+03 5.923556e+03 6.007404e+03
14.6 5.637882e+03 5.763168e+03 5.923790e+03 5.798503e+03
15.6 5.821522e+03 6.046561e+03 5.934979e+03 5.709940e+03
16.6 6.298648e+03 6.371114e+03 5.922674e+03 5.850209e+03
17.6 6.136533e+03 5.997350e+03 5.912795e+03 6.051978e+03
18.6 5.870548e+03 5.762268e+03 5.925231e+03 6.033511e+03
19.6 6.083119e+03 6.020937e+03 5.943417e+03 6.005599e+03
20.6 5.957587e+03 5.968168e+03 5.956120e+03 5.945540e+03
0.8 6.100533e+03 6.045380e+03 5.947203e+03 6.002356e+03
1.8 6.163369e+03 6.179837e+03 5.939416e+03 5.922948e+03
2.8 5.968164e+03 6.050097e+03 5.920245e+03 5.838312e+03
3.8 5.978827e+03 5.969009e+03 5.923488e+03 5.933306e+03
4.8 6.195083e+03 6.107008e+03 5.939120e+03 6.027196e+03
5.8 5.973873e+03 5.896519e+03 5.952351e+03 6.029704e+03
6.8 5.710194e+03 5.852091e+03 5.959535e+03 5.817637e+03
7.8 6.295395e+03 6.310440e+03 5.946892e+03 5.931847e+03
8.8 6.125516e+03 6.041669e+03 5.923556e+03 6.007404e+03
9.8 5.637882e+03 5.763168e+03 5.923790e+03 5.798503e+03
10.8 5.821522e+03 6.046561e+03 5.934979e+03 5.709940e+03
11.8 6.298648e+03 6.371114e+03 5.922674e+03 5.850209e+03
12.8 6.136533e+03 5.997350e+03 5.912795e+03 6.051978e+03
13.8 5.870548e+03 5.762268e+03 5.925231e+03 6.033511e+03
14.8 6.083119e+03 6.020937e+03 5.943417e+03 6.005599e+03
15.8 5.957587e+03 5.968168e+03 5.956120e+03 5.945540e+03
16.8 6.253899e+03 6.274850e+03 5.962669e+03 5.941718e+03
17.8 5.823915e+03 5.813624e+03 5.965250e+03 5.975540e+03
18.8 5.885083e+03 5.937445e+03 5.965564e+03 5.913202e+03
19.8 5.947592e+03 6.130561e+03 5.964687e+03 5.781719e+03
20.8 6.167435e+03 6.175698e+03 5.954919e+03 5.946657e+03
0.7 5.710194e+03 5.852091e+03 5.959535e+03 5.817637e+03
1.7 6.295395e+03 6.310440e+03 5.946892e+03 5.931847e+03
2.7 6.125516e+03 6.041669e+03 5.923556e+03 6.007404e+03
3.7 5.637882e+03 5.763168e+03 5.923790e+03 5.798503e+03
4.7 5.821522e+03 6.046561e+03 5.934979e+03 5.709940e+03
5.7 6.298648e+03 6.371114e+03 5.922674e+03 5.850209e+03
6.7 6.136533e+03 5.997350e+03 5.912795e+03 6.051978e+03
7.7 5.870548e+03 5.762268e+03 5.925231e+03 6.033511e+03
8.7 6.083119e+03 6.020937e+03 5.943417e+03 6.005599e+03
9.7 5.957587e+03 5.968168e+03 5.956120e+03 5.945540e+03
10.7 6.253899e+03 6.274850e+03 5.962669e+03 5.941718e+03
11.7 5.823915e+03 5.813624e+03 5.965250e+03 5.975540e+03
12.7 5.885083e+03 5.937445e+03 5.965564e+03 5.913202e+03
13.7 5.947592e+03 6.130561e+03 5.964687e+03 5.781719e+03
14.7 6.167435e+03 6.175698e+03 5.954919e+03 5.946657e+03
15.7 6.040369e+03 5.864349e+03 5.926784e+03 6.102804e+03
16.7 6.169406e+03 5.927280e+03 5.918026e+03 6.160152e+03
17.7 6.260459e+03 6.123853e+03 5.930271e+03 6.066878e+03
18.7 6.058137e+03 5.922532e+03 5.945135e+03 6.080741e+03
19.7 6.179172e+03 5.991669e+03 5.942745e+03 6.130248e+03
20.7 6.052110e+03 6.017841e+03 5.922116e+03 5.956386e+03
0.1 5.637882e+03 5.763168e+03 5.923790e+03 5.798503e+03
1.1 5.821522e+03 6.046561e+03 5.934979e+03 5.709940e+03
2.1 6.298648e+03 6.371114e+03 5.922674e+03 5.850209e+03
3.1 6.136533e+03 5.997350e+03 5.912795e+03 6.051978e+03
4.1 5.870548e+03 5.762268e+03 5.925231e+03 6.033511e+03
5.1 6.083119e+03 6.020937e+03 5.943417e+03 6.005599e+03
6.1 5.957587e+03 5.968168e+03 5.956120e+03 5.945540e+03
7.1 6.253899e+03 6.274850e+03 5.962669e+03 5.941718e+03
8.1 5.823915e+03 5.813624e+03 5.965250e+03 5.975540e+03
9.1 5.885083e+03 5.937445e+03 5.965564e+03 5.913202e+03
10.1 5.947592e+03 6.130561e+03 5.964687e+03 5.781719e+03
11.1 6.167435e+03 6.175698e+03 5.954919e+03 5.946657e+03
12.1 6.040369e+03 5.864349e+03 5.926784e+03 6.102804e+03
13.1 6.169406e+03 5.927280e+03 5.918026e+03 6.160152e+03
14.1 6.260459e+03 6.123853e+03 5.930271e+03 6.066878e+03
15.1 6.058137e+03 5.922532e+03 5.945135e+03 6.080741e+03
16.1 6.179172e+03 5.991669e+03 5.942745e+03 6.130248e+03
17.1 6.052110e+03 6.017841e+03 5.922116e+03 5.956386e+03
18.1 6.003833e+03 6.023259e+03 5.921446e+03 5.902020e+03
19.1 5.879387e+03 5.947071e+03 5.936370e+03 5.868686e+03
20.1 5.993054e+03 5.984121e+03 5.950521e+03 5.959454e+03
0.4 5.947592e+03 6.130561e+03 5.964687e+03 5.781719e+03
1.4 6.167435e+03 6.175698e+03 5.954919e+03 5.946657e+03
2.4 6.040369e+03 5.864349e+03 5.926784e+03 6.102804e+03
3.4 6.169406e+03 5.927280e+03 5.918026e+03 6.160152e+03
4.4 6.260459e+03 6.123853e+03 5.930271e+03 6.066878e+03
5.4 6.058137e+03 5.922532e+03 5.945135e+03 6.080741e+03
6.4 6.179172e+03 5.991669e+03 5.942745e+03 6.130248e+03
7.4 6.052110e+03 6.017841e+03 5.922116e+03 5.956386e+03
8.4 6.003833e+03 6.023259e+03 5.921446e+03 5.902020e+03
9.4 5.879387e+03 5.947071e+03 5.936370e+03 5.868686e+03
10.4 5.993054e+03 5.984121e+03 5.950521e+03 5.959454e+03
11.4 5.827433e+03 5.919127e+03 5.959020e+03 5.867326e+03
12.4 5.767087e+03 5.907693e+03 5.963134e+03 5.822527e+03
13.4 6.021836e+03 6.045339e+03 5.964589e+03 5.941087e+03
14.4 5.910789e+03 5.945970e+03 5.964489e+03 5.929308e+03
15.4 5.949080e+03 6.041194e+03 5.963612e+03 5.871498e+03
16.4 5.885533e+03 6.000493e+03 5.962539e+03 5.847579e+03
17.4 6.153256e+03 6.142403e+03 5.961612e+03 5.972466e+03
18.4 5.917972e+03 5.950029e+03 5.960955e+03 5.928898e+03
19.4 5.975693e+03 5.962100e+03 5.960550e+03 5.974144e+03
20.4 6.027884e+03 6.132793e+03 5.960326e+03 5.855417e+03
0.6 6.058137e+03 5.922532e+03 5.945135e+03 6.080741e+03
1.6 6.179172e+03 5.991669e+03 5.942745e+03 6.130248e+03
2.6 6.052110e+03 6.017841e+03 5.922116e+03 5.956386e+03
3.6 6.003833e+03 6.023259e+03 5.921446e+03 5.902020e+03
4.6 5.879387e+03 5.947071e+03 5.936370e+03 5.868686e+03
5.6 5.993054e+03 5.984121e+03 5.950521e+03 5.959454e+03
6.6 5.827433e+03 5.919127e+03 5.959020e+03 5.867326e+03
7.6 5.767087e+03 5.907693e+03 5.963134e+03 5.822527e+03
8.6 6.021836e+03 6.045339e+03 5.964589e+03 5.941087e+03
9.6 5.910789e+03 5.945970e+03 5.964489e+03 5.929308e+03
10.6 5.949080e+03 6.041194e+03 5.963612e+03 5.871498e+03
11.6 5.885533e+03 6.000493e+03 5.962539e+03 5.847579e+03
12.6 6.153256e+03 6.142403e+03 5.961612e+03 5.972466e+03
13.6 5.917972e+03 5.950029e+03 5.960955e+03 5.928898e+03
14.6 5.975693e+03 5.962100e+03 5.960550e+03 5.974144e+03
15.6 6.027884e+03 6.132793e+03 5.960326e+03 5.855417e+03
16.6 5.993486e+03 6.019554e+03 5.960211e+03 5.934144e+03
17.6 6.084926e+03 6.029731e+03 5.960159e+03 6.015354e+03
18.6 6.111434e+03 6.168934e+03 5.960135e+03 5.902635e+03
19.6 5.810883e+03 5.916076e+03 5.960126e+03 5.854932e+03
20.6 5.972484e+03 6.019822e+03 5.960122e+03 5.912784e+03
1.0 6.077093e+03 6.077021e+03 5.957987e+03 5.958060e+03
2.0 5.877014e+03 5.989594e+03 5.935151e+03 5.822571e+03
3.0 5.928053e+03 6.007432e+03 5.916479e+03 5.837100e+03
4.0 5.879309e+03 5.950006e+03 5.923309e+03 5.852612e+03
5.0 5.831779e+03 5.847584e+03 5.939261e+03 5.923456e+03
6.0 6.043797e+03 5.999755e+03 5.951802e+03 5.995844e+03
7.0 6.069038e+03 6.049294e+03 5.957504e+03 5.977247e+03
8.0 6.231359e+03 6.112934e+03 5.939447e+03 6.057872e+03
9.0 6.108297e+03 6.022633e+03 5.920664e+03 6.006328e+03
10.0 5.917400e+03 5.956173e+03 5.926184e+03 5.887411e+03
11.0 6.096886e+03 6.033732e+03 5.941250e+03 6.004405e+03
12.0 6.051217e+03 5.996894e+03 5.950082e+03 6.004404e+03
13.0 6.078852e+03 5.969069e+03 5.932546e+03 6.042329e+03
14.0 6.032877e+03 6.145342e+03 5.919303e+03 5.806838e+03
15.0 6.351285e+03 6.350067e+03 5.928750e+03 5.929968e+03
16.0 6.111975e+03 5.920120e+03 5.944423e+03 6.136279e+03
17.0 6.223260e+03 6.141292e+03 5.955601e+03 6.037569e+03
18.0 6.149099e+03 6.114471e+03 5.961560e+03 5.996187e+03
19.0 6.024867e+03 6.073729e+03 5.964125e+03 5.915263e+03
20.0 6.104999e+03 6.101666e+03 5.964670e+03 5.968003e+03
21.0 6.070613e+03 6.050306e+03 5.964087e+03 5.984394e+03
1.0 6.069038e+03 6.049294e+03 5.957504e+03 5.977247e+03
2.0 6.231359e+03 6.112934e+03 5.939447e+03 6.057872e+03
3.0 6.108297e+03 6.022633e+03 5.920664e+03 6.006328e+03
4.0 5.917400e+03 5.956173e+03 5.926184e+03 5.887411e+03
5.0 6.096886e+03 6.033732e+03 5.941250e+03 6.004405e+03
6.0 6.051217e+03 5.996894e+03 5.950082e+03 6.004404e+03
7.0 6.078852e+03 5.969069e+03 5.932546e+03 6.042329e+03
8.0 6.032877e+03 6.145342e+03 5.919303e+03 5.806838e+03
9.0 6.351285e+03 6.350067e+03 5.928750e+03 5.929968e+03
10.0 6.111975e+03 5.920120e+03 5.944423e+03 6.136279e+03
11.0 6.223260e+03 6.141292e+03 5.955601e+03 6.037569e+03
12.0 6.149099e+03 6.114471e+03 5.961560e+03 5.996187e+03
13.0 6.024867e+03 6.073729e+03 5.964125e+03 5.915263e+03
14.0 6.104999e+03 6.101666e+03 5.964670e+03 5.968003e+03
15.0 6.070613e+03 6.050306e+03 5.964087e+03 5.984394e+03
16.0 5.928353e+03 5.926701e+03 5.963054e+03 5.964705e+03
17.0 5.978452e+03 5.906204e+03 5.962030e+03 6.034278e+03
0.1 6.096886e+03 6.033732e+03 5.941250e+03 6.004405e+03
1.1 6.051217e+03 5.996894e+03 5.950082e+03 6.004404e+03
2.1 6.078852e+03 5.969069e+03 5.932546e+03 6.042329e+03
3.1 6.032877e+03 6.145342e+03 5.919303e+03 5.806838e+03
4.1 6.351285e+03 6.350067e+03 5.928750e+03 5.929968e+03
5.1 6.111975e+03 5.920120e+03 5.944423e+03 6.136279e+03
6.1 6.223260e+03 6.141292e+03 5.955601e+03 6.037569e+03
7.1 6.149099e+03 6.114471e+03 5.961560e+03 5.996187e+03
8.1 6.024867e+03 6.073729e+03 5.964125e+03 5.915263e+03
9.1 6.104999e+03 6.101666e+03 5.964670e+03 5.968003e+03
10.1 6.070613e+03 6.050306e+03 5.964087e+03 5.984394e+03
11.1 5.928353e+03 5.926701e+03 5.963054e+03 5.964705e+03
12.1 5.978452e+03 5.906204e+03 5.962030e+03 6.034278e+03
