0.1 5.841372e+03 5.781195e+03 5.957295e+03 6.017472e+03
1.1 5.850438e+03 5.937148e+03 5.954949e+03 5.868238e+03
2.1 5.978081e+03 5.905816e+03 5.936348e+03 6.008613e+03
3.1 5.930362e+03 5.825269e+03 5.923741e+03 6.028835e+03
4.1 5.986611e+03 5.829191e+03 5.930161e+03 6.087581e+03
5.1 5.790628e+03 5.697925e+03 5.942346e+03 6.035050e+03
6.1 5.820656e+03 5.814439e+03 5.951566e+03 5.957783e+03
7.1 5.804620e+03 5.867072e+03 5.956871e+03 5.894419e+03
8.1 5.991595e+03 6.008083e+03 5.959443e+03 5.942955e+03
9.1 5.801125e+03 5.819097e+03 5.960274e+03 5.942302e+03
10.1 5.827225e+03 5.801136e+03 5.960077e+03 5.986166e+03
11.1 5.748689e+03 5.682046e+03 5.959420e+03 6.026063e+03
12.1 5.764137e+03 5.814494e+03 5.958703e+03 5.908347e+03
13.1 5.931969e+03 5.949569e+03 5.958129e+03 5.940529e+03
14.1 5.924566e+03 5.950651e+03 5.957745e+03 5.931660e+03
15.1 5.812459e+03 5.907192e+03 5.957519e+03 5.862786e+03
16.1 5.822505e+03 5.908584e+03 5.957399e+03 5.871321e+03
17.1 5.947578e+03 5.996397e+03 5.957341e+03 5.908522e+03
18.1 5.877782e+03 5.916947e+03 5.957314e+03 5.918150e+03
19.1 5.889223e+03 5.895239e+03 5.957303e+03 5.951287e+03
20.1 5.919600e+03 5.965343e+03 5.957090e+03 5.911346e+03
0.7 5.919600e+03 5.965343e+03 5.957090e+03 5.911346e+03
1.7 5.974269e+03 5.989125e+03 5.945830e+03 5.930973e+03
2.7 5.960009e+03 5.937789e+03 5.926533e+03 5.948752e+03
3.7 5.934788e+03 5.962275e+03 5.925825e+03 5.898338e+03
4.7 5.983186e+03 6.000575e+03 5.935123e+03 5.917733e+03
5.7 6.043654e+03 6.035442e+03 5.927135e+03 5.935347e+03
6.7 5.962354e+03 5.927675e+03 5.919902e+03 5.954580e+03
7.7 5.898892e+03 5.861616e+03 5.929600e+03 5.966876e+03
8.7 5.913516e+03 5.951726e+03 5.943868e+03 5.905658e+03
9.7 5.983895e+03 6.018154e+03 5.953903e+03 5.919644e+03
10.7 6.094539e+03 6.009604e+03 5.959107e+03 6.044042e+03
11.7 6.022622e+03 5.951740e+03 5.961180e+03 6.032062e+03
12.7 5.925708e+03 5.873738e+03 5.961468e+03 6.013437e+03
13.7 5.952332e+03 5.956199e+03 5.960821e+03 5.956954e+03
14.7 6.084878e+03 6.109738e+03 5.953831e+03 5.928971e+03
15.7 6.042149e+03 6.062036e+03 5.932355e+03 5.912469e+03
16.7 6.008796e+03 6.069928e+03 5.925047e+03 5.863915e+03
17.7 6.025968e+03 6.141518e+03 5.933761e+03 5.818211e+03
18.7 6.044243e+03 6.139066e+03 5.932349e+03 5.837526e+03
19.7 6.026417e+03 6.000724e+03 5.921892e+03 5.947584e+03
20.7 6.069746e+03 5.967282e+03 5.927148e+03 6.029611e+03
0.1 5.934788e+03 5.962275e+03 5.925825e+03 5.898338e+03
1.1 5.983186e+03 6.000575e+03 5.935123e+03 5.917733e+03
2.1 6.043654e+03 6.035442e+03 5.927135e+03 5.935347e+03
3.1 5.962354e+03 5.927675e+03 5.919902e+03 5.954580e+03
4.1 5.898892e+03 5.861616e+03 5.929600e+03 5.966876e+03
5.1 5.913516e+03 5.951726e+03 5.943868e+03 5.905658e+03
6.1 5.983895e+03 6.018154e+03 5.953903e+03 5.919644e+03
7.1 6.094539e+03 6.009604e+03 5.959107e+03 6.044042e+03
8.1 6.022622e+03 5.951740e+03 5.961180e+03 6.032062e+03
9.1 5.925708e+03 5.873738e+03 5.961468e+03 6.013437e+03
10.1 5.952332e+03 5.956199e+03 5.960821e+03 5.956954e+03
11.1 6.084878e+03 6.109738e+03 5.953831e+03 5.928971e+03
12.1 6.042149e+03 6.062036e+03 5.932355e+03 5.912469e+03
13.1 6.008796e+03 6.069928e+03 5.925047e+03 5.863915e+03
14.1 6.025968e+03 6.141518e+03 5.933761e+03 5.818211e+03
15.1 6.044243e+03 6.139066e+03 5.932349e+03 5.837526e+03
16.1 6.026417e+03 6.000724e+03 5.921892e+03 5.947584e+03
17.1 6.069746e+03 5.967282e+03 5.927148e+03 6.029611e+03
18.1 5.926743e+03 5.970393e+03 5.940833e+03 5.897182e+03
19.1 6.047776e+03 6.039950e+03 5.951897e+03 5.959723e+03
20.1 6.128946e+03 6.115385e+03 5.958045e+03 5.971607e+03
0.4 5.952332e+03 5.956199e+03 5.960821e+03 5.956954e+03
1.4 6.084878e+03 6.109738e+03 5.953831e+03 5.928971e+03
2.4 6.042149e+03 6.062036e+03 5.932355e+03 5.912469e+03
3.4 6.008796e+03 6.069928e+03 5.925047e+03 5.863915e+03
4.4 6.025968e+03 6.141518e+03 5.933761e+03 5.818211e+03
5.4 6.044243e+03 6.139066e+03 5.932349e+03 5.837526e+03
6.4 6.026417e+03 6.000724e+03 5.921892e+03 5.947584e+03
7.4 6.069746e+03 5.967282e+03 5.927148e+03 6.029611e+03
8.4 5.926743e+03 5.970393e+03 5.940833e+03 5.897182e+03
9.4 6.047776e+03 6.039950e+03 5.951897e+03 5.959723e+03
10.4 6.128946e+03 6.115385e+03 5.958045e+03 5.971607e+03
11.4 6.119946e+03 6.029320e+03 5.960712e+03 6.051339e+03
12.4 6.053565e+03 5.949573e+03 5.961363e+03 6.065355e+03
13.4 6.012582e+03 5.921337e+03 5.960927e+03 6.052172e+03
14.4 5.882871e+03 5.945878e+03 5.960039e+03 5.897032e+03
15.4 6.256381e+03 6.237242e+03 5.959120e+03 5.978259e+03
16.4 6.178616e+03 6.224143e+03 5.958387e+03 5.912860e+03
17.4 6.197740e+03 6.122918e+03 5.957892e+03 6.032714e+03
18.4 6.091249e+03 6.027071e+03 5.957596e+03 6.021775e+03
19.4 6.095608e+03 6.037508e+03 5.957437e+03 6.015537e+03
20.4 5.895943e+03 5.993223e+03 5.957358e+03 5.860079e+03
0.8 6.025968e+03 6.141518e+03 5.933761e+03 5.818211e+03
1.8 6.044243e+03 6.139066e+03 5.932349e+03 5.837526e+03
2.8 6.026417e+03 6.000724e+03 5.921892e+03 5.947584e+03
3.8 6.069746e+03 5.967282e+03 5.927148e+03 6.029611e+03
4.8 5.926743e+03 5.970393e+03 5.940833e+03 5.897182e+03
5.8 6.047776e+03 6.039950e+03 5.951897e+03 5.959723e+03
6.8 6.128946e+03 6.115385e+03 5.958045e+03 5.971607e+03
7.8 6.119946e+03 6.029320e+03 5.960712e+03 6.051339e+03
8.8 6.053565e+03 5.949573e+03 5.961363e+03 6.065355e+03
9.8 6.012582e+03 5.921337e+03 5.960927e+03 6.052172e+03
10.8 5.882871e+03 5.945878e+03 5.960039e+03 5.897032e+03
11.8 6.256381e+03 6.237242e+03 5.959120e+03 5.978259e+03
12.8 6.178616e+03 6.224143e+03 5.958387e+03 5.912860e+03
13.8 6.197740e+03 6.122918e+03 5.957892e+03 6.032714e+03
14.8 6.091249e+03 6.027071e+03 5.957596e+03 6.021775e+03
15.8 6.095608e+03 6.037508e+03 5.957437e+03 6.015537e+03
16.8 5.895943e+03 5.993223e+03 5.957358e+03 5.860079e+03
17.8 6.083335e+03 6.130867e+03 5.956650e+03 5.909118e+03
18.8 6.213112e+03 6.179423e+03 5.941649e+03 5.975338e+03
19.8 6.246451e+03 6.175056e+03 5.923442e+03 5.994837e+03
20.8 6.103543e+03 6.034604e+03 5.925742e+03 5.994681e+03
0.9 6.083335e+03 6.130867e+03 5.956650e+03 5.909118e+03
1.9 6.213112e+03 6.179423e+03 5.941649e+03 5.975338e+03
2.9 6.246451e+03 6.175056e+03 5.923442e+03 5.994837e+03
3.9 6.103543e+03 6.034604e+03 5.925742e+03 5.994681e+03
4.9 6.055160e+03 6.026595e+03 5.938247e+03 5.966811e+03
5.9 6.077692e+03 6.118379e+03 5.949091e+03 5.908403e+03
6.9 6.029729e+03 6.123097e+03 5.955200e+03 5.861831e+03
7.9 6.146967e+03 6.228382e+03 5.945080e+03 5.863665e+03
8.9 6.155063e+03 6.192171e+03 5.928398e+03 5.891290e+03
9.9 6.079308e+03 6.083154e+03 5.929868e+03 5.926022e+03
10.9 5.997089e+03 6.093319e+03 5.941073e+03 5.844843e+03
11.9 6.038397e+03 6.169804e+03 5.949561e+03 5.818155e+03
12.9 6.174006e+03 6.235360e+03 5.938782e+03 5.877428e+03
13.9 6.175546e+03 6.202877e+03 5.926333e+03 5.899002e+03
14.9 6.200614e+03 6.192423e+03 5.931695e+03 5.939886e+03
15.9 6.451959e+03 6.432246e+03 5.938611e+03 5.958324e+03
16.9 6.427314e+03 6.302924e+03 5.927358e+03 6.051748e+03
17.9 6.468441e+03 6.356467e+03 5.924554e+03 6.036527e+03
18.9 6.358408e+03 6.348598e+03 5.935835e+03 5.945645e+03
19.9 6.279981e+03 6.331381e+03 5.948321e+03 5.896921e+03
20.9 6.311864e+03 6.224465e+03 5.956218e+03 6.043617e+03
0.8 6.029729e+03 6.123097e+03 5.955200e+03 5.861831e+03
1.8 6.146967e+03 6.228382e+03 5.945080e+03 5.863665e+03
2.8 6.155063e+03 6.192171e+03 5.928398e+03 5.891290e+03
3.8 6.079308e+03 6.083154e+03 5.929868e+03 5.926022e+03
4.8 5.997089e+03 6.093319e+03 5.941073e+03 5.844843e+03
5.8 6.038397e+03 6.169804e+03 5.949561e+03 5.818155e+03
6.8 6.174006e+03 6.235360e+03 5.938782e+03 5.877428e+03
7.8 6.175546e+03 6.202877e+03 5.926333e+03 5.899002e+03
8.8 6.200614e+03 6.192423e+03 5.931695e+03 5.939886e+03
9.8 6.451959e+03 6.432246e+03 5.938611e+03 5.958324e+03
10.8 6.427314e+03 6.302924e+03 5.927358e+03 6.051748e+03
11.8 6.468441e+03 6.356467e+03 5.924554e+03 6.036527e+03
12.8 6.358408e+03 6.348598e+03 5.935835e+03 5.945645e+03
13.8 6.279981e+03 6.331381e+03 5.948321e+03 5.896921e+03
14.8 6.311864e+03 6.224465e+03 5.956218e+03 6.043617e+03
15.8 6.329432e+03 6.453232e+03 5.960019e+03 5.836219e+03
16.8 6.163122e+03 6.285476e+03 5.961321e+03 5.838967e+03
17.8 6.318097e+03 6.313965e+03 5.961226e+03 5.965358e+03
18.8 6.095743e+03 6.141662e+03 5.960453e+03 5.914534e+03
19.8 6.038733e+03 6.099307e+03 5.959503e+03 5.898929e+03
20.8 6.091459e+03 5.999618e+03 5.958673e+03 6.050515e+03
1.0 6.038397e+03 6.169804e+03 5.949561e+03 5.818155e+03
2.0 6.174006e+03 6.235360e+03 5.938782e+03 5.877428e+03
3.0 6.175546e+03 6.202877e+03 5.926333e+03 5.899002e+03
4.0 6.200614e+03 6.192423e+03 5.931695e+03 5.939886e+03
5.0 6.451959e+03 6.432246e+03 5.938611e+03 5.958324e+03
6.0 6.427314e+03 6.302924e+03 5.927358e+03 6.051748e+03
7.0 6.468441e+03 6.356467e+03 5.924554e+03 6.036527e+03
8.0 6.358408e+03 6.348598e+03 5.935835e+03 5.945645e+03
9.0 6.279981e+03 6.331381e+03 5.948321e+03 5.896921e+03
10.0 6.311864e+03 6.224465e+03 5.956218e+03 6.043617e+03
11.0 6.329432e+03 6.453232e+03 5.960019e+03 5.836219e+03
12.0 6.163122e+03 6.285476e+03 5.961321e+03 5.838967e+03
13.0 6.318097e+03 6.313965e+03 5.961226e+03 5.965358e+03
14.0 6.095743e+03 6.141662e+03 5.960453e+03 5.914534e+03
15.0 6.038733e+03 6.099307e+03 5.959503e+03 5.898929e+03
16.0 6.091459e+03 5.999618e+03 5.958673e+03 6.050515e+03
17.0 6.065174e+03 6.023892e+03 5.958076e+03 5.999359e+03
18.0 6.133342e+03 6.062611e+03 5.957703e+03 6.028434e+03
19.0 6.240961e+03 6.335708e+03 5.957493e+03 5.862746e+03
20.0 6.321383e+03 6.266764e+03 5.957385e+03 6.012004e+03
21.0 5.648431e+03 5.794065e+03 5.957333e+03 5.811699e+03
0.3 6.200614e+03 6.192423e+03 5.931695e+03 5.939886e+03
1.3 6.451959e+03 6.432246e+03 5.938611e+03 5.958324e+03
2.3 6.427314e+03 6.302924e+03 5.927358e+03 6.051748e+03
3.3 6.468441e+03 6.356467e+03 5.924554e+03 6.036527e+03
4.3 6.358408e+03 6.348598e+03 5.935835e+03 5.945645e+03
5.3 6.279981e+03 6.331381e+03 5.948321e+03 5.896921e+03
6.3 6.311864e+03 6.224465e+03 5.956218e+03 6.043617e+03
7.3 6.329432e+03 6.453232e+03 5.960019e+03 5.836219e+03
8.3 6.163122e+03 6.285476e+03 5.961321e+03 5.838967e+03
9.3 6.318097e+03 6.313965e+03 5.961226e+03 5.965358e+03
10.3 6.095743e+03 6.141662e+03 5.960453e+03 5.914534e+03
11.3 6.038733e+03 6.099307e+03 5.959503e+03 5.898929e+03
12.3 6.091459e+03 5.999618e+03 5.958673e+03 6.050515e+03
13.3 6.065174e+03 6.023892e+03 5.958076e+03 5.999359e+03
14.3 6.133342e+03 6.062611e+03 5.957703e+03 6.028434e+03
15.3 6.240961e+03 6.335708e+03 5.957493e+03 5.862746e+03
16.3 6.321383e+03 6.266764e+03 5.957385e+03 6.012004e+03
17.3 5.648431e+03 5.794065e+03 5.957333e+03 5.811699e+03
18.3 6.619648e+03 6.624745e+03 5.957311e+03 5.952214e+03
19.3 6.826111e+03 6.549306e+03 5.957301e+03 6.234107e+03
20.3 6.743225e+03 6.560693e+03 5.955669e+03 6.138201e+03
1.0 6.743225e+03 6.560693e+03 5.955669e+03 6.138201e+03
2.0 6.599049e+03 6.264848e+03 5.938226e+03 6.272427e+03
3.0 6.422408e+03 6.371495e+03 5.923965e+03 5.974878e+03
4.0 6.517036e+03 6.361583e+03 5.929182e+03 6.084634e+03
5.0 6.142983e+03 6.259415e+03 5.941365e+03 5.824933e+03
6.0 5.978818e+03 6.033688e+03 5.950943e+03 5.896074e+03
7.0 5.829098e+03 5.864733e+03 5.956540e+03 5.920905e+03
8.0 5.699571e+03 5.742051e+03 5.959302e+03 5.916821e+03
9.0 5.726599e+03 5.762943e+03 5.960252e+03 5.923908e+03
10.0 5.844135e+03 5.974670e+03 5.960119e+03 5.829584e+03
11.0 5.799166e+03 5.974574e+03 5.959483e+03 5.784075e+03
12.0 5.852622e+03 6.003844e+03 5.958761e+03 5.807539e+03
13.0 5.803634e+03 5.971717e+03 5.958171e+03 5.790088e+03
14.0 5.078595e+03 5.339143e+03 5.957451e+03 5.696902e+03
15.0 5.488264e+03 5.629583e+03 5.944839e+03 5.803520e+03
16.0 5.728825e+03 5.690965e+03 5.926027e+03 5.963887e+03
17.0 6.008500e+03 5.824469e+03 5.926354e+03 6.110385e+03
18.0 6.172527e+03 5.983294e+03 5.935605e+03 6.124838e+03
19.0 5.970310e+03 5.768935e+03 5.927703e+03 6.129079e+03
20.0 5.746776e+03 5.748659e+03 5.921735e+03 5.919852e+03
21.0 5.894053e+03 5.669552e+03 5.931601e+03 6.156102e+03
0.8 5.078595e+03 5.339143e+03 5.957451e+03 5.696902e+03
1.8 5.488264e+03 5.629583e+03 5.944839e+03 5.803520e+03
2.8 5.728825e+03 5.690965e+03 5.926027e+03 5.963887e+03
3.8 6.008500e+03 5.824469e+03 5.926354e+03 6.110385e+03
4.8 6.172527e+03 5.983294e+03 5.935605e+03 6.124838e+03
5.8 5.970310e+03 5.768935e+03 5.927703e+03 6.129079e+03
6.8 5.746776e+03 5.748659e+03 5.921735e+03 5.919852e+03
7.8 5.894053e+03 5.669552e+03 5.931601e+03 6.156102e+03
8.8 5.813297e+03 5.881327e+03 5.945171e+03 5.877142e+03
9.8 5.901967e+03 5.710615e+03 5.954503e+03 6.145855e+03
10.8 5.998800e+03 5.912625e+03 5.959263e+03 6.045438e+03
11.8 5.063708e+03 4.987437e+03 5.961107e+03 6.037377e+03
12.8 5.912207e+03 5.920964e+03 5.961299e+03 5.952542e+03
13.8 5.845609e+03 5.993690e+03 5.960648e+03 5.812567e+03
14.8 5.808077e+03 5.950003e+03 5.959712e+03 5.817786e+03
15.8 5.845688e+03 6.023965e+03 5.958843e+03 5.780566e+03
16.8 5.937776e+03 6.053644e+03 5.958191e+03 5.842323e+03
17.8 5.789509e+03 6.044478e+03 5.957771e+03 5.702802e+03
18.8 5.614594e+03 5.939575e+03 5.957530e+03 5.632549e+03
19.8 6.002346e+03 6.061730e+03 5.957403e+03 5.898020e+03
20.8 5.435523e+03 5.570568e+03 5.957342e+03 5.822297e+03
0.1 6.008500e+03 5.824469e+03 5.926354e+03 6.110385e+03
1.1 6.172527e+03 5.983294e+03 5.935605e+03 6.124838e+03
2.1 5.970310e+03 5.768935e+03 5.927703e+03 6.129079e+03
3.1 5.746776e+03 5.748659e+03 5.921735e+03 5.919852e+03
4.1 5.894053e+03 5.669552e+03 5.931601e+03 6.156102e+03
5.1 5.813297e+03 5.881327e+03 5.945171e+03 5.877142e+03
6.1 5.901967e+03 5.710615e+03 5.954503e+03 6.145855e+03
7.1 5.998800e+03 5.912625e+03 5.959263e+03 6.045438e+03
8.1 5.063708e+03 4.987437e+03 5.961107e+03 6.037377e+03
9.1 5.912207e+03 5.920964e+03 5.961299e+03 5.952542e+03
10.1 5.845609e+03 5.993690e+03 5.960648e+03 5.812567e+03
11.1 5.808077e+03 5.950003e+03 5.959712e+03 5.817786e+03
12.1 5.845688e+03 6.023965e+03 5.958843e+03 5.780566e+03
13.1 5.937776e+03 6.053644e+03 5.958191e+03 5.842323e+03
14.1 5.789509e+03 6.044478e+03 5.957771e+03 5.702802e+03
15.1 5.614594e+03 5.939575e+03 5.957530e+03 5.632549e+03
16.1 6.002346e+03 6.061730e+03 5.957403e+03 5.898020e+03
17.1 5.435523e+03 5.570568e+03 5.957342e+03 5.822297e+03
18.1 6.331792e+03 6.104887e+03 5.957314e+03 6.184218e+03
19.1 6.432852e+03 6.167734e+03 5.957303e+03 6.222421e+03
20.1 6.108194e+03 6.043381e+03 5.957298e+03 6.022111e+03
0.9 5.693456e+03 5.603751e+03 5.956505e+03 6.046209e+03
1.9 5.905337e+03 5.906881e+03 5.941428e+03 5.939884e+03
2.9 5.758945e+03 5.745920e+03 5.924704e+03 5.937730e+03
3.9 5.728043e+03 5.791574e+03 5.927656e+03 5.864126e+03
4.9 5.834437e+03 5.850730e+03 5.939676e+03 5.923383e+03
5.9 5.882689e+03 5.831713e+03 5.949836e+03 6.000813e+03
6.9 5.629178e+03 5.515203e+03 5.955944e+03 6.069918e+03
7.9 5.512341e+03 5.502111e+03 5.958908e+03 5.969137e+03
8.9 5.655989e+03 5.629528e+03 5.949924e+03 5.976386e+03
9.9 5.878205e+03 5.862403e+03 5.930110e+03 5.945912e+03
10.9 5.699824e+03 5.793652e+03 5.927676e+03 5.833848e+03
11.9 6.358939e+03 6.078412e+03 5.938072e+03 6.218599e+03
12.9 6.186468e+03 6.241016e+03 5.948100e+03 5.893552e+03
13.9 6.002927e+03 6.046254e+03 5.940909e+03 5.897581e+03
14.9 5.875812e+03 6.074975e+03 5.925378e+03 5.726214e+03
15.9 5.888729e+03 5.984460e+03 5.928042e+03 5.832311e+03
16.9 5.897951e+03 5.916347e+03 5.937911e+03 5.919516e+03
17.9 5.776718e+03 5.860089e+03 5.929524e+03 5.846153e+03
18.9 5.578715e+03 5.714592e+03 5.923557e+03 5.787680e+03
19.9 5.692732e+03 5.729271e+03 5.933197e+03 5.896659e+03
20.9 5.802193e+03 5.738492e+03 5.946271e+03 6.009972e+03
0.6 5.512341e+03 5.502111e+03 5.958908e+03 5.969137e+03
1.6 5.655989e+03 5.629528e+03 5.949924e+03 5.976386e+03
2.6 5.878205e+03 5.862403e+03 5.930110e+03 5.945912e+03
3.6 5.699824e+03 5.793652e+03 5.927676e+03 5.833848e+03
4.6 6.358939e+03 6.078412e+03 5.938072e+03 6.218599e+03
5.6 6.186468e+03 6.241016e+03 5.948100e+03 5.893552e+03
6.6 6.002927e+03 6.046254e+03 5.940909e+03 5.897581e+03
7.6 5.875812e+03 6.074975e+03 5.925378e+03 5.726214e+03
8.6 5.888729e+03 5.984460e+03 5.928042e+03 5.832311e+03
9.6 5.897951e+03 5.916347e+03 5.937911e+03 5.919516e+03
10.6 5.776718e+03 5.860089e+03 5.929524e+03 5.846153e+03
11.6 5.578715e+03 5.714592e+03 5.923557e+03 5.787680e+03
12.6 5.692732e+03 5.729271e+03 5.933197e+03 5.896659e+03
13.6 5.802193e+03 5.738492e+03 5.946271e+03 6.009972e+03
14.6 6.136958e+03 6.121087e+03 5.950372e+03 5.966243e+03
15.6 6.012123e+03 6.119799e+03 5.933639e+03 5.825964e+03
16.6 5.909664e+03 6.056437e+03 5.926113e+03 5.779340e+03
17.6 6.025530e+03 6.155735e+03 5.935219e+03 5.805015e+03
18.6 5.958628e+03 5.786631e+03 5.947089e+03 6.119087e+03
19.6 5.692892e+03 5.715811e+03 5.954993e+03 5.932074e+03
20.6 6.016404e+03 5.853079e+03 5.955118e+03 6.118444e+03
0.8 6.186468e+03 6.241016e+03 5.948100e+03 5.893552e+03
1.8 6.002927e+03 6.046254e+03 5.940909e+03 5.897581e+03
2.8 5.875812e+03 6.074975e+03 5.925378e+03 5.726214e+03
3.8 5.888729e+03 5.984460e+03 5.928042e+03 5.832311e+03
4.8 5.897951e+03 5.916347e+03 5.937911e+03 5.919516e+03
5.8 5.776718e+03 5.860089e+03 5.929524e+03 5.846153e+03
6.8 5.578715e+03 5.714592e+03 5.923557e+03 5.787680e+03
7.8 5.692732e+03 5.729271e+03 5.933197e+03 5.896659e+03
8.8 5.802193e+03 5.738492e+03 5.946271e+03 6.009972e+03
9.8 6.136958e+03 6.121087e+03 5.950372e+03 5.966243e+03
10.8 6.012123e+03 6.119799e+03 5.933639e+03 5.825964e+03
11.8 5.909664e+03 6.056437e+03 5.926113e+03 5.779340e+03
12.8 6.025530e+03 6.155735e+03 5.935219e+03 5.805015e+03
13.8 5.958628e+03 5.786631e+03 5.947089e+03 6.119087e+03
14.8 5.692892e+03 5.715811e+03 5.954993e+03 5.932074e+03
15.8 6.016404e+03 5.853079e+03 5.955118e+03 6.118444e+03
16.8 5.978171e+03 5.931550e+03 5.936789e+03 5.983410e+03
17.8 5.654828e+03 5.699177e+03 5.927332e+03 5.882982e+03
18.8 5.515585e+03 5.591314e+03 5.934913e+03 5.859183e+03
19.8 5.618493e+03 5.663693e+03 5.946114e+03 5.900914e+03
20.8 5.752403e+03 5.865924e+03 5.953937e+03 5.840416e+03
0.1 5.888729e+03 5.984460e+03 5.928042e+03 5.832311e+03
1.1 5.897951e+03 5.916347e+03 5.937911e+03 5.919516e+03
2.1 5.776718e+03 5.860089e+03 5.929524e+03 5.846153e+03
3.1 5.578715e+03 5.714592e+03 5.923557e+03 5.787680e+03
4.1 5.692732e+03 5.729271e+03 5.933197e+03 5.896659e+03
5.1 5.802193e+03 5.738492e+03 5.946271e+03 6.009972e+03
6.1 6.136958e+03 6.121087e+03 5.950372e+03 5.966243e+03
7.1 6.012123e+03 6.119799e+03 5.933639e+03 5.825964e+03
8.1 5.909664e+03 6.056437e+03 5.926113e+03 5.779340e+03
9.1 6.025530e+03 6.155735e+03 5.935219e+03 5.805015e+03
10.1 5.958628e+03 5.786631e+03 5.947089e+03 6.119087e+03
11.1 5.692892e+03 5.715811e+03 5.954993e+03 5.932074e+03
12.1 6.016404e+03 5.853079e+03 5.955118e+03 6.118444e+03
13.1 5.978171e+03 5.931550e+03 5.936789e+03 5.983410e+03
14.1 5.654828e+03 5.699177e+03 5.927332e+03 5.882982e+03
15.1 5.515585e+03 5.591314e+03 5.934913e+03 5.859183e+03
16.1 5.618493e+03 5.663693e+03 5.946114e+03 5.900914e+03
17.1 5.752403e+03 5.865924e+03 5.953937e+03 5.840416e+03
18.1 5.759910e+03 5.648228e+03 5.954564e+03 6.066246e+03
19.1 6.071312e+03 5.986326e+03 5.935888e+03 6.020874e+03
20.1 6.202824e+03 6.084911e+03 5.925234e+03 6.043148e+03
0.3 5.802193e+03 5.738492e+03 5.946271e+03 6.009972e+03
1.3 6.136958e+03 6.121087e+03 5.950372e+03 5.966243e+03
2.3 6.012123e+03 6.119799e+03 5.933639e+03 5.825964e+03
3.3 5.909664e+03 6.056437e+03 5.926113e+03 5.779340e+03
4.3 6.025530e+03 6.155735e+03 5.935219e+03 5.805015e+03
5.3 5.958628e+03 5.786631e+03 5.947089e+03 6.119087e+03
6.3 5.692892e+03 5.715811e+03 5.954993e+03 5.932074e+03
7.3 6.016404e+03 5.853079e+03 5.955118e+03 6.118444e+03
8.3 5.978171e+03 5.931550e+03 5.936789e+03 5.983410e+03
9.3 5.654828e+03 5.699177e+03 5.927332e+03 5.882982e+03
10.3 5.515585e+03 5.591314e+03 5.934913e+03 5.859183e+03
11.3 5.618493e+03 5.663693e+03 5.946114e+03 5.900914e+03
12.3 5.752403e+03 5.865924e+03 5.953937e+03 5.840416e+03
13.3 5.759910e+03 5.648228e+03 5.954564e+03 6.066246e+03
14.3 6.071312e+03 5.986326e+03 5.935888e+03 6.020874e+03
15.3 6.202824e+03 6.084911e+03 5.925234e+03 6.043148e+03
16.3 6.275018e+03 6.095259e+03 5.932855e+03 6.112614e+03
17.3 6.000612e+03 6.029734e+03 5.944819e+03 5.915697e+03
18.3 5.973213e+03 5.867370e+03 5.953330e+03 6.059173e+03
19.3 5.699173e+03 5.801894e+03 5.957998e+03 5.855278e+03
20.3 6.033968e+03 5.875691e+03 5.959189e+03 6.117466e+03
0.3 5.692892e+03 5.715811e+03 5.954993e+03 5.932074e+03
1.3 6.016404e+03 5.853079e+03 5.955118e+03 6.118444e+03
2.3 5.978171e+03 5.931550e+03 5.936789e+03 5.983410e+03
3.3 5.654828e+03 5.699177e+03 5.927332e+03 5.882982e+03
4.3 5.515585e+03 5.591314e+03 5.934913e+03 5.859183e+03
5.3 5.618493e+03 5.663693e+03 5.946114e+03 5.900914e+03
6.3 5.752403e+03 5.865924e+03 5.953937e+03 5.840416e+03
7.3 5.759910e+03 5.648228e+03 5.954564e+03 6.066246e+03
8.3 6.071312e+03 5.986326e+03 5.935888e+03 6.020874e+03
9.3 6.202824e+03 6.084911e+03 5.925234e+03 6.043148e+03
10.3 6.275018e+03 6.095259e+03 5.932855e+03 6.112614e+03
11.3 6.000612e+03 6.029734e+03 5.944819e+03 5.915697e+03
12.3 5.973213e+03 5.867370e+03 5.953330e+03 6.059173e+03
13.3 5.699173e+03 5.801894e+03 5.957998e+03 5.855278e+03
14.3 6.033968e+03 5.875691e+03 5.959189e+03 6.117466e+03
15.3 5.861837e+03 5.678226e+03 5.944130e+03 6.127741e+03
16.3 5.736232e+03 5.584681e+03 5.927476e+03 6.079028e+03
17.3 5.619435e+03 5.682418e+03 5.930142e+03 5.867159e+03
18.3 5.796965e+03 5.791261e+03 5.941445e+03 5.947149e+03
19.3 5.808912e+03 5.786873e+03 5.950897e+03 5.972936e+03
20.3 6.113945e+03 6.177095e+03 5.956512e+03 5.893362e+03
0.2 5.752403e+03 5.865924e+03 5.953937e+03 5.840416e+03
1.2 5.759910e+03 5.648228e+03 5.954564e+03 6.066246e+03
2.2 6.071312e+03 5.986326e+03 5.935888e+03 6.020874e+03
3.2 6.202824e+03 6.084911e+03 5.925234e+03 6.043148e+03
4.2 6.275018e+03 6.095259e+03 5.932855e+03 6.112614e+03
5.2 6.000612e+03 6.029734e+03 5.944819e+03 5.915697e+03
6.2 5.973213e+03 5.867370e+03 5.953330e+03 6.059173e+03
7.2 5.699173e+03 5.801894e+03 5.957998e+03 5.855278e+03
8.2 6.033968e+03 5.875691e+03 5.959189e+03 6.117466e+03
9.2 5.861837e+03 5.678226e+03 5.944130e+03 6.127741e+03
10.2 5.736232e+03 5.584681e+03 5.927476e+03 6.079028e+03
11.2 5.619435e+03 5.682418e+03 5.930142e+03 5.867159e+03
12.2 5.796965e+03 5.791261e+03 5.941445e+03 5.947149e+03
13.2 5.808912e+03 5.786873e+03 5.950897e+03 5.972936e+03
14.2 6.113945e+03 6.177095e+03 5.956512e+03 5.893362e+03
15.2 5.744376e+03 5.881957e+03 5.959312e+03 5.821731e+03
16.2 5.730829e+03 5.862249e+03 5.960312e+03 5.828891e+03
17.2 5.773590e+03 5.835873e+03 5.960213e+03 5.897931e+03
18.2 5.879144e+03 5.911169e+03 5.959584e+03 5.927559e+03
19.2 5.946033e+03 6.046317e+03 5.957218e+03 5.856934e+03
20.2 5.917229e+03 5.896606e+03 5.939162e+03 5.959784e+03
0.9 6.033968e+03 5.875691e+03 5.959189e+03 6.117466e+03
1.9 5.861837e+03 5.678226e+03 5.944130e+03 6.127741e+03
2.9 5.736232e+03 5.584681e+03 5.927476e+03 6.079028e+03
3.9 5.619435e+03 5.682418e+03 5.930142e+03 5.867159e+03
4.9 5.796965e+03 5.791261e+03 5.941445e+03 5.947149e+03
5.9 5.808912e+03 5.786873e+03 5.950897e+03 5.972936e+03
6.9 6.113945e+03 6.177095e+03 5.956512e+03 5.893362e+03
7.9 5.744376e+03 5.881957e+03 5.959312e+03 5.821731e+03
8.9 5.730829e+03 5.862249e+03 5.960312e+03 5.828891e+03
9.9 5.773590e+03 5.835873e+03 5.960213e+03 5.897931e+03
10.9 5.879144e+03 5.911169e+03 5.959584e+03 5.927559e+03
11.9 5.946033e+03 6.046317e+03 5.957218e+03 5.856934e+03
12.9 5.917229e+03 5.896606e+03 5.939162e+03 5.959784e+03
13.9 5.875139e+03 5.863568e+03 5.924477e+03 5.936048e+03
14.9 5.610587e+03 5.732425e+03 5.929440e+03 5.807603e+03
15.9 5.802101e+03 5.849151e+03 5.941487e+03 5.894436e+03
16.9 5.950186e+03 5.978751e+03 5.950997e+03 5.922432e+03
17.9 6.001640e+03 5.943698e+03 5.955320e+03 6.013262e+03
18.9 6.036385e+03 6.113258e+03 5.941516e+03 5.864643e+03
19.9 5.921135e+03 6.027598e+03 5.927165e+03 5.820702e+03
20.9 6.151008e+03 6.148500e+03 5.931378e+03 5.933886e+03
1.0 5.946033e+03 6.046317e+03 5.957218e+03 5.856934e+03
2.0 5.917229e+03 5.896606e+03 5.939162e+03 5.959784e+03
3.0 5.875139e+03 5.863568e+03 5.924477e+03 5.936048e+03
4.0 5.610587e+03 5.732425e+03 5.929440e+03 5.807603e+03
5.0 5.802101e+03 5.849151e+03 5.941487e+03 5.894436e+03
6.0 5.950186e+03 5.978751e+03 5.950997e+03 5.922432e+03
7.0 6.001640e+03 5.943698e+03 5.955320e+03 6.013262e+03
8.0 6.036385e+03 6.113258e+03 5.941516e+03 5.864643e+03
9.0 5.921135e+03 6.027598e+03 5.927165e+03 5.820702e+03
10.0 6.151008e+03 6.148500e+03 5.931378e+03 5.933886e+03
11.0 5.980136e+03 5.894574e+03 5.942884e+03 6.028446e+03
12.0 5.714031e+03 5.713336e+03 5.951976e+03 5.952671e+03
13.0 5.555884e+03 5.598391e+03 5.957184e+03 5.914678e+03
14.0 5.606823e+03 5.606858e+03 5.959676e+03 5.959641e+03
15.0 5.549362e+03 5.585171e+03 5.960472e+03 5.924663e+03
16.0 5.678468e+03 5.638401e+03 5.960257e+03 6.000324e+03
17.0 5.896777e+03 5.877598e+03 5.959574e+03 5.978752e+03
18.0 5.660034e+03 5.649317e+03 5.958820e+03 5.969537e+03
19.0 5.909217e+03 5.841969e+03 5.958207e+03 6.025455e+03
20.0 5.985893e+03 5.886955e+03 5.957792e+03 6.056730e+03
21.0 5.948737e+03 5.894355e+03 5.957523e+03 6.011905e+03
1.0 6.001640e+03 5.943698e+03 5.955320e+03 6.013262e+03
2.0 6.036385e+03 6.113258e+03 5.941516e+03 5.864643e+03
3.0 5.921135e+03 6.027598e+03 5.927165e+03 5.820702e+03
4.0 6.151008e+03 6.148500e+03 5.931378e+03 5.933886e+03
5.0 5.980136e+03 5.894574e+03 5.942884e+03 6.028446e+03
6.0 5.714031e+03 5.713336e+03 5.951976e+03 5.952671e+03
7.0 5.555884e+03 5.598391e+03 5.957184e+03 5.914678e+03
8.0 5.606823e+03 5.606858e+03 5.959676e+03 5.959641e+03
9.0 5.549362e+03 5.585171e+03 5.960472e+03 5.924663e+03
10.0 5.678468e+03 5.638401e+03 5.960257e+03 6.000324e+03
11.0 5.896777e+03 5.877598e+03 5.959574e+03 5.978752e+03
12.0 5.660034e+03 5.649317e+03 5.958820e+03 5.969537e+03
13.0 5.909217e+03 5.841969e+03 5.958207e+03 6.025455e+03
14.0 5.985893e+03 5.886955e+03 5.957792e+03 6.056730e+03
15.0 5.948737e+03 5.894355e+03 5.957523e+03 6.011905e+03
16.0 5.945974e+03 5.921544e+03 5.950413e+03 5.974843e+03
17.0 5.832748e+03 5.836291e+03 5.929783e+03 5.926240e+03
18.0 5.651341e+03 5.683880e+03 5.924355e+03 5.891816e+03
19.0 5.775777e+03 5.717755e+03 5.934363e+03 5.992386e+03
20.0 5.733257e+03 5.724859e+03 5.945992e+03 5.954390e+03
21.0 5.688931e+03 5.759833e+03 5.953772e+03 5.882870e+03
0.5 5.948737e+03 5.894355e+03 5.957523e+03 6.011905e+03
1.5 5.945974e+03 5.921544e+03 5.950413e+03 5.974843e+03
2.5 5.832748e+03 5.836291e+03 5.929783e+03 5.926240e+03
3.5 5.651341e+03 5.683880e+03 5.924355e+03 5.891816e+03
4.5 5.775777e+03 5.717755e+03 5.934363e+03 5.992386e+03
5.5 5.733257e+03 5.724859e+03 5.945992e+03 5.954390e+03
6.5 5.688931e+03 5.759833e+03 5.953772e+03 5.882870e+03
7.5 5.727862e+03 5.726218e+03 5.958002e+03 5.959645e+03
8.5 5.708336e+03 5.708067e+03 5.959884e+03 5.960153e+03
9.5 5.837026e+03 5.810087e+03 5.960291e+03 5.987230e+03
10.5 6.100533e+03 6.045380e+03 5.959879e+03 6.015033e+03
11.5 6.163369e+03 6.179837e+03 5.959167e+03 5.942699e+03
12.5 5.968164e+03 6.050097e+03 5.958485e+03 5.876553e+03
13.5 5.978827e+03 5.969009e+03 5.957977e+03 5.967794e+03
14.5 6.195083e+03 6.107008e+03 5.957652e+03 6.045728e+03
15.5 5.973873e+03 5.896519e+03 5.957469e+03 6.034822e+03
16.5 5.710194e+03 5.852091e+03 5.957374e+03 5.815477e+03
17.5 6.295395e+03 6.310440e+03 5.957329e+03 5.942285e+03
18.5 6.125516e+03 6.041669e+03 5.957309e+03 6.041157e+03
19.5 5.637882e+03 5.763168e+03 5.957301e+03 5.832014e+03
20.5 5.821522e+03 6.046561e+03 5.957297e+03 5.732259e+03
0.1 5.957587e+03 5.968168e+03 5.957295e+03 5.946715e+03
1.1 6.253899e+03 6.274850e+03 5.955447e+03 5.934496e+03
2.1 5.823915e+03 5.813624e+03 5.937594e+03 5.947885e+03
3.1 5.885083e+03 5.937445e+03 5.923873e+03 5.871510e+03
4.1 5.947592e+03 6.130561e+03 5.929504e+03 5.746535e+03
5.1 6.167435e+03 6.175698e+03 5.941695e+03 5.933432e+03
6.1 6.040369e+03 5.864349e+03 5.951154e+03 6.127174e+03
7.1 6.169406e+03 5.927280e+03 5.956653e+03 6.198779e+03
8.1 6.260459e+03 6.123853e+03 5.959350e+03 6.095957e+03
9.1 6.058137e+03 5.922532e+03 5.960261e+03 6.095866e+03
10.1 6.179172e+03 5.991669e+03 5.960106e+03 6.147609e+03
11.1 6.052110e+03 6.017841e+03 5.959462e+03 5.993731e+03
12.1 6.003833e+03 6.023259e+03 5.958741e+03 5.939315e+03
13.1 5.879387e+03 5.947071e+03 5.956914e+03 5.889230e+03
14.1 5.993054e+03 5.984121e+03 5.939968e+03 5.948900e+03
15.1 5.827433e+03 5.919127e+03 5.924438e+03 5.832743e+03
16.1 5.767087e+03 5.907693e+03 5.928659e+03 5.788052e+03
17.1 6.021836e+03 6.045339e+03 5.935606e+03 5.912104e+03
18.1 5.910789e+03 5.945970e+03 5.924966e+03 5.889784e+03
19.1 5.949080e+03 6.041194e+03 5.922913e+03 5.830798e+03
20.1 5.885533e+03 6.000493e+03 5.934574e+03 5.819614e+03
1.0 5.879387e+03 5.947071e+03 5.956914e+03 5.889230e+03
2.0 5.993054e+03 5.984121e+03 5.939968e+03 5.948900e+03
3.0 5.827433e+03 5.919127e+03 5.924438e+03 5.832743e+03
4.0 5.767087e+03 5.907693e+03 5.928659e+03 5.788052e+03
5.0 6.021836e+03 6.045339e+03 5.935606e+03 5.912104e+03
6.0 5.910789e+03 5.945970e+03 5.924966e+03 5.889784e+03
7.0 5.949080e+03 6.041194e+03 5.922913e+03 5.830798e+03
8.0 5.885533e+03 6.000493e+03 5.934574e+03 5.819614e+03
9.0 6.153256e+03 6.142403e+03 5.935392e+03 5.946246e+03
10.0 5.917972e+03 5.950029e+03 5.923500e+03 5.891442e+03
11.0 5.975693e+03 5.962100e+03 5.926982e+03 5.940576e+03
12.0 6.027884e+03 6.132793e+03 5.940370e+03 5.835461e+03
13.0 5.993486e+03 6.019554e+03 5.951044e+03 5.924977e+03
14.0 6.084926e+03 6.029731e+03 5.942882e+03 5.998078e+03
15.0 6.111434e+03 6.168934e+03 5.928517e+03 5.871016e+03
16.0 5.810883e+03 5.916076e+03 5.931681e+03 5.826488e+03
17.0 5.972484e+03 6.019822e+03 5.943207e+03 5.895869e+03
18.0 6.077093e+03 6.077021e+03 5.952555e+03 5.952627e+03
19.0 5.877014e+03 5.989594e+03 5.957794e+03 5.845215e+03
20.0 5.928053e+03 6.007432e+03 5.960171e+03 5.880792e+03
21.0 5.879309e+03 5.950006e+03 5.960839e+03 5.890141e+03
0.4 5.767087e+03 5.907693e+03 5.928659e+03 5.788052e+03
1.4 6.021836e+03 6.045339e+03 5.935606e+03 5.912104e+03
2.4 5.910789e+03 5.945970e+03 5.924966e+03 5.889784e+03
3.4 5.949080e+03 6.041194e+03 5.922913e+03 5.830798e+03
4.4 5.885533e+03 6.000493e+03 5.934574e+03 5.819614e+03
5.4 6.153256e+03 6.142403e+03 5.935392e+03 5.946246e+03
6.4 5.917972e+03 5.950029e+03 5.923500e+03 5.891442e+03
7.4 5.975693e+03 5.962100e+03 5.926982e+03 5.940576e+03
8.4 6.027884e+03 6.132793e+03 5.940370e+03 5.835461e+03
9.4 5.993486e+03 6.019554e+03 5.951044e+03 5.924977e+03
10.4 6.084926e+03 6.029731e+03 5.942882e+03 5.998078e+03
11.4 6.111434e+03 6.168934e+03 5.928517e+03 5.871016e+03
12.4 5.810883e+03 5.916076e+03 5.931681e+03 5.826488e+03
13.4 5.972484e+03 6.019822e+03 5.943207e+03 5.895869e+03
14.4 6.077093e+03 6.077021e+03 5.952555e+03 5.952627e+03
15.4 5.877014e+03 5.989594e+03 5.957794e+03 5.845215e+03
16.4 5.928053e+03 6.007432e+03 5.960171e+03 5.880792e+03
17.4 5.879309e+03 5.950006e+03 5.960839e+03 5.890141e+03
18.4 5.831779e+03 5.847584e+03 5.960524e+03 5.944719e+03
19.4 6.043797e+03 5.999755e+03 5.959764e+03 6.003807e+03
20.4 6.069038e+03 6.049294e+03 5.958949e+03 5.978692e+03
0.7 5.885533e+03 6.000493e+03 5.934574e+03 5.819614e+03
1.7 6.153256e+03 6.142403e+03 5.935392e+03 5.946246e+03
2.7 5.917972e+03 5.950029e+03 5.923500e+03 5.891442e+03
3.7 5.975693e+03 5.962100e+03 5.926982e+03 5.940576e+03
4.7 6.027884e+03 6.132793e+03 5.940370e+03 5.835461e+03
5.7 5.993486e+03 6.019554e+03 5.951044e+03 5.924977e+03
6.7 6.084926e+03 6.029731e+03 5.942882e+03 5.998078e+03
7.7 6.111434e+03 6.168934e+03 5.928517e+03 5.871016e+03
8.7 5.810883e+03 5.916076e+03 5.931681e+03 5.826488e+03
9.7 5.972484e+03 6.019822e+03 5.943207e+03 5.895869e+03
10.7 6.077093e+03 6.077021e+03 5.952555e+03 5.952627e+03
11.7 5.877014e+03 5.989594e+03 5.957794e+03 5.845215e+03
12.7 5.928053e+03 6.007432e+03 5.960171e+03 5.880792e+03
13.7 5.879309e+03 5.950006e+03 5.960839e+03 5.890141e+03
14.7 5.831779e+03 5.847584e+03 5.960524e+03 5.944719e+03
15.7 6.043797e+03 5.999755e+03 5.959764e+03 6.003807e+03
16.7 6.069038e+03 6.049294e+03 5.958949e+03 5.978692e+03
17.7 6.231359e+03 6.112934e+03 5.958287e+03 6.076712e+03
18.7 6.108297e+03 6.022633e+03 5.957838e+03 6.043502e+03
19.7 5.917400e+03 5.956173e+03 5.957569e+03 5.918797e+03
20.7 6.096886e+03 6.033732e+03 5.957424e+03 6.020579e+03
0.9 5.993486e+03 6.019554e+03 5.951044e+03 5.924977e+03
1.9 6.084926e+03 6.029731e+03 5.942882e+03 5.998078e+03
2.9 6.111434e+03 6.168934e+03 5.928517e+03 5.871016e+03
3.9 5.810883e+03 5.916076e+03 5.931681e+03 5.826488e+03
4.9 5.972484e+03 6.019822e+03 5.943207e+03 5.895869e+03
5.9 6.077093e+03 6.077021e+03 5.952555e+03 5.952627e+03
6.9 5.877014e+03 5.989594e+03 5.957794e+03 5.845215e+03
7.9 5.928053e+03 6.007432e+03 5.960171e+03 5.880792e+03
8.9 5.879309e+03 5.950006e+03 5.960839e+03 5.890141e+03
9.9 5.831779e+03 5.847584e+03 5.960524e+03 5.944719e+03
10.9 6.043797e+03 5.999755e+03 5.959764e+03 6.003807e+03
11.9 6.069038e+03 6.049294e+03 5.958949e+03 5.978692e+03
12.9 6.231359e+03 6.112934e+03 5.958287e+03 6.076712e+03
13.9 6.108297e+03 6.022633e+03 5.957838e+03 6.043502e+03
14.9 5.917400e+03 5.956173e+03 5.957569e+03 5.918797e+03
15.9 6.096886e+03 6.033732e+03 5.957424e+03 6.020579e+03
16.9 6.051217e+03 5.996894e+03 5.957352e+03 6.011675e+03
17.9 6.078852e+03 5.969069e+03 5.957319e+03 6.067102e+03
18.9 6.032877e+03 6.145342e+03 5.957305e+03 5.844840e+03
19.9 6.351285e+03 6.350067e+03 5.957269e+03 5.958487e+03
20.9 6.111975e+03 5.920120e+03 5.949788e+03 6.141644e+03
0.5 6.351285e+03 6.350067e+03 5.957269e+03 5.958487e+03
1.5 6.111975e+03 5.920120e+03 5.949788e+03 6.141644e+03
2.5 6.223260e+03 6.141292e+03 5.929271e+03 6.011239e+03
3.5 6.149099e+03 6.114471e+03 5.924478e+03 5.959106e+03
4.5 6.024867e+03 6.073729e+03 5.934043e+03 5.885181e+03
5.5 6.104999e+03 6.101666e+03 5.930613e+03 5.933946e+03
6.5 6.070613e+03 6.050306e+03 5.920078e+03 5.940385e+03
7.5 5.928353e+03 5.926701e+03 5.926528e+03 5.928179e+03
8.5 5.978452e+03 5.906204e+03 5.940865e+03 6.013112e+03
0.9 6.024867e+03 6.073729e+03 5.934043e+03 5.885181e+03
1.9 6.104999e+03 6.101666e+03 5.930613e+03 5.933946e+03
2.9 6.070613e+03 6.050306e+03 5.920078e+03 5.940385e+03
3.9 5.928353e+03 5.926701e+03 5.926528e+03 5.928179e+03
4.9 5.978452e+03 5.906204e+03 5.940865e+03 6.013112e+03
