0.1 5.042605e+03 5.037884e+03 3.807622e+03 3.812344e+03
1.1 5.063233e+03 5.065734e+03 3.818090e+03 3.815589e+03
2.1 5.196993e+03 5.108258e+03 3.901056e+03 3.989790e+03
3.1 5.285212e+03 5.144761e+03 3.957285e+03 4.097736e+03
4.1 5.506977e+03 5.177774e+03 3.928651e+03 4.257854e+03
5.1 5.348463e+03 5.069078e+03 3.874301e+03 4.153686e+03
6.1 5.122692e+03 5.053794e+03 3.833175e+03 3.902073e+03
7.1 5.097131e+03 5.035038e+03 3.809516e+03 3.871610e+03
8.1 5.171969e+03 5.138738e+03 3.798045e+03 3.831277e+03
9.1 5.229146e+03 5.161097e+03 3.794335e+03 3.862383e+03
10.1 5.261861e+03 5.148407e+03 3.795215e+03 3.908669e+03
11.1 5.178403e+03 5.113239e+03 3.798146e+03 3.863310e+03
12.1 5.076689e+03 5.113136e+03 3.801343e+03 3.764895e+03
13.1 5.198481e+03 5.111898e+03 3.803904e+03 3.890487e+03
14.1 5.252143e+03 5.158274e+03 3.805617e+03 3.899486e+03
15.1 5.254108e+03 5.213267e+03 3.806624e+03 3.847465e+03
16.1 4.955977e+03 5.200237e+03 3.807159e+03 3.562898e+03
17.1 5.054609e+03 5.208211e+03 3.807419e+03 3.653818e+03
18.1 5.089002e+03 5.224684e+03 3.807538e+03 3.671857e+03
19.1 5.093466e+03 5.255938e+03 3.807589e+03 3.645117e+03
20.1 5.091731e+03 5.249072e+03 3.808541e+03 3.651200e+03
0.7 5.091731e+03 5.249072e+03 3.808541e+03 3.651200e+03
1.7 5.132488e+03 5.240600e+03 3.858764e+03 3.750652e+03
2.7 5.249786e+03 5.326447e+03 3.944836e+03 3.868175e+03
3.7 5.240154e+03 5.323202e+03 3.947992e+03 3.864944e+03
4.7 5.135527e+03 5.277903e+03 3.906521e+03 3.764145e+03
5.7 5.234791e+03 5.348479e+03 3.942149e+03 3.828460e+03
6.7 5.268667e+03 5.376393e+03 3.974411e+03 3.866685e+03
7.7 5.230992e+03 5.318792e+03 3.931156e+03 3.843356e+03
8.7 5.289276e+03 5.315062e+03 3.867513e+03 3.841728e+03
9.7 5.377377e+03 5.265102e+03 3.822752e+03 3.935027e+03
10.7 5.466665e+03 5.325425e+03 3.799542e+03 3.940782e+03
11.7 5.459391e+03 5.386369e+03 3.790295e+03 3.863317e+03
12.7 5.416360e+03 5.336824e+03 3.789011e+03 3.868547e+03
13.7 5.329769e+03 5.323334e+03 3.791898e+03 3.798333e+03
14.7 5.337425e+03 5.379152e+03 3.823074e+03 3.781346e+03
15.7 5.547060e+03 5.451895e+03 3.918867e+03 4.014031e+03
16.7 5.485515e+03 5.498962e+03 3.951462e+03 3.938015e+03
17.7 5.393520e+03 5.473144e+03 3.912593e+03 3.832968e+03
18.7 5.352463e+03 5.483017e+03 3.918894e+03 3.788340e+03
19.7 5.416412e+03 5.503892e+03 3.965535e+03 3.878055e+03
20.7 5.458098e+03 5.497595e+03 3.942092e+03 3.902595e+03
0.1 5.240154e+03 5.323202e+03 3.947992e+03 3.864944e+03
1.1 5.135527e+03 5.277903e+03 3.906521e+03 3.764145e+03
2.1 5.234791e+03 5.348479e+03 3.942149e+03 3.828460e+03
3.1 5.268667e+03 5.376393e+03 3.974411e+03 3.866685e+03
4.1 5.230992e+03 5.318792e+03 3.931156e+03 3.843356e+03
5.1 5.289276e+03 5.315062e+03 3.867513e+03 3.841728e+03
6.1 5.377377e+03 5.265102e+03 3.822752e+03 3.935027e+03
7.1 5.466665e+03 5.325425e+03 3.799542e+03 3.940782e+03
8.1 5.459391e+03 5.386369e+03 3.790295e+03 3.863317e+03
9.1 5.416360e+03 5.336824e+03 3.789011e+03 3.868547e+03
10.1 5.329769e+03 5.323334e+03 3.791898e+03 3.798333e+03
11.1 5.337425e+03 5.379152e+03 3.823074e+03 3.781346e+03
12.1 5.547060e+03 5.451895e+03 3.918867e+03 4.014031e+03
13.1 5.485515e+03 5.498962e+03 3.951462e+03 3.938015e+03
14.1 5.393520e+03 5.473144e+03 3.912593e+03 3.832968e+03
15.1 5.352463e+03 5.483017e+03 3.918894e+03 3.788340e+03
16.1 5.416412e+03 5.503892e+03 3.965535e+03 3.878055e+03
17.1 5.458098e+03 5.497595e+03 3.942092e+03 3.902595e+03
18.1 5.412173e+03 5.431668e+03 3.881052e+03 3.861557e+03
19.1 5.470580e+03 5.394900e+03 3.831703e+03 3.907383e+03
20.1 5.485727e+03 5.468237e+03 3.804277e+03 3.821767e+03
0.4 5.329769e+03 5.323334e+03 3.791898e+03 3.798333e+03
1.4 5.337425e+03 5.379152e+03 3.823074e+03 3.781346e+03
2.4 5.547060e+03 5.451895e+03 3.918867e+03 4.014031e+03
3.4 5.485515e+03 5.498962e+03 3.951462e+03 3.938015e+03
4.4 5.393520e+03 5.473144e+03 3.912593e+03 3.832968e+03
5.4 5.352463e+03 5.483017e+03 3.918894e+03 3.788340e+03
6.4 5.416412e+03 5.503892e+03 3.965535e+03 3.878055e+03
7.4 5.458098e+03 5.497595e+03 3.942092e+03 3.902595e+03
8.4 5.412173e+03 5.431668e+03 3.881052e+03 3.861557e+03
9.4 5.470580e+03 5.394900e+03 3.831703e+03 3.907383e+03
10.4 5.485727e+03 5.468237e+03 3.804277e+03 3.821767e+03
11.4 5.682493e+03 5.526476e+03 3.792382e+03 3.948399e+03
12.4 5.695851e+03 5.488614e+03 3.789481e+03 3.996718e+03
13.4 5.642502e+03 5.464535e+03 3.791422e+03 3.969389e+03
14.4 5.508450e+03 5.415624e+03 3.795384e+03 3.888210e+03
15.4 5.462042e+03 5.506214e+03 3.799483e+03 3.755310e+03
16.4 5.446041e+03 5.527992e+03 3.802753e+03 3.720801e+03
17.4 5.562955e+03 5.583616e+03 3.804962e+03 3.784301e+03
18.4 5.466466e+03 5.558468e+03 3.806279e+03 3.714277e+03
19.4 5.473213e+03 5.527571e+03 3.806990e+03 3.752632e+03
20.4 5.348423e+03 5.470795e+03 3.807342e+03 3.684970e+03
0.8 5.393520e+03 5.473144e+03 3.912593e+03 3.832968e+03
1.8 5.352463e+03 5.483017e+03 3.918894e+03 3.788340e+03
2.8 5.416412e+03 5.503892e+03 3.965535e+03 3.878055e+03
3.8 5.458098e+03 5.497595e+03 3.942092e+03 3.902595e+03
4.8 5.412173e+03 5.431668e+03 3.881052e+03 3.861557e+03
5.8 5.470580e+03 5.394900e+03 3.831703e+03 3.907383e+03
6.8 5.485727e+03 5.468237e+03 3.804277e+03 3.821767e+03
7.8 5.682493e+03 5.526476e+03 3.792382e+03 3.948399e+03
8.8 5.695851e+03 5.488614e+03 3.789481e+03 3.996718e+03
9.8 5.642502e+03 5.464535e+03 3.791422e+03 3.969389e+03
10.8 5.508450e+03 5.415624e+03 3.795384e+03 3.888210e+03
11.8 5.462042e+03 5.506214e+03 3.799483e+03 3.755310e+03
12.8 5.446041e+03 5.527992e+03 3.802753e+03 3.720801e+03
13.8 5.562955e+03 5.583616e+03 3.804962e+03 3.784301e+03
14.8 5.466466e+03 5.558468e+03 3.806279e+03 3.714277e+03
15.8 5.473213e+03 5.527571e+03 3.806990e+03 3.752632e+03
16.8 5.348423e+03 5.470795e+03 3.807342e+03 3.684970e+03
17.8 5.488411e+03 5.478408e+03 3.810502e+03 3.820505e+03
18.8 5.686954e+03 5.579272e+03 3.877410e+03 3.985093e+03
19.8 5.702726e+03 5.666349e+03 3.958621e+03 3.994997e+03
20.8 5.682967e+03 5.612537e+03 3.948364e+03 4.018795e+03
0.9 5.488411e+03 5.478408e+03 3.810502e+03 3.820505e+03
1.9 5.686954e+03 5.579272e+03 3.877410e+03 3.985093e+03
2.9 5.702726e+03 5.666349e+03 3.958621e+03 3.994997e+03
3.9 5.682967e+03 5.612537e+03 3.948364e+03 4.018795e+03
4.9 5.630434e+03 5.581319e+03 3.892586e+03 3.941700e+03
5.9 5.401650e+03 5.535717e+03 3.844219e+03 3.710151e+03
6.9 5.167981e+03 5.481197e+03 3.816970e+03 3.503754e+03
7.9 5.300454e+03 5.553678e+03 3.862109e+03 3.608885e+03
8.9 5.462409e+03 5.634888e+03 3.936516e+03 3.764037e+03
9.9 5.414425e+03 5.590016e+03 3.929960e+03 3.754369e+03
10.9 5.330955e+03 5.552172e+03 3.879981e+03 3.658764e+03
11.9 5.312652e+03 5.493555e+03 3.842119e+03 3.661217e+03
12.9 5.484582e+03 5.588120e+03 3.890201e+03 3.786662e+03
13.9 5.551729e+03 5.629656e+03 3.945725e+03 3.867799e+03
14.9 5.589977e+03 5.571100e+03 3.921810e+03 3.940686e+03
15.9 5.701906e+03 5.590183e+03 3.890960e+03 4.002684e+03
16.9 5.757822e+03 5.609334e+03 3.941152e+03 4.089641e+03
17.9 5.779968e+03 5.646814e+03 3.953662e+03 4.086816e+03
18.9 5.624441e+03 5.602231e+03 3.903344e+03 3.925554e+03
19.9 5.563227e+03 5.528020e+03 3.847653e+03 3.882860e+03
20.9 5.583356e+03 5.555591e+03 3.812429e+03 3.840194e+03
0.8 5.167981e+03 5.481197e+03 3.816970e+03 3.503754e+03
1.8 5.300454e+03 5.553678e+03 3.862109e+03 3.608885e+03
2.8 5.462409e+03 5.634888e+03 3.936516e+03 3.764037e+03
3.8 5.414425e+03 5.590016e+03 3.929960e+03 3.754369e+03
4.8 5.330955e+03 5.552172e+03 3.879981e+03 3.658764e+03
5.8 5.312652e+03 5.493555e+03 3.842119e+03 3.661217e+03
6.8 5.484582e+03 5.588120e+03 3.890201e+03 3.786662e+03
7.8 5.551729e+03 5.629656e+03 3.945725e+03 3.867799e+03
8.8 5.589977e+03 5.571100e+03 3.921810e+03 3.940686e+03
9.8 5.701906e+03 5.590183e+03 3.890960e+03 4.002684e+03
10.8 5.757822e+03 5.609334e+03 3.941152e+03 4.089641e+03
11.8 5.779968e+03 5.646814e+03 3.953662e+03 4.086816e+03
12.8 5.624441e+03 5.602231e+03 3.903344e+03 3.925554e+03
13.8 5.563227e+03 5.528020e+03 3.847653e+03 3.882860e+03
14.8 5.583356e+03 5.555591e+03 3.812429e+03 3.840194e+03
15.8 5.410748e+03 5.390342e+03 3.795472e+03 3.815878e+03
16.8 5.403872e+03 5.332853e+03 3.789666e+03 3.860685e+03
17.8 5.691092e+03 5.427092e+03 3.790089e+03 4.054089e+03
18.8 5.641950e+03 5.370206e+03 3.793536e+03 4.065280e+03
19.8 5.428766e+03 5.295619e+03 3.797775e+03 3.930922e+03
20.8 5.601414e+03 5.231462e+03 3.801477e+03 4.171428e+03
1.0 5.312652e+03 5.493555e+03 3.842119e+03 3.661217e+03
2.0 5.484582e+03 5.588120e+03 3.890201e+03 3.786662e+03
3.0 5.551729e+03 5.629656e+03 3.945725e+03 3.867799e+03
4.0 5.589977e+03 5.571100e+03 3.921810e+03 3.940686e+03
5.0 5.701906e+03 5.590183e+03 3.890960e+03 4.002684e+03
6.0 5.757822e+03 5.609334e+03 3.941152e+03 4.089641e+03
7.0 5.779968e+03 5.646814e+03 3.953662e+03 4.086816e+03
8.0 5.624441e+03 5.602231e+03 3.903344e+03 3.925554e+03
9.0 5.563227e+03 5.528020e+03 3.847653e+03 3.882860e+03
10.0 5.583356e+03 5.555591e+03 3.812429e+03 3.840194e+03
11.0 5.410748e+03 5.390342e+03 3.795472e+03 3.815878e+03
12.0 5.403872e+03 5.332853e+03 3.789666e+03 3.860685e+03
13.0 5.691092e+03 5.427092e+03 3.790089e+03 4.054089e+03
14.0 5.641950e+03 5.370206e+03 3.793536e+03 4.065280e+03
15.0 5.428766e+03 5.295619e+03 3.797775e+03 3.930922e+03
16.0 5.601414e+03 5.231462e+03 3.801477e+03 4.171428e+03
17.0 5.584073e+03 5.149804e+03 3.804140e+03 4.238408e+03
18.0 5.457600e+03 5.133887e+03 3.805806e+03 4.129518e+03
19.0 5.326950e+03 5.094545e+03 3.806742e+03 4.039147e+03
20.0 5.176369e+03 5.039255e+03 3.807222e+03 3.944336e+03
21.0 4.133311e+03 4.169666e+03 3.807453e+03 3.771098e+03
0.3 5.589977e+03 5.571100e+03 3.921810e+03 3.940686e+03
1.3 5.701906e+03 5.590183e+03 3.890960e+03 4.002684e+03
2.3 5.757822e+03 5.609334e+03 3.941152e+03 4.089641e+03
3.3 5.779968e+03 5.646814e+03 3.953662e+03 4.086816e+03
4.3 5.624441e+03 5.602231e+03 3.903344e+03 3.925554e+03
5.3 5.563227e+03 5.528020e+03 3.847653e+03 3.882860e+03
6.3 5.583356e+03 5.555591e+03 3.812429e+03 3.840194e+03
7.3 5.410748e+03 5.390342e+03 3.795472e+03 3.815878e+03
8.3 5.403872e+03 5.332853e+03 3.789666e+03 3.860685e+03
9.3 5.691092e+03 5.427092e+03 3.790089e+03 4.054089e+03
10.3 5.641950e+03 5.370206e+03 3.793536e+03 4.065280e+03
11.3 5.428766e+03 5.295619e+03 3.797775e+03 3.930922e+03
12.3 5.601414e+03 5.231462e+03 3.801477e+03 4.171428e+03
13.3 5.584073e+03 5.149804e+03 3.804140e+03 4.238408e+03
14.3 5.457600e+03 5.133887e+03 3.805806e+03 4.129518e+03
15.3 5.326950e+03 5.094545e+03 3.806742e+03 4.039147e+03
16.3 5.176369e+03 5.039255e+03 3.807222e+03 3.944336e+03
17.3 4.133311e+03 4.169666e+03 3.807453e+03 3.771098e+03
18.3 4.787556e+03 4.867811e+03 3.807554e+03 3.727299e+03
19.3 5.110407e+03 4.842540e+03 3.807596e+03 4.075462e+03
20.3 4.980247e+03 4.746968e+03 3.814875e+03 4.048155e+03
1.0 4.980247e+03 4.746968e+03 3.814875e+03 4.048155e+03
2.0 5.261180e+03 4.703442e+03 3.892680e+03 4.450418e+03
3.0 4.860253e+03 4.522249e+03 3.956288e+03 4.294292e+03
4.0 5.016299e+03 4.697504e+03 3.933020e+03 4.251815e+03
5.0 4.574845e+03 4.609672e+03 3.878678e+03 3.843851e+03
6.0 4.803330e+03 4.710552e+03 3.835956e+03 3.928734e+03
7.0 4.673544e+03 4.798301e+03 3.810990e+03 3.686233e+03
8.0 4.515817e+03 4.734907e+03 3.798673e+03 3.579584e+03
9.0 4.566518e+03 4.777429e+03 3.794433e+03 3.583522e+03
10.0 4.293189e+03 4.760749e+03 3.795027e+03 3.327467e+03
11.0 4.205260e+03 4.677512e+03 3.797865e+03 3.325613e+03
12.0 4.173649e+03 4.717025e+03 3.801086e+03 3.257710e+03
13.0 3.953546e+03 4.542302e+03 3.803718e+03 3.214962e+03
14.0 3.428491e+03 3.802956e+03 3.806929e+03 3.432464e+03
15.0 3.489936e+03 3.860447e+03 3.863183e+03 3.492672e+03
16.0 3.635670e+03 3.867436e+03 3.947093e+03 3.715327e+03
17.0 4.365206e+03 4.227637e+03 3.945632e+03 4.083201e+03
18.0 4.212598e+03 4.000702e+03 3.904369e+03 4.116265e+03
19.0 3.980359e+03 3.889512e+03 3.939615e+03 4.030463e+03
20.0 3.814291e+03 3.807019e+03 3.966235e+03 3.973507e+03
21.0 3.469375e+03 3.543569e+03 3.922230e+03 3.848036e+03
0.8 3.428491e+03 3.802956e+03 3.806929e+03 3.432464e+03
1.8 3.489936e+03 3.860447e+03 3.863183e+03 3.492672e+03
2.8 3.635670e+03 3.867436e+03 3.947093e+03 3.715327e+03
3.8 4.365206e+03 4.227637e+03 3.945632e+03 4.083201e+03
4.8 4.212598e+03 4.000702e+03 3.904369e+03 4.116265e+03
5.8 3.980359e+03 3.889512e+03 3.939615e+03 4.030463e+03
6.8 3.814291e+03 3.807019e+03 3.966235e+03 3.973507e+03
7.8 3.469375e+03 3.543569e+03 3.922230e+03 3.848036e+03
8.8 3.335169e+03 3.640754e+03 3.861702e+03 3.556117e+03
9.8 3.343972e+03 3.403616e+03 3.820079e+03 3.760435e+03
10.8 3.570611e+03 3.899768e+03 3.798844e+03 3.469687e+03
11.8 2.890673e+03 3.035686e+03 3.790622e+03 3.645609e+03
12.8 3.749042e+03 3.746548e+03 3.789764e+03 3.792258e+03
13.8 3.479435e+03 3.688187e+03 3.792667e+03 3.583915e+03
14.8 3.578334e+03 3.616215e+03 3.796841e+03 3.758960e+03
15.8 3.323504e+03 3.500475e+03 3.800722e+03 3.623750e+03
16.8 3.154649e+03 3.347195e+03 3.803627e+03 3.611081e+03
17.8 3.173329e+03 3.461758e+03 3.805500e+03 3.517071e+03
18.8 3.277154e+03 3.476194e+03 3.806577e+03 3.607537e+03
19.8 3.478956e+03 3.554155e+03 3.807140e+03 3.731941e+03
20.8 2.747942e+03 2.852422e+03 3.807414e+03 3.702934e+03
0.1 4.365206e+03 4.227637e+03 3.945632e+03 4.083201e+03
1.1 4.212598e+03 4.000702e+03 3.904369e+03 4.116265e+03
2.1 3.980359e+03 3.889512e+03 3.939615e+03 4.030463e+03
3.1 3.814291e+03 3.807019e+03 3.966235e+03 3.973507e+03
4.1 3.469375e+03 3.543569e+03 3.922230e+03 3.848036e+03
5.1 3.335169e+03 3.640754e+03 3.861702e+03 3.556117e+03
6.1 3.343972e+03 3.403616e+03 3.820079e+03 3.760435e+03
7.1 3.570611e+03 3.899768e+03 3.798844e+03 3.469687e+03
8.1 2.890673e+03 3.035686e+03 3.790622e+03 3.645609e+03
9.1 3.749042e+03 3.746548e+03 3.789764e+03 3.792258e+03
10.1 3.479435e+03 3.688187e+03 3.792667e+03 3.583915e+03
11.1 3.578334e+03 3.616215e+03 3.796841e+03 3.758960e+03
12.1 3.323504e+03 3.500475e+03 3.800722e+03 3.623750e+03
13.1 3.154649e+03 3.347195e+03 3.803627e+03 3.611081e+03
14.1 3.173329e+03 3.461758e+03 3.805500e+03 3.517071e+03
15.1 3.277154e+03 3.476194e+03 3.806577e+03 3.607537e+03
16.1 3.478956e+03 3.554155e+03 3.807140e+03 3.731941e+03
17.1 2.747942e+03 2.852422e+03 3.807414e+03 3.702934e+03
18.1 3.256139e+03 3.236599e+03 3.807538e+03 3.827078e+03
19.1 3.903648e+03 3.601917e+03 3.807589e+03 4.109321e+03
20.1 3.453925e+03 3.399778e+03 3.807610e+03 3.861757e+03
0.9 3.046907e+03 2.962195e+03 3.811149e+03 3.895861e+03
1.9 3.361632e+03 3.276873e+03 3.878397e+03 3.963157e+03
2.9 3.251837e+03 3.275413e+03 3.952992e+03 3.929416e+03
3.9 3.107880e+03 3.228941e+03 3.939825e+03 3.818764e+03
4.9 3.179457e+03 3.189874e+03 3.886213e+03 3.875796e+03
5.9 3.251108e+03 3.154844e+03 3.840893e+03 3.937157e+03
6.9 3.129510e+03 2.886519e+03 3.813652e+03 4.056643e+03
7.9 2.990992e+03 3.009469e+03 3.800430e+03 3.781953e+03
8.9 3.006177e+03 3.051843e+03 3.840500e+03 3.794833e+03
9.9 3.340429e+03 3.197509e+03 3.928877e+03 4.071798e+03
10.9 3.189825e+03 2.973641e+03 3.939737e+03 4.155920e+03
11.9 2.952443e+03 3.034163e+03 3.893365e+03 3.811645e+03
12.9 3.002789e+03 3.105200e+03 3.848637e+03 3.746227e+03
13.9 3.060486e+03 2.999239e+03 3.880713e+03 3.941960e+03
14.9 3.027342e+03 3.124725e+03 3.949985e+03 3.852602e+03
15.9 2.944488e+03 3.022563e+03 3.938104e+03 3.860029e+03
16.9 2.830062e+03 2.943745e+03 3.894082e+03 3.780399e+03
17.9 2.853565e+03 2.958183e+03 3.931494e+03 3.826876e+03
18.9 2.957011e+03 2.964746e+03 3.958107e+03 3.950372e+03
19.9 2.911069e+03 2.929285e+03 3.915111e+03 3.896895e+03
20.9 3.024938e+03 3.036241e+03 3.856795e+03 3.845492e+03
0.6 2.990992e+03 3.009469e+03 3.800430e+03 3.781953e+03
1.6 3.006177e+03 3.051843e+03 3.840500e+03 3.794833e+03
2.6 3.340429e+03 3.197509e+03 3.928877e+03 4.071798e+03
3.6 3.189825e+03 2.973641e+03 3.939737e+03 4.155920e+03
4.6 2.952443e+03 3.034163e+03 3.893365e+03 3.811645e+03
5.6 3.002789e+03 3.105200e+03 3.848637e+03 3.746227e+03
6.6 3.060486e+03 2.999239e+03 3.880713e+03 3.941960e+03
7.6 3.027342e+03 3.124725e+03 3.949985e+03 3.852602e+03
8.6 2.944488e+03 3.022563e+03 3.938104e+03 3.860029e+03
9.6 2.830062e+03 2.943745e+03 3.894082e+03 3.780399e+03
10.6 2.853565e+03 2.958183e+03 3.931494e+03 3.826876e+03
11.6 2.957011e+03 2.964746e+03 3.958107e+03 3.950372e+03
12.6 2.911069e+03 2.929285e+03 3.915111e+03 3.896895e+03
13.6 3.024938e+03 3.036241e+03 3.856795e+03 3.845492e+03
14.6 3.202931e+03 3.200419e+03 3.838502e+03 3.841014e+03
15.6 3.271338e+03 3.267029e+03 3.913137e+03 3.917445e+03
16.6 3.253853e+03 3.342215e+03 3.946707e+03 3.858345e+03
17.6 3.190708e+03 3.287044e+03 3.906090e+03 3.809754e+03
18.6 2.984990e+03 3.012122e+03 3.853145e+03 3.826013e+03
19.6 2.561881e+03 2.665239e+03 3.817893e+03 3.714535e+03
20.6 3.325237e+03 3.126514e+03 3.817333e+03 4.016056e+03
0.8 3.002789e+03 3.105200e+03 3.848637e+03 3.746227e+03
1.8 3.060486e+03 2.999239e+03 3.880713e+03 3.941960e+03
2.8 3.027342e+03 3.124725e+03 3.949985e+03 3.852602e+03
3.8 2.944488e+03 3.022563e+03 3.938104e+03 3.860029e+03
4.8 2.830062e+03 2.943745e+03 3.894082e+03 3.780399e+03
5.8 2.853565e+03 2.958183e+03 3.931494e+03 3.826876e+03
6.8 2.957011e+03 2.964746e+03 3.958107e+03 3.950372e+03
7.8 2.911069e+03 2.929285e+03 3.915111e+03 3.896895e+03
8.8 3.024938e+03 3.036241e+03 3.856795e+03 3.845492e+03
9.8 3.202931e+03 3.200419e+03 3.838502e+03 3.841014e+03
10.8 3.271338e+03 3.267029e+03 3.913137e+03 3.917445e+03
11.8 3.253853e+03 3.342215e+03 3.946707e+03 3.858345e+03
12.8 3.190708e+03 3.287044e+03 3.906090e+03 3.809754e+03
13.8 2.984990e+03 3.012122e+03 3.853145e+03 3.826013e+03
14.8 2.561881e+03 2.665239e+03 3.817893e+03 3.714535e+03
15.8 3.325237e+03 3.126514e+03 3.817333e+03 4.016056e+03
16.8 3.247835e+03 3.246790e+03 3.899088e+03 3.900134e+03
17.8 3.062812e+03 3.102314e+03 3.941270e+03 3.901768e+03
18.8 2.943901e+03 3.050098e+03 3.907458e+03 3.801261e+03
19.8 2.891160e+03 3.020087e+03 3.857495e+03 3.728568e+03
20.8 2.950855e+03 3.031948e+03 3.822601e+03 3.741507e+03
0.1 2.944488e+03 3.022563e+03 3.938104e+03 3.860029e+03
1.1 2.830062e+03 2.943745e+03 3.894082e+03 3.780399e+03
2.1 2.853565e+03 2.958183e+03 3.931494e+03 3.826876e+03
3.1 2.957011e+03 2.964746e+03 3.958107e+03 3.950372e+03
4.1 2.911069e+03 2.929285e+03 3.915111e+03 3.896895e+03
5.1 3.024938e+03 3.036241e+03 3.856795e+03 3.845492e+03
6.1 3.202931e+03 3.200419e+03 3.838502e+03 3.841014e+03
7.1 3.271338e+03 3.267029e+03 3.913137e+03 3.917445e+03
8.1 3.253853e+03 3.342215e+03 3.946707e+03 3.858345e+03
9.1 3.190708e+03 3.287044e+03 3.906090e+03 3.809754e+03
10.1 2.984990e+03 3.012122e+03 3.853145e+03 3.826013e+03
11.1 2.561881e+03 2.665239e+03 3.817893e+03 3.714535e+03
12.1 3.325237e+03 3.126514e+03 3.817333e+03 4.016056e+03
13.1 3.247835e+03 3.246790e+03 3.899088e+03 3.900134e+03
14.1 3.062812e+03 3.102314e+03 3.941270e+03 3.901768e+03
15.1 2.943901e+03 3.050098e+03 3.907458e+03 3.801261e+03
16.1 2.891160e+03 3.020087e+03 3.857495e+03 3.728568e+03
17.1 2.950855e+03 3.031948e+03 3.822601e+03 3.741507e+03
18.1 2.620286e+03 2.752496e+03 3.819804e+03 3.687595e+03
19.1 2.964513e+03 3.001096e+03 3.903107e+03 3.866524e+03
20.1 3.186449e+03 3.129057e+03 3.950626e+03 4.008019e+03
0.3 3.024938e+03 3.036241e+03 3.856795e+03 3.845492e+03
1.3 3.202931e+03 3.200419e+03 3.838502e+03 3.841014e+03
2.3 3.271338e+03 3.267029e+03 3.913137e+03 3.917445e+03
3.3 3.253853e+03 3.342215e+03 3.946707e+03 3.858345e+03
4.3 3.190708e+03 3.287044e+03 3.906090e+03 3.809754e+03
5.3 2.984990e+03 3.012122e+03 3.853145e+03 3.826013e+03
6.3 2.561881e+03 2.665239e+03 3.817893e+03 3.714535e+03
7.3 3.325237e+03 3.126514e+03 3.817333e+03 4.016056e+03
8.3 3.247835e+03 3.246790e+03 3.899088e+03 3.900134e+03
9.3 3.062812e+03 3.102314e+03 3.941270e+03 3.901768e+03
10.3 2.943901e+03 3.050098e+03 3.907458e+03 3.801261e+03
11.3 2.891160e+03 3.020087e+03 3.857495e+03 3.728568e+03
12.3 2.950855e+03 3.031948e+03 3.822601e+03 3.741507e+03
13.3 2.620286e+03 2.752496e+03 3.819804e+03 3.687595e+03
14.3 2.964513e+03 3.001096e+03 3.903107e+03 3.866524e+03
15.3 3.186449e+03 3.129057e+03 3.950626e+03 4.008019e+03
16.3 3.363081e+03 3.137263e+03 3.916634e+03 4.142453e+03
17.3 3.130604e+03 3.075883e+03 3.863270e+03 3.917990e+03
18.3 3.085493e+03 2.935422e+03 3.825309e+03 3.975380e+03
19.3 2.905473e+03 2.973292e+03 3.804488e+03 3.736669e+03
20.3 2.980739e+03 2.927220e+03 3.799176e+03 3.852695e+03
0.3 2.561881e+03 2.665239e+03 3.817893e+03 3.714535e+03
1.3 3.325237e+03 3.126514e+03 3.817333e+03 4.016056e+03
2.3 3.247835e+03 3.246790e+03 3.899088e+03 3.900134e+03
3.3 3.062812e+03 3.102314e+03 3.941270e+03 3.901768e+03
4.3 2.943901e+03 3.050098e+03 3.907458e+03 3.801261e+03
5.3 2.891160e+03 3.020087e+03 3.857495e+03 3.728568e+03
6.3 2.950855e+03 3.031948e+03 3.822601e+03 3.741507e+03
7.3 2.620286e+03 2.752496e+03 3.819804e+03 3.687595e+03
8.3 2.964513e+03 3.001096e+03 3.903107e+03 3.866524e+03
9.3 3.186449e+03 3.129057e+03 3.950626e+03 4.008019e+03
10.3 3.363081e+03 3.137263e+03 3.916634e+03 4.142453e+03
11.3 3.130604e+03 3.075883e+03 3.863270e+03 3.917990e+03
12.3 3.085493e+03 2.935422e+03 3.825309e+03 3.975380e+03
13.3 2.905473e+03 2.973292e+03 3.804488e+03 3.736669e+03
14.3 2.980739e+03 2.927220e+03 3.799176e+03 3.852695e+03
15.3 2.884721e+03 2.716288e+03 3.866344e+03 4.034778e+03
16.3 2.919514e+03 2.888077e+03 3.940628e+03 3.972066e+03
17.3 2.740316e+03 2.894745e+03 3.928736e+03 3.774306e+03
18.3 2.674905e+03 2.805147e+03 3.878323e+03 3.748080e+03
19.3 2.713604e+03 2.865435e+03 3.836160e+03 3.684329e+03
20.3 3.145544e+03 3.238100e+03 3.811117e+03 3.718560e+03
0.2 2.950855e+03 3.031948e+03 3.822601e+03 3.741507e+03
1.2 2.620286e+03 2.752496e+03 3.819804e+03 3.687595e+03
2.2 2.964513e+03 3.001096e+03 3.903107e+03 3.866524e+03
3.2 3.186449e+03 3.129057e+03 3.950626e+03 4.008019e+03
4.2 3.363081e+03 3.137263e+03 3.916634e+03 4.142453e+03
5.2 3.130604e+03 3.075883e+03 3.863270e+03 3.917990e+03
6.2 3.085493e+03 2.935422e+03 3.825309e+03 3.975380e+03
7.2 2.905473e+03 2.973292e+03 3.804488e+03 3.736669e+03
8.2 2.980739e+03 2.927220e+03 3.799176e+03 3.852695e+03
9.2 2.884721e+03 2.716288e+03 3.866344e+03 4.034778e+03
10.2 2.919514e+03 2.888077e+03 3.940628e+03 3.972066e+03
11.2 2.740316e+03 2.894745e+03 3.928736e+03 3.774306e+03
12.2 2.674905e+03 2.805147e+03 3.878323e+03 3.748080e+03
13.2 2.713604e+03 2.865435e+03 3.836160e+03 3.684329e+03
14.2 3.145544e+03 3.238100e+03 3.811117e+03 3.718560e+03
15.2 3.069888e+03 3.243972e+03 3.798628e+03 3.624544e+03
16.2 2.953704e+03 3.169992e+03 3.794169e+03 3.577880e+03
17.2 2.895576e+03 3.041926e+03 3.794607e+03 3.648257e+03
18.2 2.938316e+03 2.978982e+03 3.797413e+03 3.756748e+03
19.2 2.822980e+03 2.950792e+03 3.807968e+03 3.680156e+03
20.2 2.891096e+03 2.932691e+03 3.888506e+03 3.846911e+03
0.9 2.980739e+03 2.927220e+03 3.799176e+03 3.852695e+03
1.9 2.884721e+03 2.716288e+03 3.866344e+03 4.034778e+03
2.9 2.919514e+03 2.888077e+03 3.940628e+03 3.972066e+03
3.9 2.740316e+03 2.894745e+03 3.928736e+03 3.774306e+03
4.9 2.674905e+03 2.805147e+03 3.878323e+03 3.748080e+03
5.9 2.713604e+03 2.865435e+03 3.836160e+03 3.684329e+03
6.9 3.145544e+03 3.238100e+03 3.811117e+03 3.718560e+03
7.9 3.069888e+03 3.243972e+03 3.798628e+03 3.624544e+03
8.9 2.953704e+03 3.169992e+03 3.794169e+03 3.577880e+03
9.9 2.895576e+03 3.041926e+03 3.794607e+03 3.648257e+03
10.9 2.938316e+03 2.978982e+03 3.797413e+03 3.756748e+03
11.9 2.822980e+03 2.950792e+03 3.807968e+03 3.680156e+03
12.9 2.891096e+03 2.932691e+03 3.888506e+03 3.846911e+03
13.9 2.903425e+03 3.001541e+03 3.954004e+03 3.855888e+03
14.9 2.818643e+03 2.902573e+03 3.931866e+03 3.847936e+03
15.9 2.869699e+03 2.930114e+03 3.878135e+03 3.817721e+03
16.9 2.929851e+03 2.925719e+03 3.835716e+03 3.839847e+03
17.9 2.969963e+03 2.961695e+03 3.816431e+03 3.824699e+03
18.9 2.936652e+03 3.035583e+03 3.878003e+03 3.779072e+03
19.9 3.051952e+03 3.066984e+03 3.942014e+03 3.926982e+03
20.9 3.011402e+03 3.081997e+03 3.923223e+03 3.852629e+03
1.0 2.822980e+03 2.950792e+03 3.807968e+03 3.680156e+03
2.0 2.891096e+03 2.932691e+03 3.888506e+03 3.846911e+03
3.0 2.903425e+03 3.001541e+03 3.954004e+03 3.855888e+03
4.0 2.818643e+03 2.902573e+03 3.931866e+03 3.847936e+03
5.0 2.869699e+03 2.930114e+03 3.878135e+03 3.817721e+03
6.0 2.929851e+03 2.925719e+03 3.835716e+03 3.839847e+03
7.0 2.969963e+03 2.961695e+03 3.816431e+03 3.824699e+03
8.0 2.936652e+03 3.035583e+03 3.878003e+03 3.779072e+03
9.0 3.051952e+03 3.066984e+03 3.942014e+03 3.926982e+03
10.0 3.011402e+03 3.081997e+03 3.923223e+03 3.852629e+03
11.0 2.796979e+03 2.875939e+03 3.871901e+03 3.792940e+03
12.0 2.698950e+03 2.749809e+03 3.831349e+03 3.780490e+03
13.0 2.627249e+03 2.659535e+03 3.808119e+03 3.775833e+03
14.0 2.642101e+03 2.652497e+03 3.797004e+03 3.786607e+03
15.0 2.608115e+03 2.611559e+03 3.793455e+03 3.790011e+03
16.0 2.651465e+03 2.621423e+03 3.794415e+03 3.824457e+03
17.0 2.729411e+03 2.683552e+03 3.797461e+03 3.843320e+03
18.0 2.540313e+03 2.565286e+03 3.800822e+03 3.775848e+03
19.0 2.762452e+03 2.702220e+03 3.803554e+03 3.863786e+03
20.0 2.848022e+03 2.712710e+03 3.805407e+03 3.940720e+03
21.0 2.777976e+03 2.642010e+03 3.806606e+03 3.942573e+03
1.0 2.969963e+03 2.961695e+03 3.816431e+03 3.824699e+03
2.0 2.936652e+03 3.035583e+03 3.878003e+03 3.779072e+03
3.0 3.051952e+03 3.066984e+03 3.942014e+03 3.926982e+03
4.0 3.011402e+03 3.081997e+03 3.923223e+03 3.852629e+03
5.0 2.796979e+03 2.875939e+03 3.871901e+03 3.792940e+03
6.0 2.698950e+03 2.749809e+03 3.831349e+03 3.780490e+03
7.0 2.627249e+03 2.659535e+03 3.808119e+03 3.775833e+03
8.0 2.642101e+03 2.652497e+03 3.797004e+03 3.786607e+03
9.0 2.608115e+03 2.611559e+03 3.793455e+03 3.790011e+03
10.0 2.651465e+03 2.621423e+03 3.794415e+03 3.824457e+03
11.0 2.729411e+03 2.683552e+03 3.797461e+03 3.843320e+03
12.0 2.540313e+03 2.565286e+03 3.800822e+03 3.775848e+03
13.0 2.762452e+03 2.702220e+03 3.803554e+03 3.863786e+03
14.0 2.848022e+03 2.712710e+03 3.805407e+03 3.940720e+03
15.0 2.777976e+03 2.642010e+03 3.806606e+03 3.942573e+03
16.0 2.732927e+03 2.623072e+03 3.838322e+03 3.948176e+03
17.0 2.728988e+03 2.672116e+03 3.930340e+03 3.987211e+03
18.0 2.720728e+03 2.641771e+03 3.954549e+03 4.033506e+03
19.0 2.681064e+03 2.586631e+03 3.909908e+03 4.004341e+03
20.0 2.674732e+03 2.538814e+03 3.858041e+03 3.993959e+03
21.0 2.729314e+03 2.530281e+03 3.823337e+03 4.022369e+03
0.5 2.777976e+03 2.642010e+03 3.806606e+03 3.942573e+03
1.5 2.732927e+03 2.623072e+03 3.838322e+03 3.948176e+03
2.5 2.728988e+03 2.672116e+03 3.930340e+03 3.987211e+03
3.5 2.720728e+03 2.641771e+03 3.954549e+03 4.033506e+03
4.5 2.681064e+03 2.586631e+03 3.909908e+03 4.004341e+03
5.5 2.674732e+03 2.538814e+03 3.858041e+03 3.993959e+03
6.5 2.729314e+03 2.530281e+03 3.823337e+03 4.022369e+03
7.5 2.726936e+03 2.591538e+03 3.804472e+03 3.939870e+03
8.5 2.690000e+03 2.623411e+03 3.796075e+03 3.862664e+03
9.5 2.914098e+03 2.875647e+03 3.794260e+03 3.832711e+03
10.5 3.022091e+03 2.842454e+03 3.796097e+03 3.975734e+03
11.5 3.022994e+03 2.831556e+03 3.799275e+03 3.990713e+03
12.5 3.040138e+03 2.822803e+03 3.802314e+03 4.019650e+03
13.5 2.979069e+03 2.821785e+03 3.804584e+03 3.961868e+03
14.5 3.094139e+03 2.993378e+03 3.806031e+03 3.906791e+03
15.5 3.028646e+03 2.870616e+03 3.806849e+03 3.964879e+03
16.5 2.967748e+03 2.810520e+03 3.807271e+03 3.964500e+03
17.5 3.170864e+03 2.908932e+03 3.807471e+03 4.069403e+03
18.5 2.948098e+03 2.827766e+03 3.807561e+03 3.927893e+03
19.5 2.885846e+03 2.783974e+03 3.807598e+03 3.909471e+03
20.5 2.970697e+03 2.896031e+03 3.807613e+03 3.882279e+03
0.1 2.813976e+03 2.878314e+03 3.807622e+03 3.743283e+03
1.1 2.698834e+03 2.904087e+03 3.815868e+03 3.610616e+03
2.1 2.568193e+03 2.805669e+03 3.895498e+03 3.658022e+03
3.1 2.794740e+03 2.965694e+03 3.956700e+03 3.785746e+03
4.1 2.783711e+03 2.998004e+03 3.931584e+03 3.717291e+03
5.1 2.733014e+03 2.911044e+03 3.877206e+03 3.699176e+03
6.1 2.786166e+03 2.907083e+03 3.835014e+03 3.714097e+03
7.1 3.056940e+03 2.921036e+03 3.810489e+03 3.946392e+03
8.1 3.070581e+03 2.921229e+03 3.798458e+03 3.947810e+03
9.1 2.911021e+03 2.821269e+03 3.794396e+03 3.884148e+03
10.1 2.907382e+03 2.838421e+03 3.795088e+03 3.864049e+03
11.1 3.075448e+03 2.925701e+03 3.797958e+03 3.947705e+03
12.1 2.914855e+03 2.899754e+03 3.801172e+03 3.816273e+03
13.1 2.747288e+03 2.822658e+03 3.809323e+03 3.733953e+03
14.1 2.796074e+03 2.879703e+03 3.884910e+03 3.801281e+03
15.1 2.701489e+03 2.878497e+03 3.954178e+03 3.777169e+03
16.1 2.580261e+03 2.839221e+03 3.935352e+03 3.676392e+03
17.1 2.608734e+03 2.838549e+03 3.904364e+03 3.674549e+03
18.1 2.679100e+03 2.872996e+03 3.951825e+03 3.757929e+03
19.1 2.755198e+03 2.943825e+03 3.960982e+03 3.772354e+03
20.1 2.756483e+03 2.879187e+03 3.908967e+03 3.786263e+03
1.0 2.747288e+03 2.822658e+03 3.809323e+03 3.733953e+03
2.0 2.796074e+03 2.879703e+03 3.884910e+03 3.801281e+03
3.0 2.701489e+03 2.878497e+03 3.954178e+03 3.777169e+03
4.0 2.580261e+03 2.839221e+03 3.935352e+03 3.676392e+03
5.0 2.608734e+03 2.838549e+03 3.904364e+03 3.674549e+03
6.0 2.679100e+03 2.872996e+03 3.951825e+03 3.757929e+03
7.0 2.755198e+03 2.943825e+03 3.960982e+03 3.772354e+03
8.0 2.756483e+03 2.879187e+03 3.908967e+03 3.786263e+03
9.0 2.814080e+03 2.894045e+03 3.905319e+03 3.825355e+03
10.0 2.784180e+03 2.904118e+03 3.958364e+03 3.838426e+03
11.0 2.949497e+03 2.978087e+03 3.942831e+03 3.914240e+03
12.0 2.965208e+03 3.040127e+03 3.883117e+03 3.808199e+03
13.0 2.929968e+03 2.921900e+03 3.835504e+03 3.843572e+03
14.0 3.024718e+03 2.969319e+03 3.871910e+03 3.927309e+03
15.0 3.102272e+03 3.096964e+03 3.935986e+03 3.941294e+03
16.0 2.910745e+03 2.967457e+03 3.921871e+03 3.865160e+03
17.0 2.908318e+03 2.954053e+03 3.870463e+03 3.824728e+03
18.0 2.853823e+03 2.871860e+03 3.828766e+03 3.810729e+03
19.0 2.780421e+03 2.869123e+03 3.805398e+03 3.716695e+03
20.0 2.761130e+03 2.945609e+03 3.794795e+03 3.610315e+03
21.0 2.793569e+03 2.900396e+03 3.791819e+03 3.684991e+03
0.4 2.580261e+03 2.839221e+03 3.935352e+03 3.676392e+03
1.4 2.608734e+03 2.838549e+03 3.904364e+03 3.674549e+03
2.4 2.679100e+03 2.872996e+03 3.951825e+03 3.757929e+03
3.4 2.755198e+03 2.943825e+03 3.960982e+03 3.772354e+03
4.4 2.756483e+03 2.879187e+03 3.908967e+03 3.786263e+03
5.4 2.814080e+03 2.894045e+03 3.905319e+03 3.825355e+03
6.4 2.784180e+03 2.904118e+03 3.958364e+03 3.838426e+03
7.4 2.949497e+03 2.978087e+03 3.942831e+03 3.914240e+03
8.4 2.965208e+03 3.040127e+03 3.883117e+03 3.808199e+03
9.4 2.929968e+03 2.921900e+03 3.835504e+03 3.843572e+03
10.4 3.024718e+03 2.969319e+03 3.871910e+03 3.927309e+03
11.4 3.102272e+03 3.096964e+03 3.935986e+03 3.941294e+03
12.4 2.910745e+03 2.967457e+03 3.921871e+03 3.865160e+03
13.4 2.908318e+03 2.954053e+03 3.870463e+03 3.824728e+03
14.4 2.853823e+03 2.871860e+03 3.828766e+03 3.810729e+03
15.4 2.780421e+03 2.869123e+03 3.805398e+03 3.716695e+03
16.4 2.761130e+03 2.945609e+03 3.794795e+03 3.610315e+03
17.4 2.793569e+03 2.900396e+03 3.791819e+03 3.684991e+03
18.4 2.776146e+03 2.829553e+03 3.793221e+03 3.739813e+03
19.4 2.812041e+03 2.859142e+03 3.796609e+03 3.749509e+03
20.4 2.882716e+03 2.828735e+03 3.800247e+03 3.854228e+03
0.7 2.756483e+03 2.879187e+03 3.908967e+03 3.786263e+03
1.7 2.814080e+03 2.894045e+03 3.905319e+03 3.825355e+03
2.7 2.784180e+03 2.904118e+03 3.958364e+03 3.838426e+03
3.7 2.949497e+03 2.978087e+03 3.942831e+03 3.914240e+03
4.7 2.965208e+03 3.040127e+03 3.883117e+03 3.808199e+03
5.7 2.929968e+03 2.921900e+03 3.835504e+03 3.843572e+03
6.7 3.024718e+03 2.969319e+03 3.871910e+03 3.927309e+03
7.7 3.102272e+03 3.096964e+03 3.935986e+03 3.941294e+03
8.7 2.910745e+03 2.967457e+03 3.921871e+03 3.865160e+03
9.7 2.908318e+03 2.954053e+03 3.870463e+03 3.824728e+03
10.7 2.853823e+03 2.871860e+03 3.828766e+03 3.810729e+03
11.7 2.780421e+03 2.869123e+03 3.805398e+03 3.716695e+03
12.7 2.761130e+03 2.945609e+03 3.794795e+03 3.610315e+03
13.7 2.793569e+03 2.900396e+03 3.791819e+03 3.684991e+03
14.7 2.776146e+03 2.829553e+03 3.793221e+03 3.739813e+03
15.7 2.812041e+03 2.859142e+03 3.796609e+03 3.749509e+03
16.7 2.882716e+03 2.828735e+03 3.800247e+03 3.854228e+03
17.7 3.048412e+03 2.874811e+03 3.803199e+03 3.976800e+03
18.7 3.010642e+03 2.911209e+03 3.805202e+03 3.904635e+03
19.7 2.973680e+03 2.891323e+03 3.806400e+03 3.888757e+03
20.7 2.996749e+03 2.853853e+03 3.807048e+03 3.949944e+03
0.9 2.929968e+03 2.921900e+03 3.835504e+03 3.843572e+03
1.9 3.024718e+03 2.969319e+03 3.871910e+03 3.927309e+03
2.9 3.102272e+03 3.096964e+03 3.935986e+03 3.941294e+03
3.9 2.910745e+03 2.967457e+03 3.921871e+03 3.865160e+03
4.9 2.908318e+03 2.954053e+03 3.870463e+03 3.824728e+03
5.9 2.853823e+03 2.871860e+03 3.828766e+03 3.810729e+03
6.9 2.780421e+03 2.869123e+03 3.805398e+03 3.716695e+03
7.9 2.761130e+03 2.945609e+03 3.794795e+03 3.610315e+03
8.9 2.793569e+03 2.900396e+03 3.791819e+03 3.684991e+03
9.9 2.776146e+03 2.829553e+03 3.793221e+03 3.739813e+03
10.9 2.812041e+03 2.859142e+03 3.796609e+03 3.749509e+03
11.9 2.882716e+03 2.828735e+03 3.800247e+03 3.854228e+03
12.9 3.048412e+03 2.874811e+03 3.803199e+03 3.976800e+03
13.9 3.010642e+03 2.911209e+03 3.805202e+03 3.904635e+03
14.9 2.973680e+03 2.891323e+03 3.806400e+03 3.888757e+03
15.9 2.996749e+03 2.853853e+03 3.807048e+03 3.949944e+03
16.9 2.972115e+03 2.774131e+03 3.807370e+03 4.005355e+03
17.9 3.100364e+03 2.868782e+03 3.807516e+03 4.039098e+03
18.9 3.063844e+03 3.054010e+03 3.807580e+03 3.817414e+03
19.9 3.131627e+03 3.094095e+03 3.807739e+03 3.845272e+03
20.9 2.977588e+03 2.786027e+03 3.841106e+03 4.032667e+03
0.5 3.131627e+03 3.094095e+03 3.807739e+03 3.845272e+03
1.5 2.977588e+03 2.786027e+03 3.841106e+03 4.032667e+03
2.5 3.175217e+03 2.985003e+03 3.932623e+03 4.122837e+03
3.5 3.061077e+03 2.951892e+03 3.954000e+03 4.063185e+03
4.5 2.878410e+03 2.878722e+03 3.911338e+03 3.911027e+03
5.5 2.938096e+03 2.888944e+03 3.926635e+03 3.975787e+03
6.5 2.942402e+03 2.923409e+03 3.973624e+03 3.992616e+03
7.5 2.856244e+03 2.899618e+03 3.944856e+03 3.901482e+03
8.5 2.784618e+03 2.821149e+03 3.880910e+03 3.844379e+03
0.9 2.878410e+03 2.878722e+03 3.911338e+03 3.911027e+03
1.9 2.938096e+03 2.888944e+03 3.926635e+03 3.975787e+03
2.9 2.942402e+03 2.923409e+03 3.973624e+03 3.992616e+03
3.9 2.856244e+03 2.899618e+03 3.944856e+03 3.901482e+03
4.9 2.784618e+03 2.821149e+03 3.880910e+03 3.844379e+03
