0.2 6.309181e+03 6.384543e+03 6.055602e+03 5.980240e+03
1.1 6.353445e+03 6.509153e+03 6.068003e+03 5.912295e+03
2.1 6.482935e+03 6.551587e+03 6.157435e+03 6.088783e+03
3.1 6.433335e+03 6.551613e+03 6.214271e+03 6.095993e+03
4.1 6.520046e+03 6.580930e+03 6.182182e+03 6.121298e+03
5.1 6.470013e+03 6.405628e+03 6.124693e+03 6.189078e+03
6.1 6.471525e+03 6.562724e+03 6.081711e+03 5.990512e+03
7.1 6.459644e+03 6.471555e+03 6.057109e+03 6.045198e+03
8.1 6.671977e+03 6.544704e+03 6.045253e+03 6.172525e+03
9.1 6.747131e+03 6.614191e+03 6.041505e+03 6.174445e+03
10.1 6.810277e+03 6.567335e+03 6.042533e+03 6.285475e+03
11.1 6.678724e+03 6.420205e+03 6.045667e+03 6.304185e+03
12.1 6.524432e+03 6.520751e+03 6.049042e+03 6.052723e+03
13.1 6.432106e+03 6.428862e+03 6.057597e+03 6.060842e+03
14.1 6.668679e+03 6.654188e+03 6.137566e+03 6.152057e+03
15.1 6.629363e+03 6.605875e+03 6.210862e+03 6.234350e+03
16.1 6.654948e+03 6.640215e+03 6.190877e+03 6.205610e+03
17.1 6.593536e+03 6.521056e+03 6.133792e+03 6.206271e+03
18.1 6.483269e+03 6.491293e+03 6.087562e+03 6.079538e+03
19.1 6.572583e+03 6.535911e+03 6.065309e+03 6.101981e+03
20.1 6.679487e+03 6.641946e+03 6.127607e+03 6.165149e+03
1.0 6.432106e+03 6.428862e+03 6.057597e+03 6.060842e+03
2.0 6.668679e+03 6.654188e+03 6.137566e+03 6.152057e+03
3.0 6.629363e+03 6.605875e+03 6.210862e+03 6.234350e+03
4.0 6.654948e+03 6.640215e+03 6.190877e+03 6.205610e+03
5.0 6.593536e+03 6.521056e+03 6.133792e+03 6.206271e+03
6.0 6.483269e+03 6.491293e+03 6.087562e+03 6.079538e+03
7.0 6.572583e+03 6.535911e+03 6.065309e+03 6.101981e+03
8.0 6.679487e+03 6.641946e+03 6.127607e+03 6.165149e+03
9.0 6.581119e+03 6.637220e+03 6.197322e+03 6.141221e+03
10.0 6.479465e+03 6.657044e+03 6.179349e+03 6.001770e+03
11.0 6.476477e+03 6.675938e+03 6.147360e+03 5.947899e+03
12.0 6.561291e+03 6.633668e+03 6.199805e+03 6.127428e+03
13.0 6.604776e+03 6.764060e+03 6.214683e+03 6.055399e+03
14.0 6.551593e+03 6.675668e+03 6.161297e+03 6.037222e+03
15.0 6.648207e+03 6.663705e+03 6.100901e+03 6.085403e+03
16.0 6.676203e+03 6.722196e+03 6.062260e+03 6.016267e+03
17.0 6.706361e+03 6.632362e+03 6.043455e+03 6.117453e+03
18.0 6.630321e+03 6.680713e+03 6.036838e+03 5.986446e+03
19.0 6.598138e+03 6.719056e+03 6.037046e+03 5.916128e+03
20.0 6.681889e+03 6.653067e+03 6.040595e+03 6.069417e+03
21.0 6.714229e+03 6.661275e+03 6.045066e+03 6.098019e+03
0.9 6.572583e+03 6.535911e+03 6.065309e+03 6.101981e+03
1.9 6.679487e+03 6.641946e+03 6.127607e+03 6.165149e+03
2.9 6.581119e+03 6.637220e+03 6.197322e+03 6.141221e+03
3.9 6.479465e+03 6.657044e+03 6.179349e+03 6.001770e+03
4.9 6.476477e+03 6.675938e+03 6.147360e+03 5.947899e+03
5.9 6.561291e+03 6.633668e+03 6.199805e+03 6.127428e+03
6.9 6.604776e+03 6.764060e+03 6.214683e+03 6.055399e+03
7.9 6.551593e+03 6.675668e+03 6.161297e+03 6.037222e+03
8.9 6.648207e+03 6.663705e+03 6.100901e+03 6.085403e+03
9.9 6.676203e+03 6.722196e+03 6.062260e+03 6.016267e+03
10.9 6.706361e+03 6.632362e+03 6.043455e+03 6.117453e+03
11.9 6.630321e+03 6.680713e+03 6.036838e+03 5.986446e+03
12.9 6.598138e+03 6.719056e+03 6.037046e+03 5.916128e+03
13.9 6.681889e+03 6.653067e+03 6.040595e+03 6.069417e+03
14.9 6.714229e+03 6.661275e+03 6.045066e+03 6.098019e+03
15.9 6.617833e+03 6.632976e+03 6.049003e+03 6.033859e+03
16.9 6.712085e+03 6.594960e+03 6.068768e+03 6.185892e+03
17.9 6.778509e+03 6.776056e+03 6.163898e+03 6.166351e+03
18.9 6.727433e+03 6.711742e+03 6.213392e+03 6.229083e+03
19.9 6.663500e+03 6.683781e+03 6.176903e+03 6.156623e+03
20.9 6.667390e+03 6.664259e+03 6.120044e+03 6.123175e+03
0.3 6.479465e+03 6.657044e+03 6.179349e+03 6.001770e+03
1.3 6.476477e+03 6.675938e+03 6.147360e+03 5.947899e+03
2.3 6.561291e+03 6.633668e+03 6.199805e+03 6.127428e+03
3.3 6.604776e+03 6.764060e+03 6.214683e+03 6.055399e+03
4.3 6.551593e+03 6.675668e+03 6.161297e+03 6.037222e+03
5.3 6.648207e+03 6.663705e+03 6.100901e+03 6.085403e+03
6.3 6.676203e+03 6.722196e+03 6.062260e+03 6.016267e+03
7.3 6.706361e+03 6.632362e+03 6.043455e+03 6.117453e+03
8.3 6.630321e+03 6.680713e+03 6.036838e+03 5.986446e+03
9.3 6.598138e+03 6.719056e+03 6.037046e+03 5.916128e+03
10.3 6.681889e+03 6.653067e+03 6.040595e+03 6.069417e+03
11.3 6.714229e+03 6.661275e+03 6.045066e+03 6.098019e+03
12.3 6.617833e+03 6.632976e+03 6.049003e+03 6.033859e+03
13.3 6.712085e+03 6.594960e+03 6.068768e+03 6.185892e+03
14.3 6.778509e+03 6.776056e+03 6.163898e+03 6.166351e+03
15.3 6.727433e+03 6.711742e+03 6.213392e+03 6.229083e+03
16.3 6.663500e+03 6.683781e+03 6.176903e+03 6.156623e+03
17.3 6.667390e+03 6.664259e+03 6.120044e+03 6.123175e+03
18.3 6.720924e+03 6.760532e+03 6.078878e+03 6.039270e+03
19.3 6.810721e+03 6.722665e+03 6.055643e+03 6.143699e+03
20.3 6.748187e+03 6.799115e+03 6.044656e+03 5.993727e+03
0.2 6.617833e+03 6.632976e+03 6.049003e+03 6.033859e+03
1.2 6.712085e+03 6.594960e+03 6.068768e+03 6.185892e+03
2.2 6.778509e+03 6.776056e+03 6.163898e+03 6.166351e+03
3.2 6.727433e+03 6.711742e+03 6.213392e+03 6.229083e+03
4.2 6.663500e+03 6.683781e+03 6.176903e+03 6.156623e+03
5.2 6.667390e+03 6.664259e+03 6.120044e+03 6.123175e+03
6.2 6.720924e+03 6.760532e+03 6.078878e+03 6.039270e+03
7.2 6.810721e+03 6.722665e+03 6.055643e+03 6.143699e+03
8.2 6.748187e+03 6.799115e+03 6.044656e+03 5.993727e+03
9.2 6.721771e+03 6.756807e+03 6.041448e+03 6.006412e+03
10.2 6.701271e+03 6.771970e+03 6.042752e+03 5.972052e+03
11.2 6.697037e+03 6.868474e+03 6.045966e+03 5.874529e+03
12.2 6.791362e+03 6.773663e+03 6.049306e+03 6.067005e+03
13.2 6.741875e+03 6.694778e+03 6.051917e+03 6.099013e+03
14.2 6.740266e+03 6.704825e+03 6.058726e+03 6.094167e+03
15.2 6.804484e+03 6.765313e+03 6.138100e+03 6.177271e+03
16.2 6.925992e+03 6.796715e+03 6.217970e+03 6.347247e+03
17.2 6.898914e+03 6.809165e+03 6.200157e+03 6.289907e+03
18.2 6.788808e+03 6.707452e+03 6.140381e+03 6.221736e+03
19.2 6.672747e+03 6.666966e+03 6.090902e+03 6.096682e+03
20.2 6.874288e+03 6.853508e+03 6.065130e+03 6.085911e+03
0.9 6.740266e+03 6.704825e+03 6.058726e+03 6.094167e+03
1.9 6.804484e+03 6.765313e+03 6.138100e+03 6.177271e+03
2.9 6.925992e+03 6.796715e+03 6.217970e+03 6.347247e+03
3.9 6.898914e+03 6.809165e+03 6.200157e+03 6.289907e+03
4.9 6.788808e+03 6.707452e+03 6.140381e+03 6.221736e+03
5.9 6.672747e+03 6.666966e+03 6.090902e+03 6.096682e+03
6.9 6.874288e+03 6.853508e+03 6.065130e+03 6.085911e+03
7.9 6.824099e+03 6.842940e+03 6.121508e+03 6.102667e+03
8.9 6.969089e+03 6.866950e+03 6.195058e+03 6.297197e+03
9.9 6.861622e+03 6.776251e+03 6.181375e+03 6.266746e+03
10.9 6.800681e+03 6.798514e+03 6.127615e+03 6.129782e+03
11.9 6.551792e+03 6.703435e+03 6.083226e+03 5.931583e+03
12.9 6.772084e+03 6.734691e+03 6.057394e+03 6.094787e+03
13.9 6.845330e+03 6.698073e+03 6.044856e+03 6.192112e+03
14.9 6.940108e+03 6.851322e+03 6.040621e+03 6.129407e+03
15.9 6.769869e+03 6.772810e+03 6.041375e+03 6.038434e+03
16.9 6.738902e+03 6.741480e+03 6.044516e+03 6.041937e+03
17.9 6.607198e+03 6.708999e+03 6.048107e+03 5.946305e+03
18.9 6.456702e+03 6.706825e+03 6.051080e+03 5.800957e+03
19.9 6.594259e+03 6.770538e+03 6.053122e+03 5.876843e+03
20.9 6.721649e+03 6.836008e+03 6.054352e+03 5.939993e+03
0.9 6.874288e+03 6.853508e+03 6.065130e+03 6.085911e+03
1.9 6.824099e+03 6.842940e+03 6.121508e+03 6.102667e+03
2.9 6.969089e+03 6.866950e+03 6.195058e+03 6.297197e+03
3.9 6.861622e+03 6.776251e+03 6.181375e+03 6.266746e+03
4.9 6.800681e+03 6.798514e+03 6.127615e+03 6.129782e+03
5.9 6.551792e+03 6.703435e+03 6.083226e+03 5.931583e+03
6.9 6.772084e+03 6.734691e+03 6.057394e+03 6.094787e+03
7.9 6.845330e+03 6.698073e+03 6.044856e+03 6.192112e+03
8.9 6.940108e+03 6.851322e+03 6.040621e+03 6.129407e+03
9.9 6.769869e+03 6.772810e+03 6.041375e+03 6.038434e+03
10.9 6.738902e+03 6.741480e+03 6.044516e+03 6.041937e+03
11.9 6.607198e+03 6.708999e+03 6.048107e+03 5.946305e+03
12.9 6.456702e+03 6.706825e+03 6.051080e+03 5.800957e+03
13.9 6.594259e+03 6.770538e+03 6.053122e+03 5.876843e+03
14.9 6.721649e+03 6.836008e+03 6.054352e+03 5.939993e+03
15.9 6.645963e+03 6.815485e+03 6.055014e+03 5.885492e+03
16.9 6.532561e+03 6.759303e+03 6.055342e+03 5.828599e+03
17.9 6.505902e+03 6.737689e+03 6.055493e+03 5.823706e+03
18.9 6.722252e+03 6.951241e+03 6.055559e+03 5.826570e+03
19.9 7.067298e+03 7.015657e+03 6.055586e+03 6.107226e+03
20.9 7.017197e+03 6.942926e+03 6.055599e+03 6.129870e+03
0.7 7.175608e+03 7.065817e+03 6.056830e+03 6.166622e+03
1.7 7.094176e+03 7.053580e+03 6.112642e+03 6.153237e+03
2.7 7.102889e+03 7.163103e+03 6.202405e+03 6.142191e+03
3.7 7.056243e+03 6.892764e+03 6.203133e+03 6.366612e+03
4.7 6.947681e+03 6.902842e+03 6.158596e+03 6.203434e+03
5.7 7.143965e+03 7.065801e+03 6.193662e+03 6.271827e+03
6.7 7.096745e+03 6.964585e+03 6.223966e+03 6.356126e+03
7.7 7.007618e+03 6.861011e+03 6.178838e+03 6.325445e+03
8.7 6.918342e+03 6.793194e+03 6.114489e+03 6.239637e+03
9.7 6.866441e+03 6.733680e+03 6.069719e+03 6.202481e+03
10.7 6.877716e+03 6.763347e+03 6.046723e+03 6.161092e+03
11.7 6.843766e+03 6.754654e+03 6.040887e+03 6.129999e+03
12.7 6.891160e+03 6.683916e+03 6.108564e+03 6.315807e+03
13.7 6.086343e+03 6.140708e+03 6.192621e+03 6.138257e+03
14.7 7.235062e+03 7.080070e+03 6.185402e+03 6.340394e+03
15.7 7.058031e+03 7.162057e+03 6.133042e+03 6.029015e+03
16.7 6.971907e+03 6.891081e+03 6.087625e+03 6.168452e+03
17.7 6.911059e+03 6.920025e+03 6.060294e+03 6.051328e+03
18.7 6.758427e+03 6.406031e+03 6.046514e+03 6.398910e+03
19.7 6.411913e+03 6.651059e+03 6.041478e+03 5.802332e+03
20.7 6.615169e+03 6.710040e+03 6.070187e+03 5.975316e+03
0.1 7.056243e+03 6.892764e+03 6.203133e+03 6.366612e+03
1.1 6.947681e+03 6.902842e+03 6.158596e+03 6.203434e+03
2.1 7.143965e+03 7.065801e+03 6.193662e+03 6.271827e+03
3.1 7.096745e+03 6.964585e+03 6.223966e+03 6.356126e+03
4.1 7.007618e+03 6.861011e+03 6.178838e+03 6.325445e+03
5.1 6.918342e+03 6.793194e+03 6.114489e+03 6.239637e+03
6.1 6.866441e+03 6.733680e+03 6.069719e+03 6.202481e+03
7.1 6.877716e+03 6.763347e+03 6.046723e+03 6.161092e+03
8.1 6.843766e+03 6.754654e+03 6.040887e+03 6.129999e+03
9.1 6.891160e+03 6.683916e+03 6.108564e+03 6.315807e+03
10.1 6.086343e+03 6.140708e+03 6.192621e+03 6.138257e+03
11.1 7.235062e+03 7.080070e+03 6.185402e+03 6.340394e+03
12.1 7.058031e+03 7.162057e+03 6.133042e+03 6.029015e+03
13.1 6.971907e+03 6.891081e+03 6.087625e+03 6.168452e+03
14.1 6.911059e+03 6.920025e+03 6.060294e+03 6.051328e+03
15.1 6.758427e+03 6.406031e+03 6.046514e+03 6.398910e+03
16.1 6.411913e+03 6.651059e+03 6.041478e+03 5.802332e+03
17.1 6.615169e+03 6.710040e+03 6.070187e+03 5.975316e+03
18.1 6.634844e+03 6.596382e+03 6.170205e+03 6.208666e+03
19.1 6.966976e+03 6.941947e+03 6.204951e+03 6.229979e+03
20.1 6.639169e+03 6.860830e+03 6.162778e+03 5.941117e+03
0.9 6.843766e+03 6.754654e+03 6.040887e+03 6.129999e+03
1.9 6.891160e+03 6.683916e+03 6.108564e+03 6.315807e+03
2.9 6.086343e+03 6.140708e+03 6.192621e+03 6.138257e+03
3.9 7.235062e+03 7.080070e+03 6.185402e+03 6.340394e+03
4.9 7.058031e+03 7.162057e+03 6.133042e+03 6.029015e+03
5.9 6.971907e+03 6.891081e+03 6.087625e+03 6.168452e+03
6.9 6.911059e+03 6.920025e+03 6.060294e+03 6.051328e+03
7.9 6.758427e+03 6.406031e+03 6.046514e+03 6.398910e+03
8.9 6.411913e+03 6.651059e+03 6.041478e+03 5.802332e+03
9.9 6.615169e+03 6.710040e+03 6.070187e+03 5.975316e+03
10.9 6.634844e+03 6.596382e+03 6.170205e+03 6.208666e+03
11.9 6.966976e+03 6.941947e+03 6.204951e+03 6.229979e+03
12.9 6.639169e+03 6.860830e+03 6.162778e+03 5.941117e+03
13.9 6.896736e+03 6.789639e+03 6.109206e+03 6.216304e+03
14.9 6.655949e+03 6.902271e+03 6.072590e+03 5.826268e+03
15.9 6.572145e+03 6.909162e+03 6.079182e+03 5.742164e+03
16.9 6.680649e+03 6.929216e+03 6.171361e+03 5.922795e+03
17.9 6.581689e+03 6.715183e+03 6.206646e+03 6.073152e+03
18.9 5.925388e+03 5.865888e+03 6.163150e+03 6.222649e+03
19.9 5.169204e+03 5.257813e+03 6.107673e+03 6.019064e+03
20.9 6.292562e+03 5.893589e+03 6.070275e+03 6.469248e+03
0.4 6.411913e+03 6.651059e+03 6.041478e+03 5.802332e+03
1.4 6.615169e+03 6.710040e+03 6.070187e+03 5.975316e+03
2.4 6.634844e+03 6.596382e+03 6.170205e+03 6.208666e+03
3.4 6.966976e+03 6.941947e+03 6.204951e+03 6.229979e+03
4.4 6.639169e+03 6.860830e+03 6.162778e+03 5.941117e+03
5.4 6.896736e+03 6.789639e+03 6.109206e+03 6.216304e+03
6.4 6.655949e+03 6.902271e+03 6.072590e+03 5.826268e+03
7.4 6.572145e+03 6.909162e+03 6.079182e+03 5.742164e+03
8.4 6.680649e+03 6.929216e+03 6.171361e+03 5.922795e+03
9.4 6.581689e+03 6.715183e+03 6.206646e+03 6.073152e+03
10.4 5.925388e+03 5.865888e+03 6.163150e+03 6.222649e+03
11.4 5.169204e+03 5.257813e+03 6.107673e+03 6.019064e+03
12.4 6.292562e+03 5.893589e+03 6.070275e+03 6.469248e+03
13.4 6.068454e+03 5.784292e+03 6.050274e+03 6.334436e+03
14.4 5.751936e+03 5.754490e+03 6.041565e+03 6.039011e+03
15.4 5.470818e+03 5.346044e+03 6.039866e+03 6.164641e+03
16.4 5.645705e+03 5.770924e+03 6.042093e+03 5.916873e+03
17.4 5.422080e+03 5.315526e+03 6.045788e+03 6.152342e+03
18.4 5.111448e+03 5.652781e+03 6.049326e+03 5.507993e+03
19.4 5.545920e+03 5.668939e+03 6.051987e+03 5.928968e+03
20.4 5.289991e+03 5.899141e+03 6.063615e+03 5.454464e+03
0.4 6.655949e+03 6.902271e+03 6.072590e+03 5.826268e+03
1.4 6.572145e+03 6.909162e+03 6.079182e+03 5.742164e+03
2.4 6.680649e+03 6.929216e+03 6.171361e+03 5.922795e+03
3.4 6.581689e+03 6.715183e+03 6.206646e+03 6.073152e+03
4.4 5.925388e+03 5.865888e+03 6.163150e+03 6.222649e+03
5.4 5.169204e+03 5.257813e+03 6.107673e+03 6.019064e+03
6.4 6.292562e+03 5.893589e+03 6.070275e+03 6.469248e+03
7.4 6.068454e+03 5.784292e+03 6.050274e+03 6.334436e+03
8.4 5.751936e+03 5.754490e+03 6.041565e+03 6.039011e+03
9.4 5.470818e+03 5.346044e+03 6.039866e+03 6.164641e+03
10.4 5.645705e+03 5.770924e+03 6.042093e+03 5.916873e+03
11.4 5.422080e+03 5.315526e+03 6.045788e+03 6.152342e+03
12.4 5.111448e+03 5.652781e+03 6.049326e+03 5.507993e+03
13.4 5.545920e+03 5.668939e+03 6.051987e+03 5.928968e+03
14.4 5.289991e+03 5.899141e+03 6.063615e+03 5.454464e+03
15.4 6.093899e+03 6.137726e+03 6.153887e+03 6.110059e+03
16.4 5.534005e+03 5.910423e+03 6.220978e+03 5.844561e+03
17.4 6.034603e+03 6.286251e+03 6.192405e+03 5.940756e+03
18.4 6.269993e+03 5.950565e+03 6.132108e+03 6.451536e+03
19.4 6.205940e+03 6.258625e+03 6.085541e+03 6.032855e+03
20.4 6.299582e+03 6.188913e+03 6.066214e+03 6.176882e+03
0.1 5.545920e+03 5.668939e+03 6.051987e+03 5.928968e+03
1.1 5.289991e+03 5.899141e+03 6.063615e+03 5.454464e+03
2.1 6.093899e+03 6.137726e+03 6.153887e+03 6.110059e+03
3.1 5.534005e+03 5.910423e+03 6.220978e+03 5.844561e+03
4.1 6.034603e+03 6.286251e+03 6.192405e+03 5.940756e+03
5.1 6.269993e+03 5.950565e+03 6.132108e+03 6.451536e+03
6.1 6.205940e+03 6.258625e+03 6.085541e+03 6.032855e+03
7.1 6.299582e+03 6.188913e+03 6.066214e+03 6.176882e+03
8.1 6.413535e+03 6.284920e+03 6.135378e+03 6.263993e+03
9.1 6.392197e+03 6.419310e+03 6.198312e+03 6.171199e+03
10.1 6.453590e+03 6.239994e+03 6.174491e+03 6.388087e+03
11.1 5.464466e+03 5.781022e+03 6.120153e+03 5.803596e+03
12.1 6.340873e+03 6.409911e+03 6.092292e+03 6.023254e+03
13.1 6.651551e+03 6.557110e+03 6.159616e+03 6.254057e+03
14.1 6.713379e+03 6.594768e+03 6.202604e+03 6.321215e+03
15.1 6.847071e+03 6.641441e+03 6.165738e+03 6.371368e+03
16.1 6.511073e+03 6.595571e+03 6.149808e+03 6.065311e+03
17.1 6.212146e+03 6.145531e+03 6.206691e+03 6.273307e+03
18.1 5.988407e+03 5.988683e+03 6.203061e+03 6.202785e+03
19.1 6.038045e+03 5.929437e+03 6.144141e+03 6.252749e+03
20.1 5.488776e+03 5.118397e+03 6.088690e+03 6.459070e+03
1.0 6.299582e+03 6.188913e+03 6.066214e+03 6.176882e+03
2.0 6.413535e+03 6.284920e+03 6.135378e+03 6.263993e+03
3.0 6.392197e+03 6.419310e+03 6.198312e+03 6.171199e+03
4.0 6.453590e+03 6.239994e+03 6.174491e+03 6.388087e+03
5.0 5.464466e+03 5.781022e+03 6.120153e+03 5.803596e+03
6.0 6.340873e+03 6.409911e+03 6.092292e+03 6.023254e+03
7.0 6.651551e+03 6.557110e+03 6.159616e+03 6.254057e+03
8.0 6.713379e+03 6.594768e+03 6.202604e+03 6.321215e+03
9.0 6.847071e+03 6.641441e+03 6.165738e+03 6.371368e+03
10.0 6.511073e+03 6.595571e+03 6.149808e+03 6.065311e+03
11.0 6.212146e+03 6.145531e+03 6.206691e+03 6.273307e+03
12.0 5.988407e+03 5.988683e+03 6.203061e+03 6.202785e+03
13.0 6.038045e+03 5.929437e+03 6.144141e+03 6.252749e+03
14.0 5.488776e+03 5.118397e+03 6.088690e+03 6.459070e+03
15.0 5.432669e+03 5.280444e+03 6.056034e+03 6.208259e+03
16.0 5.779532e+03 5.598114e+03 6.078718e+03 6.260135e+03
17.0 6.060992e+03 5.783721e+03 6.170747e+03 6.448018e+03
18.0 5.945767e+03 5.976407e+03 6.191863e+03 6.161223e+03
19.0 5.720011e+03 5.664345e+03 6.146538e+03 6.202204e+03
20.0 5.743976e+03 5.715342e+03 6.096796e+03 6.125429e+03
21.0 5.866358e+03 5.858742e+03 6.064860e+03 6.072475e+03
0.2 5.464466e+03 5.781022e+03 6.120153e+03 5.803596e+03
1.2 6.340873e+03 6.409911e+03 6.092292e+03 6.023254e+03
2.2 6.651551e+03 6.557110e+03 6.159616e+03 6.254057e+03
3.2 6.713379e+03 6.594768e+03 6.202604e+03 6.321215e+03
4.2 6.847071e+03 6.641441e+03 6.165738e+03 6.371368e+03
5.2 6.511073e+03 6.595571e+03 6.149808e+03 6.065311e+03
6.2 6.212146e+03 6.145531e+03 6.206691e+03 6.273307e+03
7.2 5.988407e+03 5.988683e+03 6.203061e+03 6.202785e+03
8.2 6.038045e+03 5.929437e+03 6.144141e+03 6.252749e+03
9.2 5.488776e+03 5.118397e+03 6.088690e+03 6.459070e+03
10.2 5.432669e+03 5.280444e+03 6.056034e+03 6.208259e+03
11.2 5.779532e+03 5.598114e+03 6.078718e+03 6.260135e+03
12.2 6.060992e+03 5.783721e+03 6.170747e+03 6.448018e+03
13.2 5.945767e+03 5.976407e+03 6.191863e+03 6.161223e+03
14.2 5.720011e+03 5.664345e+03 6.146538e+03 6.202204e+03
15.2 5.743976e+03 5.715342e+03 6.096796e+03 6.125429e+03
16.2 5.866358e+03 5.858742e+03 6.064860e+03 6.072475e+03
17.2 5.780758e+03 5.888359e+03 6.048251e+03 5.940650e+03
18.2 5.765222e+03 5.750687e+03 6.060050e+03 6.074585e+03
19.2 5.704394e+03 5.715107e+03 6.153652e+03 6.142939e+03
20.2 5.427936e+03 5.500926e+03 6.201823e+03 6.128832e+03
0.5 6.847071e+03 6.641441e+03 6.165738e+03 6.371368e+03
1.5 6.511073e+03 6.595571e+03 6.149808e+03 6.065311e+03
2.5 6.212146e+03 6.145531e+03 6.206691e+03 6.273307e+03
3.5 5.988407e+03 5.988683e+03 6.203061e+03 6.202785e+03
4.5 6.038045e+03 5.929437e+03 6.144141e+03 6.252749e+03
5.5 5.488776e+03 5.118397e+03 6.088690e+03 6.459070e+03
6.5 5.432669e+03 5.280444e+03 6.056034e+03 6.208259e+03
7.5 5.779532e+03 5.598114e+03 6.078718e+03 6.260135e+03
8.5 6.060992e+03 5.783721e+03 6.170747e+03 6.448018e+03
9.5 5.945767e+03 5.976407e+03 6.191863e+03 6.161223e+03
10.5 5.720011e+03 5.664345e+03 6.146538e+03 6.202204e+03
11.5 5.743976e+03 5.715342e+03 6.096796e+03 6.125429e+03
12.5 5.866358e+03 5.858742e+03 6.064860e+03 6.072475e+03
13.5 5.780758e+03 5.888359e+03 6.048251e+03 5.940650e+03
14.5 5.765222e+03 5.750687e+03 6.060050e+03 6.074585e+03
15.5 5.704394e+03 5.715107e+03 6.153652e+03 6.142939e+03
16.5 5.427936e+03 5.500926e+03 6.201823e+03 6.128832e+03
17.5 5.385513e+03 5.541590e+03 6.166906e+03 6.010829e+03
18.5 5.608713e+03 5.510898e+03 6.113251e+03 6.211065e+03
19.5 5.784524e+03 5.722634e+03 6.074932e+03 6.136823e+03
20.5 5.640576e+03 5.754963e+03 6.053584e+03 5.939197e+03
0.5 5.432669e+03 5.280444e+03 6.056034e+03 6.208259e+03
1.5 5.779532e+03 5.598114e+03 6.078718e+03 6.260135e+03
2.5 6.060992e+03 5.783721e+03 6.170747e+03 6.448018e+03
3.5 5.945767e+03 5.976407e+03 6.191863e+03 6.161223e+03
4.5 5.720011e+03 5.664345e+03 6.146538e+03 6.202204e+03
5.5 5.743976e+03 5.715342e+03 6.096796e+03 6.125429e+03
6.5 5.866358e+03 5.858742e+03 6.064860e+03 6.072475e+03
7.5 5.780758e+03 5.888359e+03 6.048251e+03 5.940650e+03
8.5 5.765222e+03 5.750687e+03 6.060050e+03 6.074585e+03
9.5 5.704394e+03 5.715107e+03 6.153652e+03 6.142939e+03
10.5 5.427936e+03 5.500926e+03 6.201823e+03 6.128832e+03
11.5 5.385513e+03 5.541590e+03 6.166906e+03 6.010829e+03
12.5 5.608713e+03 5.510898e+03 6.113251e+03 6.211065e+03
13.5 5.784524e+03 5.722634e+03 6.074932e+03 6.136823e+03
14.5 5.640576e+03 5.754963e+03 6.053584e+03 5.939197e+03
15.5 5.248901e+03 5.891893e+03 6.043700e+03 5.400708e+03
16.5 6.371931e+03 5.956679e+03 6.041081e+03 6.456333e+03
17.5 6.024973e+03 5.765470e+03 6.042676e+03 6.302179e+03
18.5 5.905315e+03 5.823323e+03 6.046004e+03 6.127996e+03
19.5 5.701875e+03 5.655002e+03 6.049369e+03 6.096241e+03
20.5 5.505009e+03 5.554690e+03 6.051969e+03 6.002288e+03
0.3 5.780758e+03 5.888359e+03 6.048251e+03 5.940650e+03
1.3 5.765222e+03 5.750687e+03 6.060050e+03 6.074585e+03
2.3 5.704394e+03 5.715107e+03 6.153652e+03 6.142939e+03
3.3 5.427936e+03 5.500926e+03 6.201823e+03 6.128832e+03
4.3 5.385513e+03 5.541590e+03 6.166906e+03 6.010829e+03
5.3 5.608713e+03 5.510898e+03 6.113251e+03 6.211065e+03
6.3 5.784524e+03 5.722634e+03 6.074932e+03 6.136823e+03
7.3 5.640576e+03 5.754963e+03 6.053584e+03 5.939197e+03
8.3 5.248901e+03 5.891893e+03 6.043700e+03 5.400708e+03
9.3 6.371931e+03 5.956679e+03 6.041081e+03 6.456333e+03
10.3 6.024973e+03 5.765470e+03 6.042676e+03 6.302179e+03
11.3 5.905315e+03 5.823323e+03 6.046004e+03 6.127996e+03
12.3 5.701875e+03 5.655002e+03 6.049369e+03 6.096241e+03
13.3 5.505009e+03 5.554690e+03 6.051969e+03 6.002288e+03
14.3 5.480973e+03 5.501787e+03 6.053672e+03 6.032858e+03
15.3 5.368402e+03 5.431053e+03 6.054651e+03 5.992000e+03
16.3 5.358511e+03 5.415255e+03 6.055164e+03 5.998421e+03
17.3 5.384884e+03 5.456532e+03 6.055412e+03 5.983765e+03
18.3 5.739057e+03 5.738615e+03 6.055524e+03 6.055966e+03
19.3 5.779165e+03 5.826008e+03 6.055572e+03 6.008729e+03
20.3 5.849876e+03 5.757005e+03 6.055591e+03 6.148462e+03
0.6 5.887507e+03 5.737493e+03 6.055962e+03 6.205976e+03
1.6 5.611159e+03 5.732504e+03 6.098709e+03 5.977365e+03
2.6 5.520093e+03 5.462730e+03 6.194018e+03 6.251381e+03
3.6 5.501437e+03 5.641969e+03 6.208203e+03 6.067672e+03
4.6 5.673946e+03 5.572522e+03 6.157169e+03 6.258593e+03
5.6 5.343930e+03 5.354399e+03 6.103792e+03 6.093323e+03
6.6 5.386068e+03 5.373710e+03 6.069228e+03 6.081586e+03
7.6 5.483462e+03 5.565292e+03 6.050781e+03 5.968951e+03
8.6 5.418345e+03 5.381531e+03 6.042866e+03 6.079680e+03
9.6 5.395193e+03 5.528056e+03 6.051394e+03 5.918531e+03
10.6 5.997835e+03 6.108821e+03 6.139761e+03 6.028776e+03
11.6 5.715215e+03 5.811621e+03 6.205373e+03 6.108967e+03
12.6 5.647671e+03 5.793402e+03 6.180027e+03 6.034296e+03
13.6 5.691301e+03 5.655558e+03 6.124741e+03 6.160484e+03
14.6 5.634084e+03 5.656842e+03 6.082070e+03 6.059312e+03
15.6 5.558194e+03 5.722105e+03 6.057367e+03 5.893457e+03
16.6 5.581619e+03 5.589317e+03 6.045337e+03 6.037640e+03
17.6 5.547288e+03 5.688638e+03 6.041418e+03 5.900067e+03
18.6 5.377727e+03 5.500917e+03 6.042337e+03 5.919146e+03
19.6 5.519390e+03 5.635459e+03 6.045445e+03 5.929376e+03
20.6 5.701695e+03 5.803997e+03 6.048854e+03 5.946552e+03
0.1 5.418345e+03 5.381531e+03 6.042866e+03 6.079680e+03
1.1 5.395193e+03 5.528056e+03 6.051394e+03 5.918531e+03
2.1 5.997835e+03 6.108821e+03 6.139761e+03 6.028776e+03
3.1 5.715215e+03 5.811621e+03 6.205373e+03 6.108967e+03
4.1 5.647671e+03 5.793402e+03 6.180027e+03 6.034296e+03
5.1 5.691301e+03 5.655558e+03 6.124741e+03 6.160484e+03
6.1 5.634084e+03 5.656842e+03 6.082070e+03 6.059312e+03
7.1 5.558194e+03 5.722105e+03 6.057367e+03 5.893457e+03
8.1 5.581619e+03 5.589317e+03 6.045337e+03 6.037640e+03
9.1 5.547288e+03 5.688638e+03 6.041418e+03 5.900067e+03
10.1 5.377727e+03 5.500917e+03 6.042337e+03 5.919146e+03
11.1 5.519390e+03 5.635459e+03 6.045445e+03 5.929376e+03
12.1 5.701695e+03 5.803997e+03 6.048854e+03 5.946552e+03
13.1 5.816225e+03 5.698374e+03 6.051600e+03 6.169451e+03
14.1 5.867899e+03 5.831183e+03 6.053439e+03 6.090155e+03
15.1 5.762411e+03 5.775644e+03 6.054523e+03 6.041291e+03
16.1 5.824667e+03 5.902363e+03 6.055100e+03 5.977404e+03
17.1 5.620812e+03 5.665011e+03 6.055382e+03 6.011184e+03
18.1 5.431791e+03 5.419452e+03 6.055511e+03 6.067850e+03
19.1 5.331680e+03 5.297884e+03 6.055566e+03 6.089362e+03
20.1 5.265426e+03 5.295270e+03 6.055589e+03 6.025744e+03
0.3 5.270307e+03 5.254272e+03 6.055607e+03 6.071642e+03
1.3 5.397721e+03 5.457401e+03 6.076008e+03 6.016328e+03
2.3 5.280507e+03 5.523338e+03 6.171223e+03 5.928392e+03
3.3 6.013365e+03 5.774885e+03 6.214008e+03 6.452488e+03
4.3 5.896004e+03 5.757544e+03 6.174041e+03 6.312501e+03
5.3 5.779734e+03 5.661680e+03 6.117327e+03 6.235381e+03
6.3 5.780413e+03 5.677530e+03 6.077188e+03 6.180071e+03
7.3 5.747384e+03 5.693542e+03 6.054764e+03 6.108606e+03
8.3 5.632230e+03 5.573728e+03 6.044307e+03 6.102810e+03
9.3 5.614927e+03 5.540009e+03 6.041429e+03 6.116347e+03
10.3 5.531432e+03 5.470508e+03 6.043518e+03 6.104442e+03
11.3 5.580733e+03 5.496762e+03 6.094691e+03 6.178662e+03
12.3 5.633534e+03 5.575234e+03 6.191510e+03 6.249810e+03
13.3 5.620768e+03 5.674040e+03 6.202761e+03 6.149489e+03
14.3 5.914085e+03 5.857976e+03 6.151889e+03 6.207997e+03
15.3 6.047460e+03 6.085289e+03 6.102197e+03 6.064369e+03
16.3 6.296379e+03 6.179483e+03 6.130285e+03 6.247181e+03
17.3 6.207042e+03 6.131882e+03 6.199444e+03 6.274603e+03
18.3 6.144075e+03 6.122919e+03 6.187743e+03 6.208899e+03
19.3 6.313444e+03 6.300364e+03 6.131353e+03 6.144434e+03
20.3 6.126717e+03 5.963147e+03 6.083627e+03 6.247197e+03
0.6 5.531432e+03 5.470508e+03 6.043518e+03 6.104442e+03
1.6 5.580733e+03 5.496762e+03 6.094691e+03 6.178662e+03
2.6 5.633534e+03 5.575234e+03 6.191510e+03 6.249810e+03
3.6 5.620768e+03 5.674040e+03 6.202761e+03 6.149489e+03
4.6 5.914085e+03 5.857976e+03 6.151889e+03 6.207997e+03
5.6 6.047460e+03 6.085289e+03 6.102197e+03 6.064369e+03
6.6 6.296379e+03 6.179483e+03 6.130285e+03 6.247181e+03
7.6 6.207042e+03 6.131882e+03 6.199444e+03 6.274603e+03
8.6 6.144075e+03 6.122919e+03 6.187743e+03 6.208899e+03
9.6 6.313444e+03 6.300364e+03 6.131353e+03 6.144434e+03
10.6 6.126717e+03 5.963147e+03 6.083627e+03 6.247197e+03
11.6 5.958606e+03 5.818387e+03 6.057712e+03 6.197932e+03
12.6 6.261104e+03 6.007356e+03 6.103320e+03 6.357068e+03
13.6 5.917127e+03 5.969257e+03 6.187497e+03 6.135367e+03
14.6 5.661057e+03 5.588826e+03 6.186655e+03 6.258886e+03
15.6 5.839076e+03 5.863167e+03 6.146294e+03 6.122202e+03
16.6 6.169092e+03 6.157023e+03 6.190679e+03 6.202748e+03
17.6 5.830604e+03 5.857985e+03 6.226317e+03 6.198935e+03
18.6 5.731676e+03 5.691953e+03 6.181457e+03 6.221181e+03
19.6 6.016869e+03 5.945784e+03 6.115852e+03 6.186937e+03
20.6 5.863607e+03 5.842316e+03 6.070029e+03 6.091319e+03
0.8 6.047460e+03 6.085289e+03 6.102197e+03 6.064369e+03
1.8 6.296379e+03 6.179483e+03 6.130285e+03 6.247181e+03
2.8 6.207042e+03 6.131882e+03 6.199444e+03 6.274603e+03
3.8 6.144075e+03 6.122919e+03 6.187743e+03 6.208899e+03
4.8 6.313444e+03 6.300364e+03 6.131353e+03 6.144434e+03
5.8 6.126717e+03 5.963147e+03 6.083627e+03 6.247197e+03
6.8 5.958606e+03 5.818387e+03 6.057712e+03 6.197932e+03
7.8 6.261104e+03 6.007356e+03 6.103320e+03 6.357068e+03
8.8 5.917127e+03 5.969257e+03 6.187497e+03 6.135367e+03
9.8 5.661057e+03 5.588826e+03 6.186655e+03 6.258886e+03
10.8 5.839076e+03 5.863167e+03 6.146294e+03 6.122202e+03
11.8 6.169092e+03 6.157023e+03 6.190679e+03 6.202748e+03
12.8 5.830604e+03 5.857985e+03 6.226317e+03 6.198935e+03
13.8 5.731676e+03 5.691953e+03 6.181457e+03 6.221181e+03
14.8 6.016869e+03 5.945784e+03 6.115852e+03 6.186937e+03
15.8 5.863607e+03 5.842316e+03 6.070029e+03 6.091319e+03
16.8 5.807637e+03 5.885752e+03 6.046405e+03 5.968290e+03
17.8 5.512579e+03 5.465765e+03 6.037096e+03 6.083910e+03
18.8 5.639343e+03 5.706192e+03 6.035962e+03 5.969114e+03
19.8 5.756515e+03 5.847501e+03 6.039125e+03 5.948138e+03
20.8 5.694533e+03 5.744334e+03 6.074362e+03 6.024561e+03
0.7 5.958606e+03 5.818387e+03 6.057712e+03 6.197932e+03
1.7 6.261104e+03 6.007356e+03 6.103320e+03 6.357068e+03
2.7 5.917127e+03 5.969257e+03 6.187497e+03 6.135367e+03
3.7 5.661057e+03 5.588826e+03 6.186655e+03 6.258886e+03
4.7 5.839076e+03 5.863167e+03 6.146294e+03 6.122202e+03
5.7 6.169092e+03 6.157023e+03 6.190679e+03 6.202748e+03
6.7 5.830604e+03 5.857985e+03 6.226317e+03 6.198935e+03
7.7 5.731676e+03 5.691953e+03 6.181457e+03 6.221181e+03
8.7 6.016869e+03 5.945784e+03 6.115852e+03 6.186937e+03
9.7 5.863607e+03 5.842316e+03 6.070029e+03 6.091319e+03
10.7 5.807637e+03 5.885752e+03 6.046405e+03 5.968290e+03
11.7 5.512579e+03 5.465765e+03 6.037096e+03 6.083910e+03
12.7 5.639343e+03 5.706192e+03 6.035962e+03 5.969114e+03
13.7 5.756515e+03 5.847501e+03 6.039125e+03 5.948138e+03
14.7 5.694533e+03 5.744334e+03 6.074362e+03 6.024561e+03
15.7 5.504475e+03 5.552480e+03 6.175854e+03 6.127848e+03
16.7 5.700391e+03 5.683950e+03 6.207446e+03 6.223887e+03
17.7 5.892756e+03 5.852998e+03 6.163275e+03 6.203033e+03
18.7 5.556604e+03 5.549566e+03 6.109655e+03 6.116693e+03
19.7 5.747481e+03 5.604490e+03 6.118279e+03 6.261271e+03
20.7 5.745694e+03 5.754547e+03 6.192692e+03 6.183839e+03
0.1 5.661057e+03 5.588826e+03 6.186655e+03 6.258886e+03
1.1 5.839076e+03 5.863167e+03 6.146294e+03 6.122202e+03
2.1 6.169092e+03 6.157023e+03 6.190679e+03 6.202748e+03
3.1 5.830604e+03 5.857985e+03 6.226317e+03 6.198935e+03
4.1 5.731676e+03 5.691953e+03 6.181457e+03 6.221181e+03
5.1 6.016869e+03 5.945784e+03 6.115852e+03 6.186937e+03
6.1 5.863607e+03 5.842316e+03 6.070029e+03 6.091319e+03
7.1 5.807637e+03 5.885752e+03 6.046405e+03 5.968290e+03
8.1 5.512579e+03 5.465765e+03 6.037096e+03 6.083910e+03
9.1 5.639343e+03 5.706192e+03 6.035962e+03 5.969114e+03
10.1 5.756515e+03 5.847501e+03 6.039125e+03 5.948138e+03
11.1 5.694533e+03 5.744334e+03 6.074362e+03 6.024561e+03
12.1 5.504475e+03 5.552480e+03 6.175854e+03 6.127848e+03
13.1 5.700391e+03 5.683950e+03 6.207446e+03 6.223887e+03
14.1 5.892756e+03 5.852998e+03 6.163275e+03 6.203033e+03
15.1 5.556604e+03 5.549566e+03 6.109655e+03 6.116693e+03
16.1 5.747481e+03 5.604490e+03 6.118279e+03 6.261271e+03
17.1 5.745694e+03 5.754547e+03 6.192692e+03 6.183839e+03
18.1 5.648803e+03 5.770385e+03 6.195109e+03 6.073527e+03
19.1 5.435036e+03 5.532742e+03 6.141275e+03 6.043569e+03
20.1 5.495042e+03 5.585386e+03 6.090226e+03 5.999882e+03
0.4 5.756515e+03 5.847501e+03 6.039125e+03 5.948138e+03
1.4 5.694533e+03 5.744334e+03 6.074362e+03 6.024561e+03
2.4 5.504475e+03 5.552480e+03 6.175854e+03 6.127848e+03
3.4 5.700391e+03 5.683950e+03 6.207446e+03 6.223887e+03
4.4 5.892756e+03 5.852998e+03 6.163275e+03 6.203033e+03
5.4 5.556604e+03 5.549566e+03 6.109655e+03 6.116693e+03
6.4 5.747481e+03 5.604490e+03 6.118279e+03 6.261271e+03
7.4 5.745694e+03 5.754547e+03 6.192692e+03 6.183839e+03
8.4 5.648803e+03 5.770385e+03 6.195109e+03 6.073527e+03
9.4 5.435036e+03 5.532742e+03 6.141275e+03 6.043569e+03
10.4 5.495042e+03 5.585386e+03 6.090226e+03 5.999882e+03
11.4 5.461014e+03 5.622710e+03 6.059567e+03 5.897872e+03
12.4 5.416729e+03 5.535562e+03 6.044728e+03 5.925896e+03
13.4 5.444485e+03 5.608008e+03 6.039479e+03 5.875956e+03
14.4 5.437579e+03 5.555676e+03 6.039840e+03 5.921742e+03
15.4 5.606409e+03 5.694301e+03 6.043002e+03 5.955110e+03
16.4 5.476566e+03 5.547572e+03 6.046875e+03 5.975870e+03
17.4 5.588540e+03 5.676472e+03 6.050217e+03 5.962285e+03
18.4 5.495526e+03 5.558281e+03 6.052587e+03 5.989832e+03
19.4 5.650010e+03 5.676603e+03 6.054049e+03 6.027456e+03
20.4 5.647479e+03 5.766942e+03 6.054858e+03 5.935395e+03
0.6 5.556604e+03 5.549566e+03 6.109655e+03 6.116693e+03
1.6 5.747481e+03 5.604490e+03 6.118279e+03 6.261271e+03
2.6 5.745694e+03 5.754547e+03 6.192692e+03 6.183839e+03
3.6 5.648803e+03 5.770385e+03 6.195109e+03 6.073527e+03
4.6 5.435036e+03 5.532742e+03 6.141275e+03 6.043569e+03
5.6 5.495042e+03 5.585386e+03 6.090226e+03 5.999882e+03
6.6 5.461014e+03 5.622710e+03 6.059567e+03 5.897872e+03
7.6 5.416729e+03 5.535562e+03 6.044728e+03 5.925896e+03
8.6 5.444485e+03 5.608008e+03 6.039479e+03 5.875956e+03
9.6 5.437579e+03 5.555676e+03 6.039840e+03 5.921742e+03
10.6 5.606409e+03 5.694301e+03 6.043002e+03 5.955110e+03
11.6 5.476566e+03 5.547572e+03 6.046875e+03 5.975870e+03
12.6 5.588540e+03 5.676472e+03 6.050217e+03 5.962285e+03
13.6 5.495526e+03 5.558281e+03 6.052587e+03 5.989832e+03
14.6 5.650010e+03 5.676603e+03 6.054049e+03 6.027456e+03
15.6 5.647479e+03 5.766942e+03 6.054858e+03 5.935395e+03
16.6 5.633368e+03 5.518950e+03 6.055271e+03 6.169689e+03
17.6 5.749877e+03 5.695014e+03 6.055461e+03 6.110324e+03
18.6 5.840004e+03 5.886191e+03 6.055545e+03 6.009359e+03
19.6 5.526517e+03 5.599205e+03 6.055580e+03 5.982892e+03
20.6 5.576403e+03 5.609654e+03 6.055594e+03 6.022344e+03
1.0 5.524644e+03 5.541838e+03 6.063293e+03 6.046099e+03
2.0 5.464276e+03 5.590863e+03 6.145673e+03 6.019086e+03
3.0 5.546879e+03 5.656841e+03 6.213029e+03 6.103067e+03
4.0 5.533932e+03 5.615959e+03 6.188390e+03 6.106362e+03
5.0 5.503080e+03 5.492564e+03 6.130846e+03 6.141362e+03
6.0 5.588277e+03 5.556903e+03 6.085606e+03 6.116980e+03
7.0 5.576519e+03 5.478596e+03 6.065037e+03 6.162960e+03
8.0 5.776507e+03 5.625505e+03 6.130173e+03 6.281175e+03
9.0 5.705321e+03 5.663607e+03 6.197930e+03 6.239644e+03
10.0 5.623999e+03 5.571381e+03 6.178019e+03 6.230637e+03
11.0 5.629079e+03 5.553743e+03 6.123669e+03 6.199005e+03
12.0 5.490913e+03 5.456823e+03 6.091812e+03 6.125902e+03
13.0 5.658717e+03 5.581662e+03 6.155068e+03 6.232124e+03
14.0 5.905514e+03 5.942562e+03 6.202841e+03 6.165793e+03
15.0 6.065285e+03 6.010776e+03 6.168761e+03 6.223271e+03
16.0 5.563542e+03 5.475016e+03 6.112224e+03 6.200750e+03
17.0 5.776688e+03 5.788647e+03 6.071901e+03 6.059943e+03
18.0 5.819586e+03 5.762768e+03 6.050407e+03 6.107225e+03
19.0 5.533559e+03 5.600011e+03 6.041153e+03 5.974701e+03
20.0 5.660364e+03 5.609514e+03 6.039186e+03 6.090037e+03
21.0 5.662831e+03 5.646626e+03 6.041289e+03 6.057494e+03
1.0 5.576519e+03 5.478596e+03 6.065037e+03 6.162960e+03
2.0 5.776507e+03 5.625505e+03 6.130173e+03 6.281175e+03
3.0 5.705321e+03 5.663607e+03 6.197930e+03 6.239644e+03
4.0 5.623999e+03 5.571381e+03 6.178019e+03 6.230637e+03
5.0 5.629079e+03 5.553743e+03 6.123669e+03 6.199005e+03
6.0 5.490913e+03 5.456823e+03 6.091812e+03 6.125902e+03
7.0 5.658717e+03 5.581662e+03 6.155068e+03 6.232124e+03
8.0 5.905514e+03 5.942562e+03 6.202841e+03 6.165793e+03
9.0 6.065285e+03 6.010776e+03 6.168761e+03 6.223271e+03
10.0 5.563542e+03 5.475016e+03 6.112224e+03 6.200750e+03
11.0 5.776688e+03 5.788647e+03 6.071901e+03 6.059943e+03
12.0 5.819586e+03 5.762768e+03 6.050407e+03 6.107225e+03
13.0 5.533559e+03 5.600011e+03 6.041153e+03 5.974701e+03
14.0 5.660364e+03 5.609514e+03 6.039186e+03 6.090037e+03
15.0 5.662831e+03 5.646626e+03 6.041289e+03 6.057494e+03
16.0 5.576239e+03 5.592135e+03 6.045017e+03 6.029121e+03
17.0 5.589155e+03 5.565112e+03 6.048710e+03 6.072753e+03
0.1 5.629079e+03 5.553743e+03 6.123669e+03 6.199005e+03
1.1 5.490913e+03 5.456823e+03 6.091812e+03 6.125902e+03
2.1 5.658717e+03 5.581662e+03 6.155068e+03 6.232124e+03
3.1 5.905514e+03 5.942562e+03 6.202841e+03 6.165793e+03
4.1 6.065285e+03 6.010776e+03 6.168761e+03 6.223271e+03
5.1 5.563542e+03 5.475016e+03 6.112224e+03 6.200750e+03
6.1 5.776688e+03 5.788647e+03 6.071901e+03 6.059943e+03
7.1 5.819586e+03 5.762768e+03 6.050407e+03 6.107225e+03
8.1 5.533559e+03 5.600011e+03 6.041153e+03 5.974701e+03
9.1 5.660364e+03 5.609514e+03 6.039186e+03 6.090037e+03
10.1 5.662831e+03 5.646626e+03 6.041289e+03 6.057494e+03
11.1 5.576239e+03 5.592135e+03 6.045017e+03 6.029121e+03
12.1 5.589155e+03 5.565112e+03 6.048710e+03 6.072753e+03
