0.2 5.017828e+03 4.996229e+03 3.834425e+03 3.856024e+03
1.2 5.034331e+03 5.015846e+03 3.835277e+03 3.853762e+03
2.2 4.883780e+03 4.977068e+03 3.843862e+03 3.750574e+03
3.2 4.797199e+03 5.029899e+03 3.857643e+03 3.624944e+03
4.2 4.965252e+03 5.121087e+03 3.860328e+03 3.704493e+03
5.2 5.005826e+03 5.121615e+03 3.852341e+03 3.736551e+03
6.2 5.085152e+03 5.104461e+03 3.843217e+03 3.823908e+03
7.2 5.140789e+03 5.037380e+03 3.837807e+03 3.941216e+03
8.2 5.042605e+03 5.037884e+03 3.842750e+03 3.847472e+03
9.2 5.063233e+03 5.065734e+03 3.855173e+03 3.852672e+03
10.2 5.196993e+03 5.108258e+03 3.857999e+03 3.946734e+03
11.2 5.285212e+03 5.144761e+03 3.850536e+03 3.990987e+03
12.2 5.506977e+03 5.177774e+03 3.841941e+03 4.171144e+03
13.2 5.348463e+03 5.069078e+03 3.836904e+03 4.116290e+03
14.2 5.122692e+03 5.053794e+03 3.841893e+03 3.910791e+03
15.2 5.097131e+03 5.035038e+03 3.855171e+03 3.917265e+03
16.2 5.171969e+03 5.138738e+03 3.859678e+03 3.892910e+03
17.2 5.229146e+03 5.161097e+03 3.852546e+03 3.920595e+03
18.2 5.261861e+03 5.148407e+03 3.843295e+03 3.956750e+03
19.2 5.178403e+03 5.113239e+03 3.837231e+03 3.902396e+03
20.2 5.076689e+03 5.113136e+03 3.840291e+03 3.803843e+03
21.2 5.198481e+03 5.111898e+03 3.852868e+03 3.939451e+03
0.1 5.085152e+03 5.104461e+03 3.843217e+03 3.823908e+03
1.1 5.140789e+03 5.037380e+03 3.837807e+03 3.941216e+03
2.1 5.042605e+03 5.037884e+03 3.842750e+03 3.847472e+03
3.1 5.063233e+03 5.065734e+03 3.855173e+03 3.852672e+03
4.1 5.196993e+03 5.108258e+03 3.857999e+03 3.946734e+03
5.1 5.285212e+03 5.144761e+03 3.850536e+03 3.990987e+03
6.1 5.506977e+03 5.177774e+03 3.841941e+03 4.171144e+03
7.1 5.348463e+03 5.069078e+03 3.836904e+03 4.116290e+03
8.1 5.122692e+03 5.053794e+03 3.841893e+03 3.910791e+03
9.1 5.097131e+03 5.035038e+03 3.855171e+03 3.917265e+03
10.1 5.171969e+03 5.138738e+03 3.859678e+03 3.892910e+03
11.1 5.229146e+03 5.161097e+03 3.852546e+03 3.920595e+03
12.1 5.261861e+03 5.148407e+03 3.843295e+03 3.956750e+03
13.1 5.178403e+03 5.113239e+03 3.837231e+03 3.902396e+03
14.1 5.076689e+03 5.113136e+03 3.840291e+03 3.803843e+03
15.1 5.198481e+03 5.111898e+03 3.852868e+03 3.939451e+03
16.1 5.252143e+03 5.158274e+03 3.858201e+03 3.952069e+03
17.1 5.254108e+03 5.213267e+03 3.853494e+03 3.894335e+03
18.1 4.955977e+03 5.200237e+03 3.855017e+03 3.610757e+03
19.1 5.054609e+03 5.208211e+03 3.861687e+03 3.708086e+03
20.1 5.089002e+03 5.224684e+03 3.858640e+03 3.722958e+03
21.1 5.093466e+03 5.255938e+03 3.852492e+03 3.690020e+03
0.1 5.506977e+03 5.177774e+03 3.841941e+03 4.171144e+03
1.1 5.348463e+03 5.069078e+03 3.836904e+03 4.116290e+03
2.1 5.122692e+03 5.053794e+03 3.841893e+03 3.910791e+03
3.1 5.097131e+03 5.035038e+03 3.855171e+03 3.917265e+03
4.1 5.171969e+03 5.138738e+03 3.859678e+03 3.892910e+03
5.1 5.229146e+03 5.161097e+03 3.852546e+03 3.920595e+03
6.1 5.261861e+03 5.148407e+03 3.843295e+03 3.956750e+03
7.1 5.178403e+03 5.113239e+03 3.837231e+03 3.902396e+03
8.1 5.076689e+03 5.113136e+03 3.840291e+03 3.803843e+03
9.1 5.198481e+03 5.111898e+03 3.852868e+03 3.939451e+03
10.1 5.252143e+03 5.158274e+03 3.858201e+03 3.952069e+03
11.1 5.254108e+03 5.213267e+03 3.853494e+03 3.894335e+03
12.1 4.955977e+03 5.200237e+03 3.855017e+03 3.610757e+03
13.1 5.054609e+03 5.208211e+03 3.861687e+03 3.708086e+03
14.1 5.089002e+03 5.224684e+03 3.858640e+03 3.722958e+03
15.1 5.093466e+03 5.255938e+03 3.852492e+03 3.690020e+03
16.1 5.091731e+03 5.249072e+03 3.856711e+03 3.699370e+03
17.1 5.132488e+03 5.240600e+03 3.860568e+03 3.752456e+03
18.1 5.249786e+03 5.326447e+03 3.854580e+03 3.777919e+03
19.1 5.240154e+03 5.323202e+03 3.852434e+03 3.769386e+03
20.1 5.135527e+03 5.277903e+03 3.859044e+03 3.716668e+03
21.1 5.234791e+03 5.348479e+03 3.858751e+03 3.745063e+03
1.0 5.178403e+03 5.113239e+03 3.837231e+03 3.902396e+03
2.0 5.076689e+03 5.113136e+03 3.840291e+03 3.803843e+03
3.0 5.198481e+03 5.111898e+03 3.852868e+03 3.939451e+03
4.0 5.252143e+03 5.158274e+03 3.858201e+03 3.952069e+03
5.0 5.254108e+03 5.213267e+03 3.853494e+03 3.894335e+03
6.0 4.955977e+03 5.200237e+03 3.855017e+03 3.610757e+03
7.0 5.054609e+03 5.208211e+03 3.861687e+03 3.708086e+03
8.0 5.089002e+03 5.224684e+03 3.858640e+03 3.722958e+03
9.0 5.093466e+03 5.255938e+03 3.852492e+03 3.690020e+03
10.0 5.091731e+03 5.249072e+03 3.856711e+03 3.699370e+03
11.0 5.132488e+03 5.240600e+03 3.860568e+03 3.752456e+03
12.0 5.249786e+03 5.326447e+03 3.854580e+03 3.777919e+03
13.0 5.240154e+03 5.323202e+03 3.852434e+03 3.769386e+03
14.0 5.135527e+03 5.277903e+03 3.859044e+03 3.716668e+03
15.0 5.234791e+03 5.348479e+03 3.858751e+03 3.745063e+03
16.0 5.268667e+03 5.376393e+03 3.849643e+03 3.741917e+03
17.0 5.230992e+03 5.318792e+03 3.841463e+03 3.753663e+03
18.0 5.289276e+03 5.315062e+03 3.845125e+03 3.819340e+03
19.0 5.377377e+03 5.265102e+03 3.855828e+03 3.968103e+03
20.0 5.466665e+03 5.325425e+03 3.856472e+03 3.997712e+03
21.0 5.459391e+03 5.386369e+03 3.848282e+03 3.921304e+03
22.0 5.416360e+03 5.336824e+03 3.842056e+03 3.921592e+03
0.4 5.252143e+03 5.158274e+03 3.858201e+03 3.952069e+03
1.4 5.254108e+03 5.213267e+03 3.853494e+03 3.894335e+03
2.4 4.955977e+03 5.200237e+03 3.855017e+03 3.610757e+03
3.4 5.054609e+03 5.208211e+03 3.861687e+03 3.708086e+03
4.4 5.089002e+03 5.224684e+03 3.858640e+03 3.722958e+03
5.4 5.093466e+03 5.255938e+03 3.852492e+03 3.690020e+03
6.4 5.091731e+03 5.249072e+03 3.856711e+03 3.699370e+03
7.3 5.132488e+03 5.240600e+03 3.860568e+03 3.752456e+03
8.3 5.249786e+03 5.326447e+03 3.854580e+03 3.777919e+03
9.3 5.240154e+03 5.323202e+03 3.852434e+03 3.769386e+03
10.3 5.135527e+03 5.277903e+03 3.859044e+03 3.716668e+03
11.3 5.234791e+03 5.348479e+03 3.858751e+03 3.745063e+03
12.3 5.268667e+03 5.376393e+03 3.849643e+03 3.741917e+03
13.3 5.230992e+03 5.318792e+03 3.841463e+03 3.753663e+03
14.3 5.289276e+03 5.315062e+03 3.845125e+03 3.819340e+03
15.3 5.377377e+03 5.265102e+03 3.855828e+03 3.968103e+03
16.3 5.466665e+03 5.325425e+03 3.856472e+03 3.997712e+03
17.3 5.459391e+03 5.386369e+03 3.848282e+03 3.921304e+03
18.3 5.416360e+03 5.336824e+03 3.842056e+03 3.921592e+03
19.3 5.329769e+03 5.323334e+03 3.848066e+03 3.854501e+03
20.3 5.337425e+03 5.379152e+03 3.857792e+03 3.816065e+03
21.3 5.547060e+03 5.451895e+03 3.856170e+03 3.951334e+03
0.7 5.089002e+03 5.224684e+03 3.858640e+03 3.722958e+03
1.7 5.093466e+03 5.255938e+03 3.852492e+03 3.690020e+03
2.7 5.091731e+03 5.249072e+03 3.856711e+03 3.699370e+03
3.7 5.132488e+03 5.240600e+03 3.860568e+03 3.752456e+03
4.7 5.249786e+03 5.326447e+03 3.854580e+03 3.777919e+03
5.7 5.240154e+03 5.323202e+03 3.852434e+03 3.769386e+03
6.7 5.135527e+03 5.277903e+03 3.859044e+03 3.716668e+03
7.7 5.234791e+03 5.348479e+03 3.858751e+03 3.745063e+03
8.7 5.268667e+03 5.376393e+03 3.849643e+03 3.741917e+03
9.7 5.230992e+03 5.318792e+03 3.841463e+03 3.753663e+03
10.7 5.289276e+03 5.315062e+03 3.845125e+03 3.819340e+03
11.7 5.377377e+03 5.265102e+03 3.855828e+03 3.968103e+03
12.7 5.466665e+03 5.325425e+03 3.856472e+03 3.997712e+03
13.7 5.459391e+03 5.386369e+03 3.848282e+03 3.921304e+03
14.7 5.416360e+03 5.336824e+03 3.842056e+03 3.921592e+03
15.7 5.329769e+03 5.323334e+03 3.848066e+03 3.854501e+03
16.7 5.337425e+03 5.379152e+03 3.857792e+03 3.816065e+03
17.7 5.547060e+03 5.451895e+03 3.856170e+03 3.951334e+03
18.7 5.485515e+03 5.498962e+03 3.852063e+03 3.838615e+03
19.7 5.393520e+03 5.473144e+03 3.857763e+03 3.778139e+03
20.7 5.352463e+03 5.483017e+03 3.861072e+03 3.730518e+03
21.7 5.416412e+03 5.503892e+03 3.853695e+03 3.766215e+03
0.1 5.132488e+03 5.240600e+03 3.860568e+03 3.752456e+03
1.1 5.249786e+03 5.326447e+03 3.854580e+03 3.777919e+03
2.1 5.240154e+03 5.323202e+03 3.852434e+03 3.769386e+03
3.1 5.135527e+03 5.277903e+03 3.859044e+03 3.716668e+03
4.1 5.234791e+03 5.348479e+03 3.858751e+03 3.745063e+03
5.1 5.268667e+03 5.376393e+03 3.849643e+03 3.741917e+03
6.1 5.230992e+03 5.318792e+03 3.841463e+03 3.753663e+03
7.1 5.289276e+03 5.315062e+03 3.845125e+03 3.819340e+03
8.1 5.377377e+03 5.265102e+03 3.855828e+03 3.968103e+03
9.1 5.466665e+03 5.325425e+03 3.856472e+03 3.997712e+03
10.1 5.459391e+03 5.386369e+03 3.848282e+03 3.921304e+03
11.1 5.416360e+03 5.336824e+03 3.842056e+03 3.921592e+03
12.1 5.329769e+03 5.323334e+03 3.848066e+03 3.854501e+03
13.1 5.337425e+03 5.379152e+03 3.857792e+03 3.816065e+03
14.1 5.547060e+03 5.451895e+03 3.856170e+03 3.951334e+03
15.1 5.485515e+03 5.498962e+03 3.852063e+03 3.838615e+03
16.1 5.393520e+03 5.473144e+03 3.857763e+03 3.778139e+03
17.1 5.352463e+03 5.483017e+03 3.861072e+03 3.730518e+03
18.1 5.416412e+03 5.503892e+03 3.853695e+03 3.766215e+03
19.1 5.458098e+03 5.497595e+03 3.843831e+03 3.804334e+03
20.1 5.412173e+03 5.431668e+03 3.843166e+03 3.823671e+03
21.1 5.470580e+03 5.394900e+03 3.853533e+03 3.929213e+03
0.3 5.268667e+03 5.376393e+03 3.849643e+03 3.741917e+03
1.3 5.230992e+03 5.318792e+03 3.841463e+03 3.753663e+03
2.3 5.289276e+03 5.315062e+03 3.845125e+03 3.819340e+03
3.3 5.377377e+03 5.265102e+03 3.855828e+03 3.968103e+03
4.3 5.466665e+03 5.325425e+03 3.856472e+03 3.997712e+03
5.3 5.459391e+03 5.386369e+03 3.848282e+03 3.921304e+03
6.3 5.416360e+03 5.336824e+03 3.842056e+03 3.921592e+03
7.3 5.329769e+03 5.323334e+03 3.848066e+03 3.854501e+03
8.3 5.337425e+03 5.379152e+03 3.857792e+03 3.816065e+03
9.3 5.547060e+03 5.451895e+03 3.856170e+03 3.951334e+03
10.3 5.485515e+03 5.498962e+03 3.852063e+03 3.838615e+03
11.3 5.393520e+03 5.473144e+03 3.857763e+03 3.778139e+03
12.3 5.352463e+03 5.483017e+03 3.861072e+03 3.730518e+03
13.3 5.416412e+03 5.503892e+03 3.853695e+03 3.766215e+03
14.3 5.458098e+03 5.497595e+03 3.843831e+03 3.804334e+03
15.3 5.412173e+03 5.431668e+03 3.843166e+03 3.823671e+03
16.3 5.470580e+03 5.394900e+03 3.853533e+03 3.929213e+03
17.3 5.485727e+03 5.468237e+03 3.857735e+03 3.875225e+03
18.3 5.682493e+03 5.526476e+03 3.850979e+03 4.006996e+03
19.3 5.695851e+03 5.488614e+03 3.842107e+03 4.049344e+03
20.3 5.642502e+03 5.464535e+03 3.836320e+03 4.014287e+03
21.3 5.508450e+03 5.415624e+03 3.839143e+03 3.931969e+03
0.4 5.459391e+03 5.386369e+03 3.848282e+03 3.921304e+03
1.4 5.416360e+03 5.336824e+03 3.842056e+03 3.921592e+03
2.4 5.329769e+03 5.323334e+03 3.848066e+03 3.854501e+03
3.4 5.337425e+03 5.379152e+03 3.857792e+03 3.816065e+03
4.4 5.547060e+03 5.451895e+03 3.856170e+03 3.951334e+03
5.4 5.485515e+03 5.498962e+03 3.852063e+03 3.838615e+03
6.4 5.393520e+03 5.473144e+03 3.857763e+03 3.778139e+03
7.4 5.352463e+03 5.483017e+03 3.861072e+03 3.730518e+03
8.4 5.416412e+03 5.503892e+03 3.853695e+03 3.766215e+03
9.4 5.458098e+03 5.497595e+03 3.843831e+03 3.804334e+03
10.4 5.412173e+03 5.431668e+03 3.843166e+03 3.823671e+03
11.4 5.470580e+03 5.394900e+03 3.853533e+03 3.929213e+03
12.4 5.485727e+03 5.468237e+03 3.857735e+03 3.875225e+03
13.4 5.682493e+03 5.526476e+03 3.850979e+03 4.006996e+03
14.4 5.695851e+03 5.488614e+03 3.842107e+03 4.049344e+03
15.4 5.642502e+03 5.464535e+03 3.836320e+03 4.014287e+03
16.4 5.508450e+03 5.415624e+03 3.839143e+03 3.931969e+03
17.4 5.462042e+03 5.506214e+03 3.851894e+03 3.807722e+03
18.4 5.446041e+03 5.527992e+03 3.858187e+03 3.776235e+03
19.4 5.562955e+03 5.583616e+03 3.852447e+03 3.831786e+03
20.4 5.466466e+03 5.558468e+03 3.843626e+03 3.751623e+03
21.4 5.473213e+03 5.527571e+03 3.837460e+03 3.783103e+03
0.8 5.547060e+03 5.451895e+03 3.856170e+03 3.951334e+03
1.8 5.485515e+03 5.498962e+03 3.852063e+03 3.838615e+03
2.8 5.393520e+03 5.473144e+03 3.857763e+03 3.778139e+03
3.8 5.352463e+03 5.483017e+03 3.861072e+03 3.730518e+03
4.8 5.416412e+03 5.503892e+03 3.853695e+03 3.766215e+03
5.8 5.458098e+03 5.497595e+03 3.843831e+03 3.804334e+03
6.8 5.412173e+03 5.431668e+03 3.843166e+03 3.823671e+03
7.8 5.470580e+03 5.394900e+03 3.853533e+03 3.929213e+03
8.8 5.485727e+03 5.468237e+03 3.857735e+03 3.875225e+03
9.8 5.682493e+03 5.526476e+03 3.850979e+03 4.006996e+03
10.8 5.695851e+03 5.488614e+03 3.842107e+03 4.049344e+03
11.8 5.642502e+03 5.464535e+03 3.836320e+03 4.014287e+03
12.8 5.508450e+03 5.415624e+03 3.839143e+03 3.931969e+03
13.8 5.462042e+03 5.506214e+03 3.851894e+03 3.807722e+03
14.8 5.446041e+03 5.527992e+03 3.858187e+03 3.776235e+03
15.8 5.562955e+03 5.583616e+03 3.852447e+03 3.831786e+03
16.8 5.466466e+03 5.558468e+03 3.843626e+03 3.751623e+03
17.8 5.473213e+03 5.527571e+03 3.837460e+03 3.783103e+03
18.8 5.348423e+03 5.470795e+03 3.839608e+03 3.717236e+03
19.8 5.488411e+03 5.478408e+03 3.851970e+03 3.861973e+03
20.8 5.686954e+03 5.579272e+03 3.858437e+03 3.966119e+03
21.8 5.702726e+03 5.666349e+03 3.852805e+03 3.889182e+03
1.0 5.458098e+03 5.497595e+03 3.843831e+03 3.804334e+03
2.0 5.412173e+03 5.431668e+03 3.843166e+03 3.823671e+03
3.0 5.470580e+03 5.394900e+03 3.853533e+03 3.929213e+03
4.0 5.485727e+03 5.468237e+03 3.857735e+03 3.875225e+03
5.0 5.682493e+03 5.526476e+03 3.850979e+03 4.006996e+03
6.0 5.695851e+03 5.488614e+03 3.842107e+03 4.049344e+03
7.0 5.642502e+03 5.464535e+03 3.836320e+03 4.014287e+03
8.0 5.508450e+03 5.415624e+03 3.839143e+03 3.931969e+03
9.0 5.462042e+03 5.506214e+03 3.851894e+03 3.807722e+03
10.0 5.446041e+03 5.527992e+03 3.858187e+03 3.776235e+03
11.0 5.562955e+03 5.583616e+03 3.852447e+03 3.831786e+03
12.0 5.466466e+03 5.558468e+03 3.843626e+03 3.751623e+03
13.0 5.473213e+03 5.527571e+03 3.837460e+03 3.783103e+03
14.0 5.348423e+03 5.470795e+03 3.839608e+03 3.717236e+03
15.0 5.488411e+03 5.478408e+03 3.851970e+03 3.861973e+03
16.0 5.686954e+03 5.579272e+03 3.858437e+03 3.966119e+03
17.0 5.702726e+03 5.666349e+03 3.852805e+03 3.889182e+03
18.0 5.682967e+03 5.612537e+03 3.843895e+03 3.914326e+03
19.0 5.630434e+03 5.581319e+03 3.837546e+03 3.886661e+03
20.0 5.401650e+03 5.535717e+03 3.839065e+03 3.704998e+03
21.0 5.167981e+03 5.481197e+03 3.851213e+03 3.537997e+03
22.0 5.300454e+03 5.553678e+03 3.858448e+03 3.605224e+03
0.9 5.642502e+03 5.464535e+03 3.836320e+03 4.014287e+03
1.9 5.508450e+03 5.415624e+03 3.839143e+03 3.931969e+03
2.9 5.462042e+03 5.506214e+03 3.851894e+03 3.807722e+03
3.9 5.446041e+03 5.527992e+03 3.858187e+03 3.776235e+03
4.9 5.562955e+03 5.583616e+03 3.852447e+03 3.831786e+03
5.9 5.466466e+03 5.558468e+03 3.843626e+03 3.751623e+03
6.9 5.473213e+03 5.527571e+03 3.837460e+03 3.783103e+03
7.9 5.348423e+03 5.470795e+03 3.839608e+03 3.717236e+03
8.9 5.488411e+03 5.478408e+03 3.851970e+03 3.861973e+03
9.9 5.686954e+03 5.579272e+03 3.858437e+03 3.966119e+03
10.9 5.702726e+03 5.666349e+03 3.852805e+03 3.889182e+03
11.9 5.682967e+03 5.612537e+03 3.843895e+03 3.914326e+03
12.9 5.630434e+03 5.581319e+03 3.837546e+03 3.886661e+03
13.9 5.401650e+03 5.535717e+03 3.839065e+03 3.704998e+03
14.9 5.167981e+03 5.481197e+03 3.851213e+03 3.537997e+03
15.9 5.300454e+03 5.553678e+03 3.858448e+03 3.605224e+03
16.9 5.462409e+03 5.634888e+03 3.853317e+03 3.680839e+03
17.9 5.414425e+03 5.590016e+03 3.844785e+03 3.669194e+03
18.9 5.330955e+03 5.552172e+03 3.844906e+03 3.623689e+03
19.9 5.312652e+03 5.493555e+03 3.855227e+03 3.674324e+03
20.9 5.484582e+03 5.588120e+03 3.858704e+03 3.755166e+03
21.9 5.551729e+03 5.629656e+03 3.853092e+03 3.775165e+03
0.9 5.473213e+03 5.527571e+03 3.837460e+03 3.783103e+03
1.9 5.348423e+03 5.470795e+03 3.839608e+03 3.717236e+03
2.9 5.488411e+03 5.478408e+03 3.851970e+03 3.861973e+03
3.9 5.686954e+03 5.579272e+03 3.858437e+03 3.966119e+03
4.9 5.702726e+03 5.666349e+03 3.852805e+03 3.889182e+03
5.9 5.682967e+03 5.612537e+03 3.843895e+03 3.914326e+03
6.9 5.630434e+03 5.581319e+03 3.837546e+03 3.886661e+03
7.9 5.401650e+03 5.535717e+03 3.839065e+03 3.704998e+03
8.9 5.167981e+03 5.481197e+03 3.851213e+03 3.537997e+03
9.9 5.300454e+03 5.553678e+03 3.858448e+03 3.605224e+03
10.9 5.462409e+03 5.634888e+03 3.853317e+03 3.680839e+03
11.9 5.414425e+03 5.590016e+03 3.844785e+03 3.669194e+03
12.9 5.330955e+03 5.552172e+03 3.844906e+03 3.623689e+03
13.9 5.312652e+03 5.493555e+03 3.855227e+03 3.674324e+03
14.9 5.484582e+03 5.588120e+03 3.858704e+03 3.755166e+03
15.9 5.551729e+03 5.629656e+03 3.853092e+03 3.775165e+03
16.9 5.589977e+03 5.571100e+03 3.854568e+03 3.873445e+03
17.9 5.701906e+03 5.590183e+03 3.861102e+03 3.972825e+03
18.9 5.757822e+03 5.609334e+03 3.857893e+03 4.006381e+03
19.9 5.779968e+03 5.646814e+03 3.852110e+03 3.985263e+03
20.9 5.624441e+03 5.602231e+03 3.856722e+03 3.878931e+03
21.9 5.563227e+03 5.528020e+03 3.860408e+03 3.895615e+03
0.8 5.630434e+03 5.581319e+03 3.837546e+03 3.886661e+03
1.8 5.401650e+03 5.535717e+03 3.839065e+03 3.704998e+03
2.8 5.167981e+03 5.481197e+03 3.851213e+03 3.537997e+03
3.8 5.300454e+03 5.553678e+03 3.858448e+03 3.605224e+03
4.8 5.462409e+03 5.634888e+03 3.853317e+03 3.680839e+03
5.8 5.414425e+03 5.590016e+03 3.844785e+03 3.669194e+03
6.8 5.330955e+03 5.552172e+03 3.844906e+03 3.623689e+03
7.8 5.312652e+03 5.493555e+03 3.855227e+03 3.674324e+03
8.8 5.484582e+03 5.588120e+03 3.858704e+03 3.755166e+03
9.8 5.551729e+03 5.629656e+03 3.853092e+03 3.775165e+03
10.8 5.589977e+03 5.571100e+03 3.854568e+03 3.873445e+03
11.8 5.701906e+03 5.590183e+03 3.861102e+03 3.972825e+03
12.8 5.757822e+03 5.609334e+03 3.857893e+03 4.006381e+03
13.8 5.779968e+03 5.646814e+03 3.852110e+03 3.985263e+03
14.8 5.624441e+03 5.602231e+03 3.856722e+03 3.878931e+03
15.8 5.563227e+03 5.528020e+03 3.860408e+03 3.895615e+03
16.8 5.583356e+03 5.555591e+03 3.854242e+03 3.882007e+03
17.8 5.410748e+03 5.390342e+03 3.852148e+03 3.872554e+03
18.8 5.403872e+03 5.332853e+03 3.858881e+03 3.929900e+03
19.8 5.691092e+03 5.427092e+03 3.858679e+03 4.122679e+03
20.8 5.641950e+03 5.370206e+03 3.849623e+03 4.121367e+03
21.8 5.428766e+03 5.295619e+03 3.840302e+03 3.973449e+03
1.0 5.414425e+03 5.590016e+03 3.844785e+03 3.669194e+03
2.0 5.330955e+03 5.552172e+03 3.844906e+03 3.623689e+03
3.0 5.312652e+03 5.493555e+03 3.855227e+03 3.674324e+03
4.0 5.484582e+03 5.588120e+03 3.858704e+03 3.755166e+03
5.0 5.551729e+03 5.629656e+03 3.853092e+03 3.775165e+03
6.0 5.589977e+03 5.571100e+03 3.854568e+03 3.873445e+03
7.0 5.701906e+03 5.590183e+03 3.861102e+03 3.972825e+03
8.0 5.757822e+03 5.609334e+03 3.857893e+03 4.006381e+03
9.0 5.779968e+03 5.646814e+03 3.852110e+03 3.985263e+03
10.0 5.624441e+03 5.602231e+03 3.856722e+03 3.878931e+03
11.0 5.563227e+03 5.528020e+03 3.860408e+03 3.895615e+03
12.0 5.583356e+03 5.555591e+03 3.854242e+03 3.882007e+03
13.0 5.410748e+03 5.390342e+03 3.852148e+03 3.872554e+03
14.0 5.403872e+03 5.332853e+03 3.858881e+03 3.929900e+03
15.0 5.691092e+03 5.427092e+03 3.858679e+03 4.122679e+03
16.0 5.641950e+03 5.370206e+03 3.849623e+03 4.121367e+03
17.0 5.428766e+03 5.295619e+03 3.840302e+03 3.973449e+03
18.0 5.601414e+03 5.231462e+03 3.834512e+03 4.204464e+03
19.0 5.584073e+03 5.149804e+03 3.832035e+03 4.266304e+03
20.0 5.457600e+03 5.133887e+03 3.836891e+03 4.160603e+03
21.0 5.326950e+03 5.094545e+03 3.851034e+03 4.083439e+03
22.0 5.176369e+03 5.039255e+03 3.858540e+03 3.995654e+03
0.4 5.484582e+03 5.588120e+03 3.858704e+03 3.755166e+03
1.4 5.551729e+03 5.629656e+03 3.853092e+03 3.775165e+03
2.4 5.589977e+03 5.571100e+03 3.854568e+03 3.873445e+03
3.4 5.701906e+03 5.590183e+03 3.861102e+03 3.972825e+03
4.4 5.757822e+03 5.609334e+03 3.857893e+03 4.006381e+03
5.4 5.779968e+03 5.646814e+03 3.852110e+03 3.985263e+03
6.4 5.624441e+03 5.602231e+03 3.856722e+03 3.878931e+03
7.4 5.563227e+03 5.528020e+03 3.860408e+03 3.895615e+03
8.4 5.583356e+03 5.555591e+03 3.854242e+03 3.882007e+03
9.4 5.410748e+03 5.390342e+03 3.852148e+03 3.872554e+03
10.4 5.403872e+03 5.332853e+03 3.858881e+03 3.929900e+03
11.4 5.691092e+03 5.427092e+03 3.858679e+03 4.122679e+03
12.4 5.641950e+03 5.370206e+03 3.849623e+03 4.121367e+03
13.4 5.428766e+03 5.295619e+03 3.840302e+03 3.973449e+03
14.4 5.601414e+03 5.231462e+03 3.834512e+03 4.204464e+03
15.4 5.584073e+03 5.149804e+03 3.832035e+03 4.266304e+03
16.4 5.457600e+03 5.133887e+03 3.836891e+03 4.160603e+03
17.4 5.326950e+03 5.094545e+03 3.851034e+03 4.083439e+03
18.4 5.176369e+03 5.039255e+03 3.858540e+03 3.995654e+03
19.4 4.133311e+03 4.169666e+03 3.853358e+03 3.817003e+03
20.4 4.787556e+03 4.867811e+03 3.845039e+03 3.764784e+03
21.4 5.110407e+03 4.842540e+03 3.845807e+03 4.113673e+03
0.8 5.757822e+03 5.609334e+03 3.857893e+03 4.006381e+03
1.8 5.779968e+03 5.646814e+03 3.852110e+03 3.985263e+03
2.8 5.624441e+03 5.602231e+03 3.856722e+03 3.878931e+03
3.8 5.563227e+03 5.528020e+03 3.860408e+03 3.895615e+03
4.8 5.583356e+03 5.555591e+03 3.854242e+03 3.882007e+03
5.8 5.410748e+03 5.390342e+03 3.852148e+03 3.872554e+03
6.8 5.403872e+03 5.332853e+03 3.858881e+03 3.929900e+03
7.8 5.691092e+03 5.427092e+03 3.858679e+03 4.122679e+03
8.8 5.641950e+03 5.370206e+03 3.849623e+03 4.121367e+03
9.8 5.428766e+03 5.295619e+03 3.840302e+03 3.973449e+03
10.8 5.601414e+03 5.231462e+03 3.834512e+03 4.204464e+03
11.8 5.584073e+03 5.149804e+03 3.832035e+03 4.266304e+03
12.8 5.457600e+03 5.133887e+03 3.836891e+03 4.160603e+03
13.8 5.326950e+03 5.094545e+03 3.851034e+03 4.083439e+03
14.8 5.176369e+03 5.039255e+03 3.858540e+03 3.995654e+03
15.8 4.133311e+03 4.169666e+03 3.853358e+03 3.817003e+03
16.8 4.787556e+03 4.867811e+03 3.845039e+03 3.764784e+03
17.8 5.110407e+03 4.842540e+03 3.845807e+03 4.113673e+03
18.8 4.980247e+03 4.746968e+03 3.856082e+03 4.089362e+03
19.8 5.261180e+03 4.703442e+03 3.858689e+03 4.416427e+03
20.8 4.860253e+03 4.522249e+03 3.852956e+03 4.190961e+03
21.8 5.016299e+03 4.697504e+03 3.855020e+03 4.173815e+03
0.1 5.563227e+03 5.528020e+03 3.860408e+03 3.895615e+03
1.1 5.583356e+03 5.555591e+03 3.854242e+03 3.882007e+03
2.1 5.410748e+03 5.390342e+03 3.852148e+03 3.872554e+03
3.1 5.403872e+03 5.332853e+03 3.858881e+03 3.929900e+03
4.1 5.691092e+03 5.427092e+03 3.858679e+03 4.122679e+03
5.1 5.641950e+03 5.370206e+03 3.849623e+03 4.121367e+03
6.1 5.428766e+03 5.295619e+03 3.840302e+03 3.973449e+03
7.1 5.601414e+03 5.231462e+03 3.834512e+03 4.204464e+03
8.1 5.584073e+03 5.149804e+03 3.832035e+03 4.266304e+03
9.1 5.457600e+03 5.133887e+03 3.836891e+03 4.160603e+03
10.1 5.326950e+03 5.094545e+03 3.851034e+03 4.083439e+03
11.1 5.176369e+03 5.039255e+03 3.858540e+03 3.995654e+03
12.1 4.133311e+03 4.169666e+03 3.853358e+03 3.817003e+03
13.1 4.787556e+03 4.867811e+03 3.845039e+03 3.764784e+03
14.1 5.110407e+03 4.842540e+03 3.845807e+03 4.113673e+03
15.1 4.980247e+03 4.746968e+03 3.856082e+03 4.089362e+03
16.1 5.261180e+03 4.703442e+03 3.858689e+03 4.416427e+03
17.1 4.860253e+03 4.522249e+03 3.852956e+03 4.190961e+03
18.1 5.016299e+03 4.697504e+03 3.855020e+03 4.173815e+03
19.1 4.574845e+03 4.609672e+03 3.861261e+03 3.826434e+03
20.1 4.803330e+03 4.710552e+03 3.857322e+03 3.950099e+03
21.1 4.673544e+03 4.798301e+03 3.847096e+03 3.722339e+03
0.9 5.584073e+03 5.149804e+03 3.832035e+03 4.266304e+03
1.9 5.457600e+03 5.133887e+03 3.836891e+03 4.160603e+03
2.9 5.326950e+03 5.094545e+03 3.851034e+03 4.083439e+03
3.9 5.176369e+03 5.039255e+03 3.858540e+03 3.995654e+03
4.9 4.133311e+03 4.169666e+03 3.853358e+03 3.817003e+03
5.9 4.787556e+03 4.867811e+03 3.845039e+03 3.764784e+03
6.9 5.110407e+03 4.842540e+03 3.845807e+03 4.113673e+03
7.9 4.980247e+03 4.746968e+03 3.856082e+03 4.089362e+03
8.9 5.261180e+03 4.703442e+03 3.858689e+03 4.416427e+03
9.9 4.860253e+03 4.522249e+03 3.852956e+03 4.190961e+03
10.9 5.016299e+03 4.697504e+03 3.855020e+03 4.173815e+03
11.9 4.574845e+03 4.609672e+03 3.861261e+03 3.826434e+03
12.9 4.803330e+03 4.710552e+03 3.857322e+03 3.950099e+03
13.9 4.673544e+03 4.798301e+03 3.847096e+03 3.722339e+03
14.9 4.515817e+03 4.734907e+03 3.838515e+03 3.619426e+03
15.9 4.566518e+03 4.777429e+03 3.835498e+03 3.624587e+03
16.9 4.293189e+03 4.760749e+03 3.844247e+03 3.376687e+03
17.9 4.205260e+03 4.677512e+03 3.856214e+03 3.383963e+03
18.9 4.173649e+03 4.717025e+03 3.856186e+03 3.312810e+03
19.9 3.953546e+03 4.542302e+03 3.852548e+03 3.263792e+03
20.9 3.428491e+03 3.802956e+03 3.858246e+03 3.483781e+03
21.9 3.489936e+03 3.860447e+03 3.861778e+03 3.491267e+03
0.1 4.133311e+03 4.169666e+03 3.853358e+03 3.817003e+03
1.1 4.787556e+03 4.867811e+03 3.845039e+03 3.764784e+03
2.1 5.110407e+03 4.842540e+03 3.845807e+03 4.113673e+03
3.1 4.980247e+03 4.746968e+03 3.856082e+03 4.089362e+03
4.1 5.261180e+03 4.703442e+03 3.858689e+03 4.416427e+03
5.1 4.860253e+03 4.522249e+03 3.852956e+03 4.190961e+03
6.1 5.016299e+03 4.697504e+03 3.855020e+03 4.173815e+03
7.1 4.574845e+03 4.609672e+03 3.861261e+03 3.826434e+03
8.1 4.803330e+03 4.710552e+03 3.857322e+03 3.950099e+03
9.1 4.673544e+03 4.798301e+03 3.847096e+03 3.722339e+03
10.1 4.515817e+03 4.734907e+03 3.838515e+03 3.619426e+03
11.1 4.566518e+03 4.777429e+03 3.835498e+03 3.624587e+03
12.1 4.293189e+03 4.760749e+03 3.844247e+03 3.376687e+03
13.1 4.205260e+03 4.677512e+03 3.856214e+03 3.383963e+03
14.1 4.173649e+03 4.717025e+03 3.856186e+03 3.312810e+03
15.1 3.953546e+03 4.542302e+03 3.852548e+03 3.263792e+03
16.1 3.428491e+03 3.802956e+03 3.858246e+03 3.483781e+03
17.1 3.489936e+03 3.860447e+03 3.861778e+03 3.491267e+03
18.1 3.635670e+03 3.867436e+03 3.855210e+03 3.623445e+03
19.1 4.365206e+03 4.227637e+03 3.853077e+03 3.990646e+03
20.1 4.212598e+03 4.000702e+03 3.859526e+03 4.071422e+03
21.1 3.980359e+03 3.889512e+03 3.858771e+03 3.949619e+03
0.4 5.261180e+03 4.703442e+03 3.858689e+03 4.416427e+03
1.4 4.860253e+03 4.522249e+03 3.852956e+03 4.190961e+03
2.4 5.016299e+03 4.697504e+03 3.855020e+03 4.173815e+03
3.4 4.574845e+03 4.609672e+03 3.861261e+03 3.826434e+03
4.4 4.803330e+03 4.710552e+03 3.857322e+03 3.950099e+03
5.4 4.673544e+03 4.798301e+03 3.847096e+03 3.722339e+03
6.4 4.515817e+03 4.734907e+03 3.838515e+03 3.619426e+03
7.4 4.566518e+03 4.777429e+03 3.835498e+03 3.624587e+03
8.4 4.293189e+03 4.760749e+03 3.844247e+03 3.376687e+03
9.4 4.205260e+03 4.677512e+03 3.856214e+03 3.383963e+03
10.4 4.173649e+03 4.717025e+03 3.856186e+03 3.312810e+03
11.4 3.953546e+03 4.542302e+03 3.852548e+03 3.263792e+03
12.4 3.428491e+03 3.802956e+03 3.858246e+03 3.483781e+03
13.4 3.489936e+03 3.860447e+03 3.861778e+03 3.491267e+03
14.4 3.635670e+03 3.867436e+03 3.855210e+03 3.623445e+03
15.4 4.365206e+03 4.227637e+03 3.853077e+03 3.990646e+03
16.4 4.212598e+03 4.000702e+03 3.859526e+03 4.071422e+03
17.4 3.980359e+03 3.889512e+03 3.858771e+03 3.949619e+03
18.4 3.814291e+03 3.807019e+03 3.849462e+03 3.856734e+03
19.4 3.469375e+03 3.543569e+03 3.840146e+03 3.765952e+03
20.4 3.335169e+03 3.640754e+03 3.835103e+03 3.529519e+03
21.4 3.343972e+03 3.403616e+03 3.840449e+03 3.780806e+03
0.4 4.515817e+03 4.734907e+03 3.838515e+03 3.619426e+03
1.4 4.566518e+03 4.777429e+03 3.835498e+03 3.624587e+03
2.4 4.293189e+03 4.760749e+03 3.844247e+03 3.376687e+03
3.4 4.205260e+03 4.677512e+03 3.856214e+03 3.383963e+03
4.4 4.173649e+03 4.717025e+03 3.856186e+03 3.312810e+03
5.4 3.953546e+03 4.542302e+03 3.852548e+03 3.263792e+03
6.4 3.428491e+03 3.802956e+03 3.858246e+03 3.483781e+03
7.4 3.489936e+03 3.860447e+03 3.861778e+03 3.491267e+03
8.4 3.635670e+03 3.867436e+03 3.855210e+03 3.623445e+03
9.4 4.365206e+03 4.227637e+03 3.853077e+03 3.990646e+03
10.4 4.212598e+03 4.000702e+03 3.859526e+03 4.071422e+03
11.4 3.980359e+03 3.889512e+03 3.858771e+03 3.949619e+03
12.4 3.814291e+03 3.807019e+03 3.849462e+03 3.856734e+03
13.4 3.469375e+03 3.543569e+03 3.840146e+03 3.765952e+03
14.4 3.335169e+03 3.640754e+03 3.835103e+03 3.529519e+03
15.4 3.343972e+03 3.403616e+03 3.840449e+03 3.780806e+03
16.4 3.570611e+03 3.899768e+03 3.853614e+03 3.524457e+03
17.4 2.890673e+03 3.035686e+03 3.857364e+03 3.712351e+03
18.4 3.749042e+03 3.746548e+03 3.850405e+03 3.852899e+03
19.4 3.479435e+03 3.688187e+03 3.841956e+03 3.633204e+03
20.4 3.578334e+03 3.616215e+03 3.836787e+03 3.798906e+03
21.4 3.323504e+03 3.500475e+03 3.841168e+03 3.664196e+03
0.8 4.173649e+03 4.717025e+03 3.856186e+03 3.312810e+03
1.8 3.953546e+03 4.542302e+03 3.852548e+03 3.263792e+03
2.8 3.428491e+03 3.802956e+03 3.858246e+03 3.483781e+03
3.8 3.489936e+03 3.860447e+03 3.861778e+03 3.491267e+03
4.8 3.635670e+03 3.867436e+03 3.855210e+03 3.623445e+03
5.8 4.365206e+03 4.227637e+03 3.853077e+03 3.990646e+03
6.8 4.212598e+03 4.000702e+03 3.859526e+03 4.071422e+03
7.8 3.980359e+03 3.889512e+03 3.858771e+03 3.949619e+03
8.8 3.814291e+03 3.807019e+03 3.849462e+03 3.856734e+03
9.8 3.469375e+03 3.543569e+03 3.840146e+03 3.765952e+03
10.8 3.335169e+03 3.640754e+03 3.835103e+03 3.529519e+03
11.8 3.343972e+03 3.403616e+03 3.840449e+03 3.780806e+03
12.8 3.570611e+03 3.899768e+03 3.853614e+03 3.524457e+03
13.8 2.890673e+03 3.035686e+03 3.857364e+03 3.712351e+03
14.8 3.749042e+03 3.746548e+03 3.850405e+03 3.852899e+03
15.8 3.479435e+03 3.688187e+03 3.841956e+03 3.633204e+03
16.8 3.578334e+03 3.616215e+03 3.836787e+03 3.798906e+03
17.8 3.323504e+03 3.500475e+03 3.841168e+03 3.664196e+03
18.8 3.154649e+03 3.347195e+03 3.853960e+03 3.661414e+03
19.8 3.173329e+03 3.461758e+03 3.858143e+03 3.569714e+03
20.8 3.277154e+03 3.476194e+03 3.851275e+03 3.652235e+03
21.8 3.478956e+03 3.554155e+03 3.843520e+03 3.768321e+03
0.1 3.489936e+03 3.860447e+03 3.861778e+03 3.491267e+03
1.1 3.635670e+03 3.867436e+03 3.855210e+03 3.623445e+03
2.1 4.365206e+03 4.227637e+03 3.853077e+03 3.990646e+03
3.1 4.212598e+03 4.000702e+03 3.859526e+03 4.071422e+03
4.1 3.980359e+03 3.889512e+03 3.858771e+03 3.949619e+03
5.1 3.814291e+03 3.807019e+03 3.849462e+03 3.856734e+03
6.1 3.469375e+03 3.543569e+03 3.840146e+03 3.765952e+03
7.1 3.335169e+03 3.640754e+03 3.835103e+03 3.529519e+03
8.1 3.343972e+03 3.403616e+03 3.840449e+03 3.780806e+03
9.1 3.570611e+03 3.899768e+03 3.853614e+03 3.524457e+03
10.1 2.890673e+03 3.035686e+03 3.857364e+03 3.712351e+03
11.1 3.749042e+03 3.746548e+03 3.850405e+03 3.852899e+03
12.1 3.479435e+03 3.688187e+03 3.841956e+03 3.633204e+03
13.1 3.578334e+03 3.616215e+03 3.836787e+03 3.798906e+03
14.1 3.323504e+03 3.500475e+03 3.841168e+03 3.664196e+03
15.1 3.154649e+03 3.347195e+03 3.853960e+03 3.661414e+03
16.1 3.173329e+03 3.461758e+03 3.858143e+03 3.569714e+03
17.1 3.277154e+03 3.476194e+03 3.851275e+03 3.652235e+03
18.1 3.478956e+03 3.554155e+03 3.843520e+03 3.768321e+03
19.1 2.747942e+03 2.852422e+03 3.846430e+03 3.741950e+03
20.1 3.256139e+03 3.236599e+03 3.856905e+03 3.876445e+03
21.1 3.903648e+03 3.601917e+03 3.857843e+03 4.159574e+03
0.1 3.469375e+03 3.543569e+03 3.840146e+03 3.765952e+03
1.1 3.335169e+03 3.640754e+03 3.835103e+03 3.529519e+03
2.1 3.343972e+03 3.403616e+03 3.840449e+03 3.780806e+03
3.1 3.570611e+03 3.899768e+03 3.853614e+03 3.524457e+03
4.1 2.890673e+03 3.035686e+03 3.857364e+03 3.712351e+03
5.1 3.749042e+03 3.746548e+03 3.850405e+03 3.852899e+03
6.1 3.479435e+03 3.688187e+03 3.841956e+03 3.633204e+03
7.1 3.578334e+03 3.616215e+03 3.836787e+03 3.798906e+03
8.1 3.323504e+03 3.500475e+03 3.841168e+03 3.664196e+03
9.1 3.154649e+03 3.347195e+03 3.853960e+03 3.661414e+03
10.1 3.173329e+03 3.461758e+03 3.858143e+03 3.569714e+03
11.1 3.277154e+03 3.476194e+03 3.851275e+03 3.652235e+03
12.1 3.478956e+03 3.554155e+03 3.843520e+03 3.768321e+03
13.1 2.747942e+03 2.852422e+03 3.846430e+03 3.741950e+03
14.1 3.256139e+03 3.236599e+03 3.856905e+03 3.876445e+03
15.1 3.903648e+03 3.601917e+03 3.857843e+03 4.159574e+03
16.1 3.453925e+03 3.399778e+03 3.852436e+03 3.906583e+03
17.1 3.882396e+03 3.567268e+03 3.856073e+03 4.171202e+03
18.1 3.864840e+03 3.620211e+03 3.861421e+03 4.106050e+03
19.1 3.420801e+03 3.241850e+03 3.856016e+03 4.034967e+03
20.1 3.543884e+03 3.259769e+03 3.845667e+03 4.129782e+03
21.1 3.490085e+03 3.269215e+03 3.837619e+03 4.058488e+03
0.1 3.479435e+03 3.688187e+03 3.841956e+03 3.633204e+03
1.1 3.578334e+03 3.616215e+03 3.836787e+03 3.798906e+03
2.1 3.323504e+03 3.500475e+03 3.841168e+03 3.664196e+03
3.1 3.154649e+03 3.347195e+03 3.853960e+03 3.661414e+03
4.1 3.173329e+03 3.461758e+03 3.858143e+03 3.569714e+03
5.1 3.277154e+03 3.476194e+03 3.851275e+03 3.652235e+03
6.1 3.478956e+03 3.554155e+03 3.843520e+03 3.768321e+03
7.1 2.747942e+03 2.852422e+03 3.846430e+03 3.741950e+03
8.1 3.256139e+03 3.236599e+03 3.856905e+03 3.876445e+03
9.1 3.903648e+03 3.601917e+03 3.857843e+03 4.159574e+03
10.1 3.453925e+03 3.399778e+03 3.852436e+03 3.906583e+03
11.1 3.882396e+03 3.567268e+03 3.856073e+03 4.171202e+03
12.1 3.864840e+03 3.620211e+03 3.861421e+03 4.106050e+03
13.1 3.420801e+03 3.241850e+03 3.856016e+03 4.034967e+03
14.1 3.543884e+03 3.259769e+03 3.845667e+03 4.129782e+03
15.1 3.490085e+03 3.269215e+03 3.837619e+03 4.058488e+03
16.1 3.031487e+03 2.638455e+03 3.835970e+03 4.229003e+03
17.1 3.350914e+03 2.979333e+03 3.846244e+03 4.217825e+03
18.1 3.099212e+03 2.886385e+03 3.857044e+03 4.069871e+03
19.1 3.346750e+03 3.130454e+03 3.855410e+03 4.071705e+03
20.1 3.340249e+03 3.225055e+03 3.852789e+03 3.967983e+03
21.1 3.046907e+03 2.962195e+03 3.859334e+03 3.944046e+03
0.2 3.277154e+03 3.476194e+03 3.851275e+03 3.652235e+03
1.2 3.478956e+03 3.554155e+03 3.843520e+03 3.768321e+03
2.2 2.747942e+03 2.852422e+03 3.846430e+03 3.741950e+03
3.2 3.256139e+03 3.236599e+03 3.856905e+03 3.876445e+03
4.2 3.903648e+03 3.601917e+03 3.857843e+03 4.159574e+03
5.2 3.453925e+03 3.399778e+03 3.852436e+03 3.906583e+03
6.2 3.882396e+03 3.567268e+03 3.856073e+03 4.171202e+03
7.2 3.864840e+03 3.620211e+03 3.861421e+03 4.106050e+03
8.2 3.420801e+03 3.241850e+03 3.856016e+03 4.034967e+03
9.2 3.543884e+03 3.259769e+03 3.845667e+03 4.129782e+03
10.2 3.490085e+03 3.269215e+03 3.837619e+03 4.058488e+03
11.2 3.031487e+03 2.638455e+03 3.835970e+03 4.229003e+03
12.2 3.350914e+03 2.979333e+03 3.846244e+03 4.217825e+03
13.2 3.099212e+03 2.886385e+03 3.857044e+03 4.069871e+03
14.2 3.346750e+03 3.130454e+03 3.855410e+03 4.071705e+03
15.2 3.340249e+03 3.225055e+03 3.852789e+03 3.967983e+03
16.2 3.046907e+03 2.962195e+03 3.859334e+03 3.944046e+03
17.2 3.361632e+03 3.276873e+03 3.861302e+03 3.946061e+03
18.2 3.251837e+03 3.275413e+03 3.854223e+03 3.830647e+03
19.2 3.107880e+03 3.228941e+03 3.853769e+03 3.732708e+03
20.2 3.179457e+03 3.189874e+03 3.860147e+03 3.849730e+03
21.2 3.251108e+03 3.154844e+03 3.857806e+03 3.954070e+03
0.6 3.903648e+03 3.601917e+03 3.857843e+03 4.159574e+03
1.6 3.453925e+03 3.399778e+03 3.852436e+03 3.906583e+03
2.6 3.882396e+03 3.567268e+03 3.856073e+03 4.171202e+03
3.6 3.864840e+03 3.620211e+03 3.861421e+03 4.106050e+03
4.6 3.420801e+03 3.241850e+03 3.856016e+03 4.034967e+03
5.6 3.543884e+03 3.259769e+03 3.845667e+03 4.129782e+03
6.6 3.490085e+03 3.269215e+03 3.837619e+03 4.058488e+03
7.6 3.031487e+03 2.638455e+03 3.835970e+03 4.229003e+03
8.6 3.350914e+03 2.979333e+03 3.846244e+03 4.217825e+03
9.6 3.099212e+03 2.886385e+03 3.857044e+03 4.069871e+03
10.6 3.346750e+03 3.130454e+03 3.855410e+03 4.071705e+03
11.6 3.340249e+03 3.225055e+03 3.852789e+03 3.967983e+03
12.6 3.046907e+03 2.962195e+03 3.859334e+03 3.944046e+03
13.6 3.361632e+03 3.276873e+03 3.861302e+03 3.946061e+03
14.6 3.251837e+03 3.275413e+03 3.854223e+03 3.830647e+03
15.6 3.107880e+03 3.228941e+03 3.853769e+03 3.732708e+03
16.6 3.179457e+03 3.189874e+03 3.860147e+03 3.849730e+03
17.6 3.251108e+03 3.154844e+03 3.857806e+03 3.954070e+03
18.6 3.129510e+03 2.886519e+03 3.851638e+03 4.094629e+03
19.6 2.990992e+03 3.009469e+03 3.855666e+03 3.837189e+03
20.6 3.006177e+03 3.051843e+03 3.860287e+03 3.814621e+03
21.6 3.340429e+03 3.197509e+03 3.854281e+03 3.997201e+03
0.5 3.490085e+03 3.269215e+03 3.837619e+03 4.058488e+03
1.5 3.031487e+03 2.638455e+03 3.835970e+03 4.229003e+03
2.5 3.350914e+03 2.979333e+03 3.846244e+03 4.217825e+03
3.5 3.099212e+03 2.886385e+03 3.857044e+03 4.069871e+03
4.5 3.346750e+03 3.130454e+03 3.855410e+03 4.071705e+03
5.5 3.340249e+03 3.225055e+03 3.852789e+03 3.967983e+03
6.5 3.046907e+03 2.962195e+03 3.859334e+03 3.944046e+03
7.5 3.361632e+03 3.276873e+03 3.861302e+03 3.946061e+03
8.5 3.251837e+03 3.275413e+03 3.854223e+03 3.830647e+03
9.5 3.107880e+03 3.228941e+03 3.853769e+03 3.732708e+03
10.5 3.179457e+03 3.189874e+03 3.860147e+03 3.849730e+03
11.5 3.251108e+03 3.154844e+03 3.857806e+03 3.954070e+03
12.5 3.129510e+03 2.886519e+03 3.851638e+03 4.094629e+03
13.5 2.990992e+03 3.009469e+03 3.855666e+03 3.837189e+03
14.5 3.006177e+03 3.051843e+03 3.860287e+03 3.814621e+03
15.5 3.340429e+03 3.197509e+03 3.854281e+03 3.997201e+03
16.5 3.189825e+03 2.973641e+03 3.844364e+03 4.060548e+03
17.5 2.952443e+03 3.034163e+03 3.841984e+03 3.760264e+03
18.5 3.002789e+03 3.105200e+03 3.851783e+03 3.749372e+03
19.5 3.060486e+03 2.999239e+03 3.857847e+03 3.919093e+03
20.5 3.027342e+03 3.124725e+03 3.853078e+03 3.755695e+03
21.5 2.944488e+03 3.022563e+03 3.852659e+03 3.774584e+03
0.9 3.346750e+03 3.130454e+03 3.855410e+03 4.071705e+03
1.9 3.340249e+03 3.225055e+03 3.852789e+03 3.967983e+03
2.9 3.046907e+03 2.962195e+03 3.859334e+03 3.944046e+03
3.9 3.361632e+03 3.276873e+03 3.861302e+03 3.946061e+03
4.9 3.251837e+03 3.275413e+03 3.854223e+03 3.830647e+03
5.9 3.107880e+03 3.228941e+03 3.853769e+03 3.732708e+03
6.9 3.179457e+03 3.189874e+03 3.860147e+03 3.849730e+03
7.9 3.251108e+03 3.154844e+03 3.857806e+03 3.954070e+03
8.9 3.129510e+03 2.886519e+03 3.851638e+03 4.094629e+03
9.9 2.990992e+03 3.009469e+03 3.855666e+03 3.837189e+03
10.9 3.006177e+03 3.051843e+03 3.860287e+03 3.814621e+03
11.9 3.340429e+03 3.197509e+03 3.854281e+03 3.997201e+03
12.9 3.189825e+03 2.973641e+03 3.844364e+03 4.060548e+03
13.9 2.952443e+03 3.034163e+03 3.841984e+03 3.760264e+03
14.9 3.002789e+03 3.105200e+03 3.851783e+03 3.749372e+03
15.9 3.060486e+03 2.999239e+03 3.857847e+03 3.919093e+03
16.9 3.027342e+03 3.124725e+03 3.853078e+03 3.755695e+03
17.9 2.944488e+03 3.022563e+03 3.852659e+03 3.774584e+03
18.9 2.830062e+03 2.943745e+03 3.859930e+03 3.746247e+03
19.9 2.853565e+03 2.958183e+03 3.859139e+03 3.754521e+03
20.9 2.957011e+03 2.964746e+03 3.849706e+03 3.841971e+03
21.9 2.911069e+03 2.929285e+03 3.841898e+03 3.823683e+03
0.3 3.361632e+03 3.276873e+03 3.861302e+03 3.946061e+03
1.3 3.251837e+03 3.275413e+03 3.854223e+03 3.830647e+03
2.3 3.107880e+03 3.228941e+03 3.853769e+03 3.732708e+03
3.3 3.179457e+03 3.189874e+03 3.860147e+03 3.849730e+03
4.3 3.251108e+03 3.154844e+03 3.857806e+03 3.954070e+03
5.3 3.129510e+03 2.886519e+03 3.851638e+03 4.094629e+03
6.3 2.990992e+03 3.009469e+03 3.855666e+03 3.837189e+03
7.3 3.006177e+03 3.051843e+03 3.860287e+03 3.814621e+03
8.3 3.340429e+03 3.197509e+03 3.854281e+03 3.997201e+03
9.3 3.189825e+03 2.973641e+03 3.844364e+03 4.060548e+03
10.3 2.952443e+03 3.034163e+03 3.841984e+03 3.760264e+03
11.3 3.002789e+03 3.105200e+03 3.851783e+03 3.749372e+03
12.3 3.060486e+03 2.999239e+03 3.857847e+03 3.919093e+03
13.3 3.027342e+03 3.124725e+03 3.853078e+03 3.755695e+03
14.3 2.944488e+03 3.022563e+03 3.852659e+03 3.774584e+03
15.3 2.830062e+03 2.943745e+03 3.859930e+03 3.746247e+03
16.3 2.853565e+03 2.958183e+03 3.859139e+03 3.754521e+03
17.3 2.957011e+03 2.964746e+03 3.849706e+03 3.841971e+03
18.3 2.911069e+03 2.929285e+03 3.841898e+03 3.823683e+03
19.3 3.024938e+03 3.036241e+03 3.846454e+03 3.835152e+03
20.3 3.202931e+03 3.200419e+03 3.856646e+03 3.859158e+03
21.3 3.271338e+03 3.267029e+03 3.856086e+03 3.860395e+03
0.7 3.251108e+03 3.154844e+03 3.857806e+03 3.954070e+03
1.7 3.129510e+03 2.886519e+03 3.851638e+03 4.094629e+03
2.7 2.990992e+03 3.009469e+03 3.855666e+03 3.837189e+03
3.7 3.006177e+03 3.051843e+03 3.860287e+03 3.814621e+03
4.7 3.340429e+03 3.197509e+03 3.854281e+03 3.997201e+03
5.7 3.189825e+03 2.973641e+03 3.844364e+03 4.060548e+03
6.7 2.952443e+03 3.034163e+03 3.841984e+03 3.760264e+03
7.7 3.002789e+03 3.105200e+03 3.851783e+03 3.749372e+03
8.7 3.060486e+03 2.999239e+03 3.857847e+03 3.919093e+03
9.7 3.027342e+03 3.124725e+03 3.853078e+03 3.755695e+03
10.7 2.944488e+03 3.022563e+03 3.852659e+03 3.774584e+03
11.7 2.830062e+03 2.943745e+03 3.859930e+03 3.746247e+03
12.7 2.853565e+03 2.958183e+03 3.859139e+03 3.754521e+03
13.7 2.957011e+03 2.964746e+03 3.849706e+03 3.841971e+03
14.7 2.911069e+03 2.929285e+03 3.841898e+03 3.823683e+03
15.7 3.024938e+03 3.036241e+03 3.846454e+03 3.835152e+03
16.7 3.202931e+03 3.200419e+03 3.856646e+03 3.859158e+03
17.7 3.271338e+03 3.267029e+03 3.856086e+03 3.860395e+03
18.7 3.253853e+03 3.342215e+03 3.847527e+03 3.759165e+03
19.7 3.190708e+03 3.287044e+03 3.839474e+03 3.743138e+03
20.7 2.984990e+03 3.012122e+03 3.835906e+03 3.808774e+03
21.7 2.561881e+03 2.665239e+03 3.843346e+03 3.739988e+03
0.8 3.189825e+03 2.973641e+03 3.844364e+03 4.060548e+03
1.8 2.952443e+03 3.034163e+03 3.841984e+03 3.760264e+03
2.8 3.002789e+03 3.105200e+03 3.851783e+03 3.749372e+03
3.8 3.060486e+03 2.999239e+03 3.857847e+03 3.919093e+03
4.8 3.027342e+03 3.124725e+03 3.853078e+03 3.755695e+03
5.8 2.944488e+03 3.022563e+03 3.852659e+03 3.774584e+03
6.8 2.830062e+03 2.943745e+03 3.859930e+03 3.746247e+03
7.8 2.853565e+03 2.958183e+03 3.859139e+03 3.754521e+03
8.8 2.957011e+03 2.964746e+03 3.849706e+03 3.841971e+03
9.8 2.911069e+03 2.929285e+03 3.841898e+03 3.823683e+03
10.8 3.024938e+03 3.036241e+03 3.846454e+03 3.835152e+03
11.8 3.202931e+03 3.200419e+03 3.856646e+03 3.859158e+03
12.8 3.271338e+03 3.267029e+03 3.856086e+03 3.860395e+03
13.8 3.253853e+03 3.342215e+03 3.847527e+03 3.759165e+03
14.8 3.190708e+03 3.287044e+03 3.839474e+03 3.743138e+03
15.8 2.984990e+03 3.012122e+03 3.835906e+03 3.808774e+03
16.8 2.561881e+03 2.665239e+03 3.843346e+03 3.739988e+03
17.8 3.325237e+03 3.126514e+03 3.855844e+03 4.054566e+03
18.8 3.247835e+03 3.246790e+03 3.857046e+03 3.858091e+03
19.8 3.062812e+03 3.102314e+03 3.849082e+03 3.809581e+03
20.8 2.943901e+03 3.050098e+03 3.840880e+03 3.734683e+03
21.8 2.891160e+03 3.020087e+03 3.836810e+03 3.707883e+03
0.2 3.060486e+03 2.999239e+03 3.857847e+03 3.919093e+03
1.2 3.027342e+03 3.124725e+03 3.853078e+03 3.755695e+03
2.2 2.944488e+03 3.022563e+03 3.852659e+03 3.774584e+03
3.2 2.830062e+03 2.943745e+03 3.859930e+03 3.746247e+03
4.2 2.853565e+03 2.958183e+03 3.859139e+03 3.754521e+03
5.2 2.957011e+03 2.964746e+03 3.849706e+03 3.841971e+03
6.2 2.911069e+03 2.929285e+03 3.841898e+03 3.823683e+03
7.2 3.024938e+03 3.036241e+03 3.846454e+03 3.835152e+03
8.2 3.202931e+03 3.200419e+03 3.856646e+03 3.859158e+03
9.2 3.271338e+03 3.267029e+03 3.856086e+03 3.860395e+03
10.2 3.253853e+03 3.342215e+03 3.847527e+03 3.759165e+03
11.2 3.190708e+03 3.287044e+03 3.839474e+03 3.743138e+03
12.2 2.984990e+03 3.012122e+03 3.835906e+03 3.808774e+03
13.2 2.561881e+03 2.665239e+03 3.843346e+03 3.739988e+03
14.2 3.325237e+03 3.126514e+03 3.855844e+03 4.054566e+03
15.2 3.247835e+03 3.246790e+03 3.857046e+03 3.858091e+03
16.2 3.062812e+03 3.102314e+03 3.849082e+03 3.809581e+03
17.2 2.943901e+03 3.050098e+03 3.840880e+03 3.734683e+03
18.2 2.891160e+03 3.020087e+03 3.836810e+03 3.707883e+03
19.2 2.950855e+03 3.031948e+03 3.843586e+03 3.762493e+03
20.2 2.620286e+03 2.752496e+03 3.855951e+03 3.723742e+03
21.2 2.964513e+03 3.001096e+03 3.857393e+03 3.820810e+03
0.4 2.957011e+03 2.964746e+03 3.849706e+03 3.841971e+03
1.4 2.911069e+03 2.929285e+03 3.841898e+03 3.823683e+03
2.4 3.024938e+03 3.036241e+03 3.846454e+03 3.835152e+03
3.4 3.202931e+03 3.200419e+03 3.856646e+03 3.859158e+03
4.4 3.271338e+03 3.267029e+03 3.856086e+03 3.860395e+03
5.4 3.253853e+03 3.342215e+03 3.847527e+03 3.759165e+03
6.4 3.190708e+03 3.287044e+03 3.839474e+03 3.743138e+03
7.4 2.984990e+03 3.012122e+03 3.835906e+03 3.808774e+03
8.4 2.561881e+03 2.665239e+03 3.843346e+03 3.739988e+03
9.4 3.325237e+03 3.126514e+03 3.855844e+03 4.054566e+03
10.4 3.247835e+03 3.246790e+03 3.857046e+03 3.858091e+03
11.4 3.062812e+03 3.102314e+03 3.849082e+03 3.809581e+03
12.4 2.943901e+03 3.050098e+03 3.840880e+03 3.734683e+03
13.4 2.891160e+03 3.020087e+03 3.836810e+03 3.707883e+03
14.4 2.950855e+03 3.031948e+03 3.843586e+03 3.762493e+03
15.4 2.620286e+03 2.752496e+03 3.855951e+03 3.723742e+03
16.4 2.964513e+03 3.001096e+03 3.857393e+03 3.820810e+03
17.4 3.186449e+03 3.129057e+03 3.852618e+03 3.910010e+03
18.4 3.363081e+03 3.137263e+03 3.856819e+03 4.082638e+03
19.4 3.130604e+03 3.075883e+03 3.861969e+03 3.916689e+03
20.4 3.085493e+03 2.935422e+03 3.856479e+03 4.006550e+03
21.4 2.905473e+03 2.973292e+03 3.852219e+03 3.784400e+03
0.3 3.190708e+03 3.287044e+03 3.839474e+03 3.743138e+03
1.3 2.984990e+03 3.012122e+03 3.835906e+03 3.808774e+03
2.3 2.561881e+03 2.665239e+03 3.843346e+03 3.739988e+03
3.3 3.325237e+03 3.126514e+03 3.855844e+03 4.054566e+03
4.3 3.247835e+03 3.246790e+03 3.857046e+03 3.858091e+03
5.3 3.062812e+03 3.102314e+03 3.849082e+03 3.809581e+03
6.3 2.943901e+03 3.050098e+03 3.840880e+03 3.734683e+03
7.3 2.891160e+03 3.020087e+03 3.836810e+03 3.707883e+03
8.3 2.950855e+03 3.031948e+03 3.843586e+03 3.762493e+03
9.3 2.620286e+03 2.752496e+03 3.855951e+03 3.723742e+03
10.3 2.964513e+03 3.001096e+03 3.857393e+03 3.820810e+03
11.3 3.186449e+03 3.129057e+03 3.852618e+03 3.910010e+03
12.3 3.363081e+03 3.137263e+03 3.856819e+03 4.082638e+03
13.3 3.130604e+03 3.075883e+03 3.861969e+03 3.916689e+03
14.3 3.085493e+03 2.935422e+03 3.856479e+03 4.006550e+03
15.3 2.905473e+03 2.973292e+03 3.852219e+03 3.784400e+03
16.3 2.980739e+03 2.927220e+03 3.858179e+03 3.911699e+03
17.3 2.884721e+03 2.716288e+03 3.859799e+03 4.028232e+03
18.3 2.919514e+03 2.888077e+03 3.851549e+03 3.882987e+03
19.3 2.740316e+03 2.894745e+03 3.842445e+03 3.688016e+03
20.3 2.674905e+03 2.805147e+03 3.843982e+03 3.713739e+03
21.3 2.713604e+03 2.865435e+03 3.854769e+03 3.702937e+03
0.3 2.943901e+03 3.050098e+03 3.840880e+03 3.734683e+03
1.3 2.891160e+03 3.020087e+03 3.836810e+03 3.707883e+03
2.3 2.950855e+03 3.031948e+03 3.843586e+03 3.762493e+03
3.3 2.620286e+03 2.752496e+03 3.855951e+03 3.723742e+03
4.3 2.964513e+03 3.001096e+03 3.857393e+03 3.820810e+03
5.3 3.186449e+03 3.129057e+03 3.852618e+03 3.910010e+03
6.3 3.363081e+03 3.137263e+03 3.856819e+03 4.082638e+03
7.3 3.130604e+03 3.075883e+03 3.861969e+03 3.916689e+03
8.3 3.085493e+03 2.935422e+03 3.856479e+03 4.006550e+03
9.3 2.905473e+03 2.973292e+03 3.852219e+03 3.784400e+03
10.3 2.980739e+03 2.927220e+03 3.858179e+03 3.911699e+03
11.3 2.884721e+03 2.716288e+03 3.859799e+03 4.028232e+03
12.3 2.919514e+03 2.888077e+03 3.851549e+03 3.882987e+03
13.3 2.740316e+03 2.894745e+03 3.842445e+03 3.688016e+03
14.3 2.674905e+03 2.805147e+03 3.843982e+03 3.713739e+03
15.3 2.713604e+03 2.865435e+03 3.854769e+03 3.702937e+03
16.3 3.145544e+03 3.238100e+03 3.857204e+03 3.764647e+03
17.3 3.069888e+03 3.243972e+03 3.849625e+03 3.675541e+03
18.3 2.953704e+03 3.169992e+03 3.841028e+03 3.624739e+03
19.3 2.895576e+03 3.041926e+03 3.835984e+03 3.689634e+03
20.3 2.938316e+03 2.978982e+03 3.840590e+03 3.799925e+03
21.3 2.822980e+03 2.950792e+03 3.853598e+03 3.725786e+03
0.6 2.964513e+03 3.001096e+03 3.857393e+03 3.820810e+03
1.6 3.186449e+03 3.129057e+03 3.852618e+03 3.910010e+03
2.6 3.363081e+03 3.137263e+03 3.856819e+03 4.082638e+03
3.6 3.130604e+03 3.075883e+03 3.861969e+03 3.916689e+03
4.6 3.085493e+03 2.935422e+03 3.856479e+03 4.006550e+03
5.6 2.905473e+03 2.973292e+03 3.852219e+03 3.784400e+03
6.6 2.980739e+03 2.927220e+03 3.858179e+03 3.911699e+03
7.6 2.884721e+03 2.716288e+03 3.859799e+03 4.028232e+03
8.6 2.919514e+03 2.888077e+03 3.851549e+03 3.882987e+03
9.6 2.740316e+03 2.894745e+03 3.842445e+03 3.688016e+03
10.6 2.674905e+03 2.805147e+03 3.843982e+03 3.713739e+03
11.6 2.713604e+03 2.865435e+03 3.854769e+03 3.702937e+03
12.6 3.145544e+03 3.238100e+03 3.857204e+03 3.764647e+03
13.6 3.069888e+03 3.243972e+03 3.849625e+03 3.675541e+03
14.6 2.953704e+03 3.169992e+03 3.841028e+03 3.624739e+03
15.6 2.895576e+03 3.041926e+03 3.835984e+03 3.689634e+03
16.6 2.938316e+03 2.978982e+03 3.840590e+03 3.799925e+03
17.6 2.822980e+03 2.950792e+03 3.853598e+03 3.725786e+03
18.6 2.891096e+03 2.932691e+03 3.857939e+03 3.816344e+03
19.6 2.903425e+03 3.001541e+03 3.851170e+03 3.753054e+03
20.6 2.818643e+03 2.902573e+03 3.842519e+03 3.758589e+03
21.6 2.869699e+03 2.930114e+03 3.836983e+03 3.776569e+03
1.0 3.085493e+03 2.935422e+03 3.856479e+03 4.006550e+03
2.0 2.905473e+03 2.973292e+03 3.852219e+03 3.784400e+03
3.0 2.980739e+03 2.927220e+03 3.858179e+03 3.911699e+03
4.0 2.884721e+03 2.716288e+03 3.859799e+03 4.028232e+03
5.0 2.919514e+03 2.888077e+03 3.851549e+03 3.882987e+03
6.0 2.740316e+03 2.894745e+03 3.842445e+03 3.688016e+03
7.0 2.674905e+03 2.805147e+03 3.843982e+03 3.713739e+03
8.0 2.713604e+03 2.865435e+03 3.854769e+03 3.702937e+03
9.0 3.145544e+03 3.238100e+03 3.857204e+03 3.764647e+03
10.0 3.069888e+03 3.243972e+03 3.849625e+03 3.675541e+03
11.0 2.953704e+03 3.169992e+03 3.841028e+03 3.624739e+03
12.0 2.895576e+03 3.041926e+03 3.835984e+03 3.689634e+03
13.0 2.938316e+03 2.978982e+03 3.840590e+03 3.799925e+03
14.0 2.822980e+03 2.950792e+03 3.853598e+03 3.725786e+03
15.0 2.891096e+03 2.932691e+03 3.857939e+03 3.816344e+03
16.0 2.903425e+03 3.001541e+03 3.851170e+03 3.753054e+03
17.0 2.818643e+03 2.902573e+03 3.842519e+03 3.758589e+03
18.0 2.869699e+03 2.930114e+03 3.836983e+03 3.776569e+03
19.0 2.929851e+03 2.925719e+03 3.840611e+03 3.844742e+03
20.0 2.969963e+03 2.961695e+03 3.853330e+03 3.861598e+03
21.0 2.936652e+03 3.035583e+03 3.858289e+03 3.759358e+03
22.0 3.051952e+03 3.066984e+03 3.851799e+03 3.836767e+03
0.1 2.919514e+03 2.888077e+03 3.851549e+03 3.882987e+03
1.1 2.740316e+03 2.894745e+03 3.842445e+03 3.688016e+03
2.1 2.674905e+03 2.805147e+03 3.843982e+03 3.713739e+03
3.1 2.713604e+03 2.865435e+03 3.854769e+03 3.702937e+03
4.1 3.145544e+03 3.238100e+03 3.857204e+03 3.764647e+03
5.1 3.069888e+03 3.243972e+03 3.849625e+03 3.675541e+03
6.1 2.953704e+03 3.169992e+03 3.841028e+03 3.624739e+03
7.1 2.895576e+03 3.041926e+03 3.835984e+03 3.689634e+03
8.1 2.938316e+03 2.978982e+03 3.840590e+03 3.799925e+03
9.1 2.822980e+03 2.950792e+03 3.853598e+03 3.725786e+03
10.1 2.891096e+03 2.932691e+03 3.857939e+03 3.816344e+03
11.1 2.903425e+03 3.001541e+03 3.851170e+03 3.753054e+03
12.1 2.818643e+03 2.902573e+03 3.842519e+03 3.758589e+03
13.1 2.869699e+03 2.930114e+03 3.836983e+03 3.776569e+03
14.1 2.929851e+03 2.925719e+03 3.840611e+03 3.844742e+03
15.1 2.969963e+03 2.961695e+03 3.853330e+03 3.861598e+03
16.1 2.936652e+03 3.035583e+03 3.858289e+03 3.759358e+03
17.1 3.051952e+03 3.066984e+03 3.851799e+03 3.836767e+03
18.1 3.011402e+03 3.081997e+03 3.843008e+03 3.772413e+03
19.1 2.796979e+03 2.875939e+03 3.836858e+03 3.757897e+03
20.1 2.698950e+03 2.749809e+03 3.833527e+03 3.782667e+03
21.1 2.627249e+03 2.659535e+03 3.832088e+03 3.799802e+03
0.1 2.953704e+03 3.169992e+03 3.841028e+03 3.624739e+03
1.1 2.895576e+03 3.041926e+03 3.835984e+03 3.689634e+03
2.1 2.938316e+03 2.978982e+03 3.840590e+03 3.799925e+03
3.1 2.822980e+03 2.950792e+03 3.853598e+03 3.725786e+03
4.1 2.891096e+03 2.932691e+03 3.857939e+03 3.816344e+03
5.1 2.903425e+03 3.001541e+03 3.851170e+03 3.753054e+03
6.1 2.818643e+03 2.902573e+03 3.842519e+03 3.758589e+03
7.1 2.869699e+03 2.930114e+03 3.836983e+03 3.776569e+03
8.1 2.929851e+03 2.925719e+03 3.840611e+03 3.844742e+03
9.1 2.969963e+03 2.961695e+03 3.853330e+03 3.861598e+03
10.1 2.936652e+03 3.035583e+03 3.858289e+03 3.759358e+03
11.1 3.051952e+03 3.066984e+03 3.851799e+03 3.836767e+03
12.1 3.011402e+03 3.081997e+03 3.843008e+03 3.772413e+03
13.1 2.796979e+03 2.875939e+03 3.836858e+03 3.757897e+03
14.1 2.698950e+03 2.749809e+03 3.833527e+03 3.782667e+03
15.1 2.627249e+03 2.659535e+03 3.832088e+03 3.799802e+03
16.1 2.642101e+03 2.652497e+03 3.831815e+03 3.821419e+03
17.1 2.608115e+03 2.611559e+03 3.833604e+03 3.830160e+03
18.1 2.651465e+03 2.621423e+03 3.844248e+03 3.874290e+03
19.1 2.729411e+03 2.683552e+03 3.857902e+03 3.903761e+03
20.1 2.540313e+03 2.565286e+03 3.858993e+03 3.834019e+03
21.1 2.762452e+03 2.702220e+03 3.850624e+03 3.910855e+03
1.0 2.869699e+03 2.930114e+03 3.836983e+03 3.776569e+03
2.0 2.929851e+03 2.925719e+03 3.840611e+03 3.844742e+03
3.0 2.969963e+03 2.961695e+03 3.853330e+03 3.861598e+03
4.0 2.936652e+03 3.035583e+03 3.858289e+03 3.759358e+03
5.0 3.051952e+03 3.066984e+03 3.851799e+03 3.836767e+03
6.0 3.011402e+03 3.081997e+03 3.843008e+03 3.772413e+03
7.0 2.796979e+03 2.875939e+03 3.836858e+03 3.757897e+03
8.0 2.698950e+03 2.749809e+03 3.833527e+03 3.782667e+03
9.0 2.627249e+03 2.659535e+03 3.832088e+03 3.799802e+03
10.0 2.642101e+03 2.652497e+03 3.831815e+03 3.821419e+03
11.0 2.608115e+03 2.611559e+03 3.833604e+03 3.830160e+03
12.0 2.651465e+03 2.621423e+03 3.844248e+03 3.874290e+03
13.0 2.729411e+03 2.683552e+03 3.857902e+03 3.903761e+03
14.0 2.540313e+03 2.565286e+03 3.858993e+03 3.834019e+03
15.0 2.762452e+03 2.702220e+03 3.850624e+03 3.910855e+03
16.0 2.848022e+03 2.712710e+03 3.844353e+03 3.979665e+03
17.0 2.777976e+03 2.642010e+03 3.850344e+03 3.986311e+03
18.0 2.732927e+03 2.623072e+03 3.859056e+03 3.968911e+03
19.0 2.728988e+03 2.672116e+03 3.856190e+03 3.913062e+03
20.0 2.720728e+03 2.641771e+03 3.846889e+03 3.925845e+03
21.0 2.681064e+03 2.586631e+03 3.842577e+03 3.937010e+03
22.0 2.674732e+03 2.538814e+03 3.850887e+03 3.986805e+03
0.3 2.642101e+03 2.652497e+03 3.831815e+03 3.821419e+03
1.3 2.608115e+03 2.611559e+03 3.833604e+03 3.830160e+03
2.3 2.651465e+03 2.621423e+03 3.844248e+03 3.874290e+03
3.3 2.729411e+03 2.683552e+03 3.857902e+03 3.903761e+03
4.3 2.540313e+03 2.565286e+03 3.858993e+03 3.834019e+03
5.3 2.762452e+03 2.702220e+03 3.850624e+03 3.910855e+03
6.3 2.848022e+03 2.712710e+03 3.844353e+03 3.979665e+03
7.3 2.777976e+03 2.642010e+03 3.850344e+03 3.986311e+03
8.3 2.732927e+03 2.623072e+03 3.859056e+03 3.968911e+03
9.3 2.728988e+03 2.672116e+03 3.856190e+03 3.913062e+03
10.3 2.720728e+03 2.641771e+03 3.846889e+03 3.925845e+03
11.3 2.681064e+03 2.586631e+03 3.842577e+03 3.937010e+03
12.3 2.674732e+03 2.538814e+03 3.850887e+03 3.986805e+03
13.3 2.729314e+03 2.530281e+03 3.858592e+03 4.057625e+03
14.3 2.726936e+03 2.591538e+03 3.854270e+03 3.989668e+03
15.3 2.690000e+03 2.623411e+03 3.845140e+03 3.911730e+03
16.3 2.914098e+03 2.875647e+03 3.842767e+03 3.881218e+03
17.3 3.022091e+03 2.842454e+03 3.852392e+03 4.032030e+03
18.3 3.022994e+03 2.831556e+03 3.858614e+03 4.050052e+03
19.3 3.040138e+03 2.822803e+03 3.853005e+03 4.070341e+03
20.3 2.979069e+03 2.821785e+03 3.843785e+03 4.001069e+03
21.3 3.094139e+03 2.993378e+03 3.837152e+03 3.937912e+03
0.5 2.762452e+03 2.702220e+03 3.850624e+03 3.910855e+03
1.5 2.848022e+03 2.712710e+03 3.844353e+03 3.979665e+03
2.5 2.777976e+03 2.642010e+03 3.850344e+03 3.986311e+03
3.5 2.732927e+03 2.623072e+03 3.859056e+03 3.968911e+03
4.5 2.728988e+03 2.672116e+03 3.856190e+03 3.913062e+03
5.5 2.720728e+03 2.641771e+03 3.846889e+03 3.925845e+03
6.5 2.681064e+03 2.586631e+03 3.842577e+03 3.937010e+03
7.5 2.674732e+03 2.538814e+03 3.850887e+03 3.986805e+03
8.5 2.729314e+03 2.530281e+03 3.858592e+03 4.057625e+03
9.5 2.726936e+03 2.591538e+03 3.854270e+03 3.989668e+03
10.5 2.690000e+03 2.623411e+03 3.845140e+03 3.911730e+03
11.5 2.914098e+03 2.875647e+03 3.842767e+03 3.881218e+03
12.5 3.022091e+03 2.842454e+03 3.852392e+03 4.032030e+03
13.5 3.022994e+03 2.831556e+03 3.858614e+03 4.050052e+03
14.5 3.040138e+03 2.822803e+03 3.853005e+03 4.070341e+03
15.5 2.979069e+03 2.821785e+03 3.843785e+03 4.001069e+03
16.5 3.094139e+03 2.993378e+03 3.837152e+03 3.937912e+03
17.5 3.028646e+03 2.870616e+03 3.838110e+03 3.996140e+03
18.5 2.967748e+03 2.810520e+03 3.850096e+03 4.007325e+03
19.5 3.170864e+03 2.908932e+03 3.858182e+03 4.120114e+03
20.5 2.948098e+03 2.827766e+03 3.854429e+03 3.974761e+03
21.5 2.885846e+03 2.783974e+03 3.853828e+03 3.955700e+03
0.7 2.720728e+03 2.641771e+03 3.846889e+03 3.925845e+03
1.7 2.681064e+03 2.586631e+03 3.842577e+03 3.937010e+03
2.7 2.674732e+03 2.538814e+03 3.850887e+03 3.986805e+03
3.7 2.729314e+03 2.530281e+03 3.858592e+03 4.057625e+03
4.7 2.726936e+03 2.591538e+03 3.854270e+03 3.989668e+03
5.7 2.690000e+03 2.623411e+03 3.845140e+03 3.911730e+03
6.7 2.914098e+03 2.875647e+03 3.842767e+03 3.881218e+03
7.7 3.022091e+03 2.842454e+03 3.852392e+03 4.032030e+03
8.7 3.022994e+03 2.831556e+03 3.858614e+03 4.050052e+03
9.7 3.040138e+03 2.822803e+03 3.853005e+03 4.070341e+03
10.7 2.979069e+03 2.821785e+03 3.843785e+03 4.001069e+03
11.7 3.094139e+03 2.993378e+03 3.837152e+03 3.937912e+03
12.7 3.028646e+03 2.870616e+03 3.838110e+03 3.996140e+03
13.7 2.967748e+03 2.810520e+03 3.850096e+03 4.007325e+03
14.7 3.170864e+03 2.908932e+03 3.858182e+03 4.120114e+03
15.7 2.948098e+03 2.827766e+03 3.854429e+03 3.974761e+03
16.7 2.885846e+03 2.783974e+03 3.853828e+03 3.955700e+03
17.7 2.970697e+03 2.896031e+03 3.860864e+03 3.935530e+03
18.7 2.947501e+03 2.988442e+03 3.860087e+03 3.819146e+03
19.7 2.714364e+03 2.819274e+03 3.850476e+03 3.745566e+03
20.7 2.690206e+03 2.829672e+03 3.840814e+03 3.701348e+03
21.7 2.855873e+03 2.998653e+03 3.835417e+03 3.692637e+03
0.8 2.690000e+03 2.623411e+03 3.845140e+03 3.911730e+03
1.8 2.914098e+03 2.875647e+03 3.842767e+03 3.881218e+03
2.8 3.022091e+03 2.842454e+03 3.852392e+03 4.032030e+03
3.8 3.022994e+03 2.831556e+03 3.858614e+03 4.050052e+03
4.8 3.040138e+03 2.822803e+03 3.853005e+03 4.070341e+03
5.8 2.979069e+03 2.821785e+03 3.843785e+03 4.001069e+03
6.8 3.094139e+03 2.993378e+03 3.837152e+03 3.937912e+03
7.8 3.028646e+03 2.870616e+03 3.838110e+03 3.996140e+03
8.8 2.967748e+03 2.810520e+03 3.850096e+03 4.007325e+03
9.8 3.170864e+03 2.908932e+03 3.858182e+03 4.120114e+03
10.8 2.948098e+03 2.827766e+03 3.854429e+03 3.974761e+03
11.8 2.885846e+03 2.783974e+03 3.853828e+03 3.955700e+03
12.8 2.970697e+03 2.896031e+03 3.860864e+03 3.935530e+03
13.8 2.947501e+03 2.988442e+03 3.860087e+03 3.819146e+03
14.8 2.714364e+03 2.819274e+03 3.850476e+03 3.745566e+03
15.8 2.690206e+03 2.829672e+03 3.840814e+03 3.701348e+03
16.8 2.855873e+03 2.998653e+03 3.835417e+03 3.692637e+03
17.8 2.813976e+03 2.878314e+03 3.840283e+03 3.775944e+03
18.8 2.698834e+03 2.904087e+03 3.853398e+03 3.648146e+03
19.8 2.568193e+03 2.805669e+03 3.857516e+03 3.620040e+03
20.8 2.794740e+03 2.965694e+03 3.852900e+03 3.681946e+03
21.8 2.783711e+03 2.998004e+03 3.855765e+03 3.641473e+03
0.8 3.094139e+03 2.993378e+03 3.837152e+03 3.937912e+03
1.8 3.028646e+03 2.870616e+03 3.838110e+03 3.996140e+03
2.8 2.967748e+03 2.810520e+03 3.850096e+03 4.007325e+03
3.8 3.170864e+03 2.908932e+03 3.858182e+03 4.120114e+03
4.8 2.948098e+03 2.827766e+03 3.854429e+03 3.974761e+03
5.8 2.885846e+03 2.783974e+03 3.853828e+03 3.955700e+03
6.8 2.970697e+03 2.896031e+03 3.860864e+03 3.935530e+03
7.8 2.947501e+03 2.988442e+03 3.860087e+03 3.819146e+03
8.8 2.714364e+03 2.819274e+03 3.850476e+03 3.745566e+03
9.8 2.690206e+03 2.829672e+03 3.840814e+03 3.701348e+03
10.8 2.855873e+03 2.998653e+03 3.835417e+03 3.692637e+03
11.8 2.813976e+03 2.878314e+03 3.840283e+03 3.775944e+03
12.8 2.698834e+03 2.904087e+03 3.853398e+03 3.648146e+03
13.8 2.568193e+03 2.805669e+03 3.857516e+03 3.620040e+03
14.8 2.794740e+03 2.965694e+03 3.852900e+03 3.681946e+03
15.8 2.783711e+03 2.998004e+03 3.855765e+03 3.641473e+03
16.8 2.733014e+03 2.911044e+03 3.861927e+03 3.683897e+03
17.8 2.786166e+03 2.907083e+03 3.857562e+03 3.736645e+03
18.8 3.056940e+03 2.921036e+03 3.847170e+03 3.983073e+03
19.8 3.070581e+03 2.921229e+03 3.841940e+03 3.991292e+03
20.8 2.911021e+03 2.821269e+03 3.849791e+03 3.939543e+03
21.8 2.907382e+03 2.838421e+03 3.857860e+03 3.926821e+03
0.1 3.170864e+03 2.908932e+03 3.858182e+03 4.120114e+03
1.1 2.948098e+03 2.827766e+03 3.854429e+03 3.974761e+03
2.1 2.885846e+03 2.783974e+03 3.853828e+03 3.955700e+03
3.1 2.970697e+03 2.896031e+03 3.860864e+03 3.935530e+03
4.1 2.947501e+03 2.988442e+03 3.860087e+03 3.819146e+03
5.1 2.714364e+03 2.819274e+03 3.850476e+03 3.745566e+03
6.1 2.690206e+03 2.829672e+03 3.840814e+03 3.701348e+03
7.1 2.855873e+03 2.998653e+03 3.835417e+03 3.692637e+03
8.1 2.813976e+03 2.878314e+03 3.840283e+03 3.775944e+03
9.1 2.698834e+03 2.904087e+03 3.853398e+03 3.648146e+03
10.1 2.568193e+03 2.805669e+03 3.857516e+03 3.620040e+03
11.1 2.794740e+03 2.965694e+03 3.852900e+03 3.681946e+03
12.1 2.783711e+03 2.998004e+03 3.855765e+03 3.641473e+03
13.1 2.733014e+03 2.911044e+03 3.861927e+03 3.683897e+03
14.1 2.786166e+03 2.907083e+03 3.857562e+03 3.736645e+03
15.1 3.056940e+03 2.921036e+03 3.847170e+03 3.983073e+03
16.1 3.070581e+03 2.921229e+03 3.841940e+03 3.991292e+03
17.1 2.911021e+03 2.821269e+03 3.849791e+03 3.939543e+03
18.1 2.907382e+03 2.838421e+03 3.857860e+03 3.926821e+03
19.1 3.075448e+03 2.925701e+03 3.854419e+03 4.004166e+03
20.1 2.914855e+03 2.899754e+03 3.852165e+03 3.867266e+03
21.1 2.747288e+03 2.822658e+03 3.859049e+03 3.783679e+03
0.1 2.690206e+03 2.829672e+03 3.840814e+03 3.701348e+03
1.1 2.855873e+03 2.998653e+03 3.835417e+03 3.692637e+03
2.1 2.813976e+03 2.878314e+03 3.840283e+03 3.775944e+03
3.1 2.698834e+03 2.904087e+03 3.853398e+03 3.648146e+03
4.1 2.568193e+03 2.805669e+03 3.857516e+03 3.620040e+03
5.1 2.794740e+03 2.965694e+03 3.852900e+03 3.681946e+03
6.1 2.783711e+03 2.998004e+03 3.855765e+03 3.641473e+03
7.1 2.733014e+03 2.911044e+03 3.861927e+03 3.683897e+03
8.1 2.786166e+03 2.907083e+03 3.857562e+03 3.736645e+03
9.1 3.056940e+03 2.921036e+03 3.847170e+03 3.983073e+03
10.1 3.070581e+03 2.921229e+03 3.841940e+03 3.991292e+03
11.1 2.911021e+03 2.821269e+03 3.849791e+03 3.939543e+03
12.1 2.907382e+03 2.838421e+03 3.857860e+03 3.926821e+03
13.1 3.075448e+03 2.925701e+03 3.854419e+03 4.004166e+03
14.1 2.914855e+03 2.899754e+03 3.852165e+03 3.867266e+03
15.1 2.747288e+03 2.822658e+03 3.859049e+03 3.783679e+03
16.1 2.796074e+03 2.879703e+03 3.860212e+03 3.776582e+03
17.1 2.701489e+03 2.878497e+03 3.853252e+03 3.676243e+03
18.1 2.580261e+03 2.839221e+03 3.854004e+03 3.595044e+03
19.1 2.608734e+03 2.838549e+03 3.860265e+03 3.630450e+03
20.1 2.679100e+03 2.872996e+03 3.857092e+03 3.663195e+03
21.1 2.755198e+03 2.943825e+03 3.851494e+03 3.662867e+03
0.5 2.568193e+03 2.805669e+03 3.857516e+03 3.620040e+03
1.5 2.794740e+03 2.965694e+03 3.852900e+03 3.681946e+03
2.5 2.783711e+03 2.998004e+03 3.855765e+03 3.641473e+03
3.5 2.733014e+03 2.911044e+03 3.861927e+03 3.683897e+03
4.5 2.786166e+03 2.907083e+03 3.857562e+03 3.736645e+03
5.5 3.056940e+03 2.921036e+03 3.847170e+03 3.983073e+03
6.5 3.070581e+03 2.921229e+03 3.841940e+03 3.991292e+03
7.5 2.911021e+03 2.821269e+03 3.849791e+03 3.939543e+03
8.5 2.907382e+03 2.838421e+03 3.857860e+03 3.926821e+03
9.5 3.075448e+03 2.925701e+03 3.854419e+03 4.004166e+03
10.5 2.914855e+03 2.899754e+03 3.852165e+03 3.867266e+03
11.5 2.747288e+03 2.822658e+03 3.859049e+03 3.783679e+03
12.5 2.796074e+03 2.879703e+03 3.860212e+03 3.776582e+03
13.5 2.701489e+03 2.878497e+03 3.853252e+03 3.676243e+03
14.5 2.580261e+03 2.839221e+03 3.854004e+03 3.595044e+03
15.5 2.608734e+03 2.838549e+03 3.860265e+03 3.630450e+03
16.5 2.679100e+03 2.872996e+03 3.857092e+03 3.663195e+03
17.5 2.755198e+03 2.943825e+03 3.851494e+03 3.662867e+03
18.5 2.756483e+03 2.879187e+03 3.856316e+03 3.733612e+03
19.5 2.814080e+03 2.894045e+03 3.860169e+03 3.780204e+03
20.5 2.784180e+03 2.904118e+03 3.853437e+03 3.733499e+03
21.5 2.949497e+03 2.978087e+03 3.843639e+03 3.815049e+03
0.6 3.056940e+03 2.921036e+03 3.847170e+03 3.983073e+03
1.6 3.070581e+03 2.921229e+03 3.841940e+03 3.991292e+03
2.6 2.911021e+03 2.821269e+03 3.849791e+03 3.939543e+03
3.6 2.907382e+03 2.838421e+03 3.857860e+03 3.926821e+03
4.6 3.075448e+03 2.925701e+03 3.854419e+03 4.004166e+03
5.6 2.914855e+03 2.899754e+03 3.852165e+03 3.867266e+03
6.6 2.747288e+03 2.822658e+03 3.859049e+03 3.783679e+03
7.6 2.796074e+03 2.879703e+03 3.860212e+03 3.776582e+03
8.6 2.701489e+03 2.878497e+03 3.853252e+03 3.676243e+03
9.6 2.580261e+03 2.839221e+03 3.854004e+03 3.595044e+03
10.6 2.608734e+03 2.838549e+03 3.860265e+03 3.630450e+03
11.6 2.679100e+03 2.872996e+03 3.857092e+03 3.663195e+03
12.6 2.755198e+03 2.943825e+03 3.851494e+03 3.662867e+03
13.6 2.756483e+03 2.879187e+03 3.856316e+03 3.733612e+03
14.6 2.814080e+03 2.894045e+03 3.860169e+03 3.780204e+03
15.6 2.784180e+03 2.904118e+03 3.853437e+03 3.733499e+03
16.6 2.949497e+03 2.978087e+03 3.843639e+03 3.815049e+03
17.6 2.965208e+03 3.040127e+03 3.842129e+03 3.767211e+03
18.6 2.929968e+03 2.921900e+03 3.852353e+03 3.860421e+03
19.6 3.024718e+03 2.969319e+03 3.857776e+03 3.913175e+03
20.6 3.102272e+03 3.096964e+03 3.851723e+03 3.857031e+03
21.6 2.910745e+03 2.967457e+03 3.843310e+03 3.786599e+03
1.0 3.075448e+03 2.925701e+03 3.854419e+03 4.004166e+03
2.0 2.914855e+03 2.899754e+03 3.852165e+03 3.867266e+03
3.0 2.747288e+03 2.822658e+03 3.859049e+03 3.783679e+03
4.0 2.796074e+03 2.879703e+03 3.860212e+03 3.776582e+03
5.0 2.701489e+03 2.878497e+03 3.853252e+03 3.676243e+03
6.0 2.580261e+03 2.839221e+03 3.854004e+03 3.595044e+03
7.0 2.608734e+03 2.838549e+03 3.860265e+03 3.630450e+03
8.0 2.679100e+03 2.872996e+03 3.857092e+03 3.663195e+03
9.0 2.755198e+03 2.943825e+03 3.851494e+03 3.662867e+03
10.0 2.756483e+03 2.879187e+03 3.856316e+03 3.733612e+03
11.0 2.814080e+03 2.894045e+03 3.860169e+03 3.780204e+03
12.0 2.784180e+03 2.904118e+03 3.853437e+03 3.733499e+03
13.0 2.949497e+03 2.978087e+03 3.843639e+03 3.815049e+03
14.0 2.965208e+03 3.040127e+03 3.842129e+03 3.767211e+03
15.0 2.929968e+03 2.921900e+03 3.852353e+03 3.860421e+03
16.0 3.024718e+03 2.969319e+03 3.857776e+03 3.913175e+03
17.0 3.102272e+03 3.096964e+03 3.851723e+03 3.857031e+03
18.0 2.910745e+03 2.967457e+03 3.843310e+03 3.786599e+03
19.0 2.908318e+03 2.954053e+03 3.844391e+03 3.798656e+03
20.0 2.853823e+03 2.871860e+03 3.855098e+03 3.837061e+03
21.0 2.780421e+03 2.869123e+03 3.858081e+03 3.769379e+03
22.0 2.761130e+03 2.945609e+03 3.850598e+03 3.666119e+03
0.4 2.796074e+03 2.879703e+03 3.860212e+03 3.776582e+03
1.4 2.701489e+03 2.878497e+03 3.853252e+03 3.676243e+03
2.4 2.580261e+03 2.839221e+03 3.854004e+03 3.595044e+03
3.4 2.608734e+03 2.838549e+03 3.860265e+03 3.630450e+03
4.4 2.679100e+03 2.872996e+03 3.857092e+03 3.663195e+03
5.4 2.755198e+03 2.943825e+03 3.851494e+03 3.662867e+03
6.4 2.756483e+03 2.879187e+03 3.856316e+03 3.733612e+03
7.4 2.814080e+03 2.894045e+03 3.860169e+03 3.780204e+03
8.4 2.784180e+03 2.904118e+03 3.853437e+03 3.733499e+03
9.4 2.949497e+03 2.978087e+03 3.843639e+03 3.815049e+03
10.4 2.965208e+03 3.040127e+03 3.842129e+03 3.767211e+03
11.4 2.929968e+03 2.921900e+03 3.852353e+03 3.860421e+03
12.4 3.024718e+03 2.969319e+03 3.857776e+03 3.913175e+03
13.4 3.102272e+03 3.096964e+03 3.851723e+03 3.857031e+03
14.4 2.910745e+03 2.967457e+03 3.843310e+03 3.786599e+03
15.4 2.908318e+03 2.954053e+03 3.844391e+03 3.798656e+03
16.4 2.853823e+03 2.871860e+03 3.855098e+03 3.837061e+03
17.4 2.780421e+03 2.869123e+03 3.858081e+03 3.769379e+03
18.4 2.761130e+03 2.945609e+03 3.850598e+03 3.666119e+03
19.4 2.793569e+03 2.900396e+03 3.841706e+03 3.734879e+03
20.4 2.776146e+03 2.829553e+03 3.836232e+03 3.782824e+03
21.4 2.812041e+03 2.859142e+03 3.840051e+03 3.792951e+03
0.7 2.679100e+03 2.872996e+03 3.857092e+03 3.663195e+03
1.7 2.755198e+03 2.943825e+03 3.851494e+03 3.662867e+03
2.7 2.756483e+03 2.879187e+03 3.856316e+03 3.733612e+03
3.7 2.814080e+03 2.894045e+03 3.860169e+03 3.780204e+03
4.7 2.784180e+03 2.904118e+03 3.853437e+03 3.733499e+03
5.7 2.949497e+03 2.978087e+03 3.843639e+03 3.815049e+03
6.7 2.965208e+03 3.040127e+03 3.842129e+03 3.767211e+03
7.7 2.929968e+03 2.921900e+03 3.852353e+03 3.860421e+03
8.7 3.024718e+03 2.969319e+03 3.857776e+03 3.913175e+03
9.7 3.102272e+03 3.096964e+03 3.851723e+03 3.857031e+03
10.7 2.910745e+03 2.967457e+03 3.843310e+03 3.786599e+03
11.7 2.908318e+03 2.954053e+03 3.844391e+03 3.798656e+03
12.7 2.853823e+03 2.871860e+03 3.855098e+03 3.837061e+03
13.7 2.780421e+03 2.869123e+03 3.858081e+03 3.769379e+03
14.7 2.761130e+03 2.945609e+03 3.850598e+03 3.666119e+03
15.7 2.793569e+03 2.900396e+03 3.841706e+03 3.734879e+03
16.7 2.776146e+03 2.829553e+03 3.836232e+03 3.782824e+03
17.7 2.812041e+03 2.859142e+03 3.840051e+03 3.792951e+03
18.7 2.882716e+03 2.828735e+03 3.852971e+03 3.906952e+03
19.7 3.048412e+03 2.874811e+03 3.858083e+03 4.031684e+03
20.7 3.010642e+03 2.911209e+03 3.851691e+03 3.951125e+03
21.7 2.973680e+03 2.891323e+03 3.843718e+03 3.926075e+03
0.9 2.949497e+03 2.978087e+03 3.843639e+03 3.815049e+03
1.9 2.965208e+03 3.040127e+03 3.842129e+03 3.767211e+03
2.9 2.929968e+03 2.921900e+03 3.852353e+03 3.860421e+03
3.9 3.024718e+03 2.969319e+03 3.857776e+03 3.913175e+03
4.9 3.102272e+03 3.096964e+03 3.851723e+03 3.857031e+03
5.9 2.910745e+03 2.967457e+03 3.843310e+03 3.786599e+03
6.9 2.908318e+03 2.954053e+03 3.844391e+03 3.798656e+03
7.9 2.853823e+03 2.871860e+03 3.855098e+03 3.837061e+03
8.9 2.780421e+03 2.869123e+03 3.858081e+03 3.769379e+03
9.9 2.761130e+03 2.945609e+03 3.850598e+03 3.666119e+03
10.9 2.793569e+03 2.900396e+03 3.841706e+03 3.734879e+03
11.9 2.776146e+03 2.829553e+03 3.836232e+03 3.782824e+03
12.9 2.812041e+03 2.859142e+03 3.840051e+03 3.792951e+03
13.9 2.882716e+03 2.828735e+03 3.852971e+03 3.906952e+03
14.9 3.048412e+03 2.874811e+03 3.858083e+03 4.031684e+03
15.9 3.010642e+03 2.911209e+03 3.851691e+03 3.951125e+03
16.9 2.973680e+03 2.891323e+03 3.843718e+03 3.926075e+03
17.9 2.996749e+03 2.853853e+03 3.845885e+03 3.988781e+03
18.9 2.972115e+03 2.774131e+03 3.856439e+03 4.054424e+03
19.9 3.100364e+03 2.868782e+03 3.858117e+03 4.089698e+03
20.9 3.063844e+03 3.054010e+03 3.852577e+03 3.862411e+03
21.9 3.131627e+03 3.094095e+03 3.855629e+03 3.893162e+03
0.1 3.102272e+03 3.096964e+03 3.851723e+03 3.857031e+03
1.1 2.910745e+03 2.967457e+03 3.843310e+03 3.786599e+03
2.1 2.908318e+03 2.954053e+03 3.844391e+03 3.798656e+03
3.1 2.853823e+03 2.871860e+03 3.855098e+03 3.837061e+03
4.1 2.780421e+03 2.869123e+03 3.858081e+03 3.769379e+03
5.1 2.761130e+03 2.945609e+03 3.850598e+03 3.666119e+03
6.1 2.793569e+03 2.900396e+03 3.841706e+03 3.734879e+03
7.1 2.776146e+03 2.829553e+03 3.836232e+03 3.782824e+03
8.1 2.812041e+03 2.859142e+03 3.840051e+03 3.792951e+03
9.1 2.882716e+03 2.828735e+03 3.852971e+03 3.906952e+03
10.1 3.048412e+03 2.874811e+03 3.858083e+03 4.031684e+03
11.1 3.010642e+03 2.911209e+03 3.851691e+03 3.951125e+03
12.1 2.973680e+03 2.891323e+03 3.843718e+03 3.926075e+03
13.1 2.996749e+03 2.853853e+03 3.845885e+03 3.988781e+03
14.1 2.972115e+03 2.774131e+03 3.856439e+03 4.054424e+03
15.1 3.100364e+03 2.868782e+03 3.858117e+03 4.089698e+03
16.1 3.063844e+03 3.054010e+03 3.852577e+03 3.862411e+03
17.1 3.131627e+03 3.094095e+03 3.855629e+03 3.893162e+03
18.1 2.977588e+03 2.786027e+03 3.861387e+03 4.052948e+03
19.1 3.175217e+03 2.985003e+03 3.856778e+03 4.046992e+03
20.1 3.061077e+03 2.951892e+03 3.852127e+03 3.961312e+03
21.1 2.878410e+03 2.878722e+03 3.857776e+03 3.857465e+03
1.0 2.776146e+03 2.829553e+03 3.836232e+03 3.782824e+03
2.0 2.812041e+03 2.859142e+03 3.840051e+03 3.792951e+03
3.0 2.882716e+03 2.828735e+03 3.852971e+03 3.906952e+03
4.0 3.048412e+03 2.874811e+03 3.858083e+03 4.031684e+03
5.0 3.010642e+03 2.911209e+03 3.851691e+03 3.951125e+03
6.0 2.973680e+03 2.891323e+03 3.843718e+03 3.926075e+03
7.0 2.996749e+03 2.853853e+03 3.845885e+03 3.988781e+03
8.0 2.972115e+03 2.774131e+03 3.856439e+03 4.054424e+03
9.0 3.100364e+03 2.868782e+03 3.858117e+03 4.089698e+03
10.0 3.063844e+03 3.054010e+03 3.852577e+03 3.862411e+03
11.0 3.131627e+03 3.094095e+03 3.855629e+03 3.893162e+03
12.0 2.977588e+03 2.786027e+03 3.861387e+03 4.052948e+03
13.0 3.175217e+03 2.985003e+03 3.856778e+03 4.046992e+03
14.0 3.061077e+03 2.951892e+03 3.852127e+03 3.961312e+03
15.0 2.878410e+03 2.878722e+03 3.857776e+03 3.857465e+03
16.0 2.938096e+03 2.888944e+03 3.860004e+03 3.909156e+03
17.0 2.942402e+03 2.923409e+03 3.852108e+03 3.871101e+03
18.0 2.856244e+03 2.899618e+03 3.842215e+03 3.798841e+03
19.0 2.784618e+03 2.821149e+03 3.835544e+03 3.799013e+03
0.2 3.010642e+03 2.911209e+03 3.851691e+03 3.951125e+03
1.2 2.973680e+03 2.891323e+03 3.843718e+03 3.926075e+03
2.2 2.996749e+03 2.853853e+03 3.845885e+03 3.988781e+03
3.2 2.972115e+03 2.774131e+03 3.856439e+03 4.054424e+03
4.2 3.100364e+03 2.868782e+03 3.858117e+03 4.089698e+03
5.2 3.063844e+03 3.054010e+03 3.852577e+03 3.862411e+03
6.2 3.131627e+03 3.094095e+03 3.855629e+03 3.893162e+03
7.2 2.977588e+03 2.786027e+03 3.861387e+03 4.052948e+03
8.2 3.175217e+03 2.985003e+03 3.856778e+03 4.046992e+03
9.2 3.061077e+03 2.951892e+03 3.852127e+03 3.961312e+03
10.2 2.878410e+03 2.878722e+03 3.857776e+03 3.857465e+03
11.2 2.938096e+03 2.888944e+03 3.860004e+03 3.909156e+03
12.2 2.942402e+03 2.923409e+03 3.852108e+03 3.871101e+03
13.2 2.856244e+03 2.899618e+03 3.842215e+03 3.798841e+03
14.2 2.784618e+03 2.821149e+03 3.835544e+03 3.799013e+03
0.5 3.100364e+03 2.868782e+03 3.858117e+03 4.089698e+03
1.5 3.063844e+03 3.054010e+03 3.852577e+03 3.862411e+03
2.5 3.131627e+03 3.094095e+03 3.855629e+03 3.893162e+03
3.5 2.977588e+03 2.786027e+03 3.861387e+03 4.052948e+03
4.5 3.175217e+03 2.985003e+03 3.856778e+03 4.046992e+03
5.5 3.061077e+03 2.951892e+03 3.852127e+03 3.961312e+03
6.5 2.878410e+03 2.878722e+03 3.857776e+03 3.857465e+03
7.5 2.938096e+03 2.888944e+03 3.860004e+03 3.909156e+03
8.5 2.942402e+03 2.923409e+03 3.852108e+03 3.871101e+03
9.5 2.856244e+03 2.899618e+03 3.842215e+03 3.798841e+03
10.5 2.784618e+03 2.821149e+03 3.835544e+03 3.799013e+03
0.9 3.175217e+03 2.985003e+03 3.856778e+03 4.046992e+03
1.9 3.061077e+03 2.951892e+03 3.852127e+03 3.961312e+03
2.9 2.878410e+03 2.878722e+03 3.857776e+03 3.857465e+03
3.9 2.938096e+03 2.888944e+03 3.860004e+03 3.909156e+03
4.9 2.942402e+03 2.923409e+03 3.852108e+03 3.871101e+03
5.9 2.856244e+03 2.899618e+03 3.842215e+03 3.798841e+03
6.9 2.784618e+03 2.821149e+03 3.835544e+03 3.799013e+03
