0.2 2.421708e+03 2.425792e+03 3.019392e+03 3.015308e+03
1.1 2.360244e+03 2.383044e+03 3.012725e+03 2.989925e+03
2.1 2.054591e+03 2.266652e+03 2.964645e+03 2.752584e+03
3.1 2.468975e+03 2.333093e+03 2.934089e+03 3.069971e+03
4.1 2.225504e+03 2.281846e+03 2.951341e+03 2.894999e+03
5.1 2.406289e+03 2.388615e+03 2.982248e+03 2.999922e+03
6.1 2.266857e+03 2.374669e+03 3.005356e+03 2.897544e+03
7.1 2.425618e+03 2.333138e+03 3.018582e+03 3.111062e+03
8.1 2.154918e+03 2.377690e+03 3.024956e+03 2.802184e+03
9.1 2.321890e+03 2.430358e+03 3.026971e+03 2.918504e+03
10.1 2.455681e+03 2.416599e+03 3.026419e+03 3.065501e+03
11.1 2.333500e+03 2.457246e+03 3.024734e+03 2.900988e+03
12.1 2.105320e+03 2.400568e+03 3.022919e+03 2.727671e+03
13.1 2.328064e+03 2.349115e+03 3.018320e+03 2.997269e+03
14.1 2.209399e+03 2.303118e+03 2.975327e+03 2.881608e+03
15.1 2.147598e+03 2.241375e+03 2.935922e+03 2.842144e+03
16.1 2.252906e+03 2.307230e+03 2.946666e+03 2.892343e+03
17.1 2.367978e+03 2.290020e+03 2.977356e+03 3.055313e+03
18.1 2.627291e+03 2.323533e+03 3.002210e+03 3.305968e+03
19.1 2.520190e+03 2.340750e+03 3.014174e+03 3.193613e+03
20.1 2.184535e+03 2.236954e+03 2.980681e+03 2.928262e+03
1.0 2.328064e+03 2.349115e+03 3.018320e+03 2.997269e+03
2.0 2.209399e+03 2.303118e+03 2.975327e+03 2.881608e+03
3.0 2.147598e+03 2.241375e+03 2.935922e+03 2.842144e+03
4.0 2.252906e+03 2.307230e+03 2.946666e+03 2.892343e+03
5.0 2.367978e+03 2.290020e+03 2.977356e+03 3.055313e+03
6.0 2.627291e+03 2.323533e+03 3.002210e+03 3.305968e+03
7.0 2.520190e+03 2.340750e+03 3.014174e+03 3.193613e+03
8.0 2.184535e+03 2.236954e+03 2.980681e+03 2.928262e+03
9.0 2.429443e+03 2.226526e+03 2.943201e+03 3.146118e+03
10.0 2.285292e+03 2.271494e+03 2.952864e+03 2.966661e+03
11.0 2.356033e+03 2.211505e+03 2.970062e+03 3.114590e+03
12.0 2.408575e+03 2.228644e+03 2.941866e+03 3.121796e+03
13.0 2.231836e+03 2.203539e+03 2.933868e+03 2.962165e+03
14.0 2.286880e+03 2.212872e+03 2.962569e+03 3.036576e+03
15.0 2.205359e+03 2.283673e+03 2.995039e+03 2.916724e+03
16.0 2.230568e+03 2.286460e+03 3.015813e+03 2.959920e+03
17.0 2.407407e+03 2.336014e+03 3.025923e+03 3.097316e+03
18.0 2.377338e+03 2.319425e+03 3.029480e+03 3.087394e+03
19.0 2.407386e+03 2.298239e+03 3.029369e+03 3.138515e+03
20.0 2.465630e+03 2.361528e+03 3.027461e+03 3.131562e+03
21.0 2.322728e+03 2.329787e+03 3.025057e+03 3.017998e+03
0.9 2.520190e+03 2.340750e+03 3.014174e+03 3.193613e+03
1.9 2.184535e+03 2.236954e+03 2.980681e+03 2.928262e+03
2.9 2.429443e+03 2.226526e+03 2.943201e+03 3.146118e+03
3.9 2.285292e+03 2.271494e+03 2.952864e+03 2.966661e+03
4.9 2.356033e+03 2.211505e+03 2.970062e+03 3.114590e+03
5.9 2.408575e+03 2.228644e+03 2.941866e+03 3.121796e+03
6.9 2.231836e+03 2.203539e+03 2.933868e+03 2.962165e+03
7.9 2.286880e+03 2.212872e+03 2.962569e+03 3.036576e+03
8.9 2.205359e+03 2.283673e+03 2.995039e+03 2.916724e+03
9.9 2.230568e+03 2.286460e+03 3.015813e+03 2.959920e+03
10.9 2.407407e+03 2.336014e+03 3.025923e+03 3.097316e+03
11.9 2.377338e+03 2.319425e+03 3.029480e+03 3.087394e+03
12.9 2.407386e+03 2.298239e+03 3.029369e+03 3.138515e+03
13.9 2.465630e+03 2.361528e+03 3.027461e+03 3.131562e+03
14.9 2.322728e+03 2.329787e+03 3.025057e+03 3.017998e+03
15.9 2.414570e+03 2.300790e+03 3.022940e+03 3.136720e+03
16.9 2.311451e+03 2.289050e+03 3.012314e+03 3.034716e+03
17.9 2.231105e+03 2.197231e+03 2.961171e+03 2.995044e+03
18.9 2.272651e+03 2.199459e+03 2.934561e+03 3.007753e+03
19.9 2.363064e+03 2.260197e+03 2.954178e+03 3.057045e+03
20.9 2.278520e+03 2.235943e+03 2.984747e+03 3.027324e+03
0.3 2.285292e+03 2.271494e+03 2.952864e+03 2.966661e+03
1.3 2.356033e+03 2.211505e+03 2.970062e+03 3.114590e+03
2.3 2.408575e+03 2.228644e+03 2.941866e+03 3.121796e+03
3.3 2.231836e+03 2.203539e+03 2.933868e+03 2.962165e+03
4.3 2.286880e+03 2.212872e+03 2.962569e+03 3.036576e+03
5.3 2.205359e+03 2.283673e+03 2.995039e+03 2.916724e+03
6.3 2.230568e+03 2.286460e+03 3.015813e+03 2.959920e+03
7.3 2.407407e+03 2.336014e+03 3.025923e+03 3.097316e+03
8.3 2.377338e+03 2.319425e+03 3.029480e+03 3.087394e+03
9.3 2.407386e+03 2.298239e+03 3.029369e+03 3.138515e+03
10.3 2.465630e+03 2.361528e+03 3.027461e+03 3.131562e+03
11.3 2.322728e+03 2.329787e+03 3.025057e+03 3.017998e+03
12.3 2.414570e+03 2.300790e+03 3.022940e+03 3.136720e+03
13.3 2.311451e+03 2.289050e+03 3.012314e+03 3.034716e+03
14.3 2.231105e+03 2.197231e+03 2.961171e+03 2.995044e+03
15.3 2.272651e+03 2.199459e+03 2.934561e+03 3.007753e+03
16.3 2.363064e+03 2.260197e+03 2.954178e+03 3.057045e+03
17.3 2.278520e+03 2.235943e+03 2.984747e+03 3.027324e+03
18.3 2.496091e+03 2.241551e+03 3.006879e+03 3.261418e+03
19.3 2.426810e+03 2.317012e+03 3.019370e+03 3.129169e+03
20.3 2.391342e+03 2.349517e+03 3.025277e+03 3.067102e+03
0.2 2.414570e+03 2.300790e+03 3.022940e+03 3.136720e+03
1.2 2.311451e+03 2.289050e+03 3.012314e+03 3.034716e+03
2.2 2.231105e+03 2.197231e+03 2.961171e+03 2.995044e+03
3.2 2.272651e+03 2.199459e+03 2.934561e+03 3.007753e+03
4.2 2.363064e+03 2.260197e+03 2.954178e+03 3.057045e+03
5.2 2.278520e+03 2.235943e+03 2.984747e+03 3.027324e+03
6.2 2.496091e+03 2.241551e+03 3.006879e+03 3.261418e+03
7.2 2.426810e+03 2.317012e+03 3.019370e+03 3.129169e+03
8.2 2.391342e+03 2.349517e+03 3.025277e+03 3.067102e+03
9.2 2.123320e+03 2.296212e+03 3.027002e+03 2.854109e+03
10.2 2.399604e+03 2.361166e+03 3.026301e+03 3.064738e+03
11.2 2.334006e+03 2.347156e+03 3.024573e+03 3.011423e+03
12.2 2.179230e+03 2.382600e+03 3.022777e+03 2.819408e+03
13.2 2.492328e+03 2.385096e+03 3.021374e+03 3.128606e+03
14.2 2.403953e+03 2.330895e+03 3.017713e+03 3.090771e+03
15.2 2.412474e+03 2.271306e+03 2.975040e+03 3.116208e+03
16.2 2.377503e+03 2.290748e+03 2.932100e+03 3.018856e+03
17.2 2.184919e+03 2.287069e+03 2.941677e+03 2.839526e+03
18.2 2.276762e+03 2.346379e+03 2.973814e+03 2.904197e+03
19.2 2.408376e+03 2.407633e+03 3.000415e+03 3.001158e+03
20.2 2.399515e+03 2.387832e+03 3.014270e+03 3.025953e+03
0.9 2.403953e+03 2.330895e+03 3.017713e+03 3.090771e+03
1.9 2.412474e+03 2.271306e+03 2.975040e+03 3.116208e+03
2.9 2.377503e+03 2.290748e+03 2.932100e+03 3.018856e+03
3.9 2.184919e+03 2.287069e+03 2.941677e+03 2.839526e+03
4.9 2.276762e+03 2.346379e+03 2.973814e+03 2.904197e+03
5.9 2.408376e+03 2.407633e+03 3.000415e+03 3.001158e+03
6.9 2.399515e+03 2.387832e+03 3.014270e+03 3.025953e+03
7.9 2.367283e+03 2.334299e+03 2.983960e+03 3.016944e+03
8.9 2.277150e+03 2.321221e+03 2.944418e+03 2.900347e+03
9.9 2.504151e+03 2.366607e+03 2.951774e+03 3.089319e+03
10.9 2.452205e+03 2.417715e+03 2.980677e+03 3.015166e+03
11.9 2.584555e+03 2.427790e+03 3.004541e+03 3.161307e+03
12.9 2.307426e+03 2.391899e+03 3.018429e+03 2.933956e+03
13.9 2.339174e+03 2.440996e+03 3.025170e+03 2.923348e+03
14.9 2.511620e+03 2.539277e+03 3.027446e+03 2.999789e+03
15.9 2.487200e+03 2.559724e+03 3.027041e+03 2.954517e+03
16.9 2.444631e+03 2.547931e+03 3.025353e+03 2.922053e+03
17.9 2.365411e+03 2.575410e+03 3.023422e+03 2.813423e+03
18.9 2.475389e+03 2.527969e+03 3.021823e+03 2.969243e+03
19.9 2.352856e+03 2.488422e+03 3.020726e+03 2.885160e+03
20.9 2.456383e+03 2.597245e+03 3.020065e+03 2.879202e+03
0.9 2.399515e+03 2.387832e+03 3.014270e+03 3.025953e+03
1.9 2.367283e+03 2.334299e+03 2.983960e+03 3.016944e+03
2.9 2.277150e+03 2.321221e+03 2.944418e+03 2.900347e+03
3.9 2.504151e+03 2.366607e+03 2.951774e+03 3.089319e+03
4.9 2.452205e+03 2.417715e+03 2.980677e+03 3.015166e+03
5.9 2.584555e+03 2.427790e+03 3.004541e+03 3.161307e+03
6.9 2.307426e+03 2.391899e+03 3.018429e+03 2.933956e+03
7.9 2.339174e+03 2.440996e+03 3.025170e+03 2.923348e+03
8.9 2.511620e+03 2.539277e+03 3.027446e+03 2.999789e+03
9.9 2.487200e+03 2.559724e+03 3.027041e+03 2.954517e+03
10.9 2.444631e+03 2.547931e+03 3.025353e+03 2.922053e+03
11.9 2.365411e+03 2.575410e+03 3.023422e+03 2.813423e+03
12.9 2.475389e+03 2.527969e+03 3.021823e+03 2.969243e+03
13.9 2.352856e+03 2.488422e+03 3.020726e+03 2.885160e+03
14.9 2.456383e+03 2.597245e+03 3.020065e+03 2.879202e+03
15.9 2.262053e+03 2.565919e+03 3.019709e+03 2.715843e+03
16.9 2.278507e+03 2.581271e+03 3.019532e+03 2.716768e+03
17.9 2.466346e+03 2.556764e+03 3.019451e+03 2.929033e+03
18.9 2.365595e+03 2.486759e+03 3.019416e+03 2.898252e+03
19.9 2.671032e+03 2.410916e+03 3.019401e+03 3.279517e+03
20.9 2.624531e+03 2.444221e+03 3.019394e+03 3.199704e+03
0.7 2.563805e+03 2.497777e+03 3.018732e+03 3.084760e+03
1.7 2.467739e+03 2.400900e+03 2.988727e+03 3.055565e+03
2.7 2.396671e+03 2.332303e+03 2.940468e+03 3.004836e+03
3.7 2.612143e+03 2.643331e+03 2.940077e+03 2.908888e+03
4.7 2.341872e+03 2.537667e+03 2.964021e+03 2.768225e+03
5.7 2.390577e+03 2.379991e+03 2.945168e+03 2.955754e+03
6.7 2.356552e+03 2.390679e+03 2.928876e+03 2.894749e+03
7.7 2.466645e+03 2.425617e+03 2.953138e+03 2.994167e+03
8.7 2.373031e+03 2.508082e+03 2.987734e+03 2.852684e+03
9.7 2.445994e+03 2.557801e+03 3.011803e+03 2.899995e+03
10.7 2.449071e+03 2.613134e+03 3.024166e+03 2.860103e+03
11.7 2.381572e+03 2.579947e+03 3.027303e+03 2.828929e+03
12.7 2.706437e+03 2.792584e+03 2.990919e+03 2.904772e+03
13.7 2.235542e+03 2.709995e+03 2.945728e+03 2.471274e+03
14.7 2.542316e+03 2.216495e+03 2.949609e+03 3.275430e+03
15.7 2.435398e+03 2.320586e+03 2.977759e+03 3.092572e+03
16.7 2.485700e+03 2.468037e+03 3.002176e+03 3.019839e+03
17.7 2.899192e+03 2.471673e+03 3.016870e+03 3.444388e+03
18.7 3.422309e+03 3.081192e+03 3.024278e+03 3.365395e+03
19.7 2.654735e+03 2.940002e+03 3.026986e+03 2.741719e+03
20.7 2.878158e+03 2.791512e+03 3.011551e+03 3.098198e+03
0.1 2.612143e+03 2.643331e+03 2.940077e+03 2.908888e+03
1.1 2.341872e+03 2.537667e+03 2.964021e+03 2.768225e+03
2.1 2.390577e+03 2.379991e+03 2.945168e+03 2.955754e+03
3.1 2.356552e+03 2.390679e+03 2.928876e+03 2.894749e+03
4.1 2.466645e+03 2.425617e+03 2.953138e+03 2.994167e+03
5.1 2.373031e+03 2.508082e+03 2.987734e+03 2.852684e+03
6.1 2.445994e+03 2.557801e+03 3.011803e+03 2.899995e+03
7.1 2.449071e+03 2.613134e+03 3.024166e+03 2.860103e+03
8.1 2.381572e+03 2.579947e+03 3.027303e+03 2.828929e+03
9.1 2.706437e+03 2.792584e+03 2.990919e+03 2.904772e+03
10.1 2.235542e+03 2.709995e+03 2.945728e+03 2.471274e+03
11.1 2.542316e+03 2.216495e+03 2.949609e+03 3.275430e+03
12.1 2.435398e+03 2.320586e+03 2.977759e+03 3.092572e+03
13.1 2.485700e+03 2.468037e+03 3.002176e+03 3.019839e+03
14.1 2.899192e+03 2.471673e+03 3.016870e+03 3.444388e+03
15.1 3.422309e+03 3.081192e+03 3.024278e+03 3.365395e+03
16.1 2.654735e+03 2.940002e+03 3.026986e+03 2.741719e+03
17.1 2.878158e+03 2.791512e+03 3.011551e+03 3.098198e+03
18.1 2.854305e+03 2.571748e+03 2.957780e+03 3.240336e+03
19.1 2.823776e+03 2.548450e+03 2.939100e+03 3.214426e+03
20.1 2.742641e+03 2.549461e+03 2.961773e+03 3.154952e+03
0.9 2.381572e+03 2.579947e+03 3.027303e+03 2.828929e+03
1.9 2.706437e+03 2.792584e+03 2.990919e+03 2.904772e+03
2.9 2.235542e+03 2.709995e+03 2.945728e+03 2.471274e+03
3.9 2.542316e+03 2.216495e+03 2.949609e+03 3.275430e+03
4.9 2.435398e+03 2.320586e+03 2.977759e+03 3.092572e+03
5.9 2.485700e+03 2.468037e+03 3.002176e+03 3.019839e+03
6.9 2.899192e+03 2.471673e+03 3.016870e+03 3.444388e+03
7.9 3.422309e+03 3.081192e+03 3.024278e+03 3.365395e+03
8.9 2.654735e+03 2.940002e+03 3.026986e+03 2.741719e+03
9.9 2.878158e+03 2.791512e+03 3.011551e+03 3.098198e+03
10.9 2.854305e+03 2.571748e+03 2.957780e+03 3.240336e+03
11.9 2.823776e+03 2.548450e+03 2.939100e+03 3.214426e+03
12.9 2.742641e+03 2.549461e+03 2.961773e+03 3.154952e+03
13.9 2.573200e+03 2.509259e+03 2.990574e+03 3.054515e+03
14.9 2.384474e+03 2.498670e+03 3.010259e+03 2.896063e+03
15.9 2.565698e+03 2.412352e+03 3.006716e+03 3.160061e+03
16.9 2.500610e+03 2.350501e+03 2.957158e+03 3.107267e+03
17.9 2.769823e+03 2.656804e+03 2.938188e+03 3.051207e+03
18.9 4.156468e+03 4.324811e+03 2.961573e+03 2.793230e+03
19.9 3.613619e+03 3.456947e+03 2.991398e+03 3.148069e+03
20.9 3.281003e+03 3.275119e+03 3.011504e+03 3.017387e+03
0.4 2.654735e+03 2.940002e+03 3.026986e+03 2.741719e+03
1.4 2.878158e+03 2.791512e+03 3.011551e+03 3.098198e+03
2.4 2.854305e+03 2.571748e+03 2.957780e+03 3.240336e+03
3.4 2.823776e+03 2.548450e+03 2.939100e+03 3.214426e+03
4.4 2.742641e+03 2.549461e+03 2.961773e+03 3.154952e+03
5.4 2.573200e+03 2.509259e+03 2.990574e+03 3.054515e+03
6.4 2.384474e+03 2.498670e+03 3.010259e+03 2.896063e+03
7.4 2.565698e+03 2.412352e+03 3.006716e+03 3.160061e+03
8.4 2.500610e+03 2.350501e+03 2.957158e+03 3.107267e+03
9.4 2.769823e+03 2.656804e+03 2.938188e+03 3.051207e+03
10.4 4.156468e+03 4.324811e+03 2.961573e+03 2.793230e+03
11.4 3.613619e+03 3.456947e+03 2.991398e+03 3.148069e+03
12.4 3.281003e+03 3.275119e+03 3.011504e+03 3.017387e+03
13.4 3.154935e+03 3.301006e+03 3.022257e+03 2.876186e+03
14.4 3.581151e+03 3.571321e+03 3.026939e+03 3.036769e+03
15.4 2.977198e+03 3.488174e+03 3.027852e+03 2.516876e+03
16.4 3.422479e+03 3.538537e+03 3.026655e+03 2.910598e+03
17.4 3.807497e+03 3.657186e+03 3.024669e+03 3.174980e+03
18.4 4.167593e+03 3.590341e+03 3.022767e+03 3.600019e+03
19.4 3.275182e+03 3.653172e+03 3.021336e+03 2.643346e+03
20.4 4.430739e+03 3.272626e+03 3.015085e+03 4.173198e+03
0.4 2.384474e+03 2.498670e+03 3.010259e+03 2.896063e+03
1.4 2.565698e+03 2.412352e+03 3.006716e+03 3.160061e+03
2.4 2.500610e+03 2.350501e+03 2.957158e+03 3.107267e+03
3.4 2.769823e+03 2.656804e+03 2.938188e+03 3.051207e+03
4.4 4.156468e+03 4.324811e+03 2.961573e+03 2.793230e+03
5.4 3.613619e+03 3.456947e+03 2.991398e+03 3.148069e+03
6.4 3.281003e+03 3.275119e+03 3.011504e+03 3.017387e+03
7.4 3.154935e+03 3.301006e+03 3.022257e+03 2.876186e+03
8.4 3.581151e+03 3.571321e+03 3.026939e+03 3.036769e+03
9.4 2.977198e+03 3.488174e+03 3.027852e+03 2.516876e+03
10.4 3.422479e+03 3.538537e+03 3.026655e+03 2.910598e+03
11.4 3.807497e+03 3.657186e+03 3.024669e+03 3.174980e+03
12.4 4.167593e+03 3.590341e+03 3.022767e+03 3.600019e+03
13.4 3.275182e+03 3.653172e+03 3.021336e+03 2.643346e+03
14.4 4.430739e+03 3.272626e+03 3.015085e+03 4.173198e+03
15.4 4.032083e+03 3.915748e+03 2.966553e+03 3.082888e+03
16.4 2.665075e+03 2.632577e+03 2.930483e+03 2.962981e+03
17.4 3.182279e+03 2.994619e+03 2.945845e+03 3.133505e+03
18.4 2.381541e+03 2.701012e+03 2.978261e+03 2.658789e+03
19.4 3.236159e+03 3.059243e+03 3.003297e+03 3.180213e+03
20.4 2.852850e+03 2.926257e+03 3.013687e+03 2.940280e+03
0.1 3.275182e+03 3.653172e+03 3.021336e+03 2.643346e+03
1.1 4.430739e+03 3.272626e+03 3.015085e+03 4.173198e+03
2.1 4.032083e+03 3.915748e+03 2.966553e+03 3.082888e+03
3.1 2.665075e+03 2.632577e+03 2.930483e+03 2.962981e+03
4.1 3.182279e+03 2.994619e+03 2.945845e+03 3.133505e+03
5.1 2.381541e+03 2.701012e+03 2.978261e+03 2.658789e+03
6.1 3.236159e+03 3.059243e+03 3.003297e+03 3.180213e+03
7.1 2.852850e+03 2.926257e+03 3.013687e+03 2.940280e+03
8.1 2.426037e+03 2.762584e+03 2.976503e+03 2.639956e+03
9.1 2.308740e+03 2.645814e+03 2.942669e+03 2.605595e+03
10.1 2.678085e+03 2.750799e+03 2.955475e+03 2.882761e+03
11.1 3.223009e+03 3.007373e+03 2.984688e+03 3.200325e+03
12.1 2.642529e+03 2.633898e+03 2.999667e+03 3.008299e+03
13.1 2.491592e+03 2.700085e+03 2.963472e+03 2.754979e+03
14.1 2.888999e+03 2.690957e+03 2.940361e+03 3.138403e+03
15.1 1.998014e+03 2.549976e+03 2.960181e+03 2.408219e+03
16.1 2.434854e+03 2.124150e+03 2.968745e+03 3.279449e+03
17.1 3.047113e+03 2.727829e+03 2.938164e+03 3.257447e+03
18.1 2.960708e+03 2.701480e+03 2.940115e+03 3.199344e+03
19.1 2.927776e+03 2.970875e+03 2.971792e+03 2.928693e+03
20.1 3.623502e+03 4.067465e+03 3.001603e+03 2.557641e+03
1.0 2.852850e+03 2.926257e+03 3.013687e+03 2.940280e+03
2.0 2.426037e+03 2.762584e+03 2.976503e+03 2.639956e+03
3.0 2.308740e+03 2.645814e+03 2.942669e+03 2.605595e+03
4.0 2.678085e+03 2.750799e+03 2.955475e+03 2.882761e+03
5.0 3.223009e+03 3.007373e+03 2.984688e+03 3.200325e+03
6.0 2.642529e+03 2.633898e+03 2.999667e+03 3.008299e+03
7.0 2.491592e+03 2.700085e+03 2.963472e+03 2.754979e+03
8.0 2.888999e+03 2.690957e+03 2.940361e+03 3.138403e+03
9.0 1.998014e+03 2.549976e+03 2.960181e+03 2.408219e+03
10.0 2.434854e+03 2.124150e+03 2.968745e+03 3.279449e+03
11.0 3.047113e+03 2.727829e+03 2.938164e+03 3.257447e+03
12.0 2.960708e+03 2.701480e+03 2.940115e+03 3.199344e+03
13.0 2.927776e+03 2.970875e+03 2.971792e+03 2.928693e+03
14.0 3.623502e+03 4.067465e+03 3.001603e+03 2.557641e+03
15.0 3.449625e+03 3.405446e+03 3.019160e+03 3.063339e+03
16.0 3.298340e+03 3.336759e+03 3.006965e+03 2.968546e+03
17.0 2.452539e+03 3.094480e+03 2.957488e+03 2.315547e+03
18.0 3.237895e+03 3.086986e+03 2.946136e+03 3.097045e+03
19.0 2.824002e+03 3.426358e+03 2.970504e+03 2.368148e+03
20.0 2.725500e+03 3.071656e+03 2.997246e+03 2.651091e+03
21.0 3.089106e+03 3.122037e+03 3.014415e+03 2.981484e+03
0.2 3.223009e+03 3.007373e+03 2.984688e+03 3.200325e+03
1.2 2.642529e+03 2.633898e+03 2.999667e+03 3.008299e+03
2.2 2.491592e+03 2.700085e+03 2.963472e+03 2.754979e+03
3.2 2.888999e+03 2.690957e+03 2.940361e+03 3.138403e+03
4.2 1.998014e+03 2.549976e+03 2.960181e+03 2.408219e+03
5.2 2.434854e+03 2.124150e+03 2.968745e+03 3.279449e+03
6.2 3.047113e+03 2.727829e+03 2.938164e+03 3.257447e+03
7.2 2.960708e+03 2.701480e+03 2.940115e+03 3.199344e+03
8.2 2.927776e+03 2.970875e+03 2.971792e+03 2.928693e+03
9.2 3.623502e+03 4.067465e+03 3.001603e+03 2.557641e+03
10.2 3.449625e+03 3.405446e+03 3.019160e+03 3.063339e+03
11.2 3.298340e+03 3.336759e+03 3.006965e+03 2.968546e+03
12.2 2.452539e+03 3.094480e+03 2.957488e+03 2.315547e+03
13.2 3.237895e+03 3.086986e+03 2.946136e+03 3.097045e+03
14.2 2.824002e+03 3.426358e+03 2.970504e+03 2.368148e+03
15.2 2.725500e+03 3.071656e+03 2.997246e+03 2.651091e+03
16.2 3.089106e+03 3.122037e+03 3.014415e+03 2.981484e+03
17.2 3.168294e+03 3.227455e+03 3.023345e+03 2.964183e+03
18.2 3.034421e+03 3.237034e+03 3.017001e+03 2.814388e+03
19.2 3.395893e+03 3.183913e+03 2.966679e+03 3.178659e+03
20.2 3.330873e+03 3.630159e+03 2.940781e+03 2.641495e+03
0.5 1.998014e+03 2.549976e+03 2.960181e+03 2.408219e+03
1.5 2.434854e+03 2.124150e+03 2.968745e+03 3.279449e+03
2.5 3.047113e+03 2.727829e+03 2.938164e+03 3.257447e+03
3.5 2.960708e+03 2.701480e+03 2.940115e+03 3.199344e+03
4.5 2.927776e+03 2.970875e+03 2.971792e+03 2.928693e+03
5.5 3.623502e+03 4.067465e+03 3.001603e+03 2.557641e+03
6.5 3.449625e+03 3.405446e+03 3.019160e+03 3.063339e+03
7.5 3.298340e+03 3.336759e+03 3.006965e+03 2.968546e+03
8.5 2.452539e+03 3.094480e+03 2.957488e+03 2.315547e+03
9.5 3.237895e+03 3.086986e+03 2.946136e+03 3.097045e+03
10.5 2.824002e+03 3.426358e+03 2.970504e+03 2.368148e+03
11.5 2.725500e+03 3.071656e+03 2.997246e+03 2.651091e+03
12.5 3.089106e+03 3.122037e+03 3.014415e+03 2.981484e+03
13.5 3.168294e+03 3.227455e+03 3.023345e+03 2.964183e+03
14.5 3.034421e+03 3.237034e+03 3.017001e+03 2.814388e+03
15.5 3.395893e+03 3.183913e+03 2.966679e+03 3.178659e+03
16.5 3.330873e+03 3.630159e+03 2.940781e+03 2.641495e+03
17.5 3.533128e+03 3.380788e+03 2.959553e+03 3.111893e+03
18.5 3.472128e+03 3.372706e+03 2.988399e+03 3.087822e+03
19.5 3.217675e+03 3.473064e+03 3.009000e+03 2.753611e+03
20.5 3.722789e+03 3.537426e+03 3.020477e+03 3.205840e+03
0.5 3.449625e+03 3.405446e+03 3.019160e+03 3.063339e+03
1.5 3.298340e+03 3.336759e+03 3.006965e+03 2.968546e+03
2.5 2.452539e+03 3.094480e+03 2.957488e+03 2.315547e+03
3.5 3.237895e+03 3.086986e+03 2.946136e+03 3.097045e+03
4.5 2.824002e+03 3.426358e+03 2.970504e+03 2.368148e+03
5.5 2.725500e+03 3.071656e+03 2.997246e+03 2.651091e+03
6.5 3.089106e+03 3.122037e+03 3.014415e+03 2.981484e+03
7.5 3.168294e+03 3.227455e+03 3.023345e+03 2.964183e+03
8.5 3.034421e+03 3.237034e+03 3.017001e+03 2.814388e+03
9.5 3.395893e+03 3.183913e+03 2.966679e+03 3.178659e+03
10.5 3.330873e+03 3.630159e+03 2.940781e+03 2.641495e+03
11.5 3.533128e+03 3.380788e+03 2.959553e+03 3.111893e+03
12.5 3.472128e+03 3.372706e+03 2.988399e+03 3.087822e+03
13.5 3.217675e+03 3.473064e+03 3.009000e+03 2.753611e+03
14.5 3.722789e+03 3.537426e+03 3.020477e+03 3.205840e+03
15.5 3.870829e+03 3.108828e+03 3.025791e+03 3.787791e+03
16.5 2.909368e+03 3.242029e+03 3.027199e+03 2.694539e+03
17.5 3.675556e+03 3.400165e+03 3.026342e+03 3.301732e+03
18.5 3.217625e+03 3.365053e+03 3.024553e+03 2.877124e+03
19.5 3.224680e+03 3.536991e+03 3.022744e+03 2.710433e+03
20.5 3.476308e+03 3.450874e+03 3.021346e+03 3.046779e+03
0.3 3.168294e+03 3.227455e+03 3.023345e+03 2.964183e+03
1.3 3.034421e+03 3.237034e+03 3.017001e+03 2.814388e+03
2.3 3.395893e+03 3.183913e+03 2.966679e+03 3.178659e+03
3.3 3.330873e+03 3.630159e+03 2.940781e+03 2.641495e+03
4.3 3.533128e+03 3.380788e+03 2.959553e+03 3.111893e+03
5.3 3.472128e+03 3.372706e+03 2.988399e+03 3.087822e+03
6.3 3.217675e+03 3.473064e+03 3.009000e+03 2.753611e+03
7.3 3.722789e+03 3.537426e+03 3.020477e+03 3.205840e+03
8.3 3.870829e+03 3.108828e+03 3.025791e+03 3.787791e+03
9.3 2.909368e+03 3.242029e+03 3.027199e+03 2.694539e+03
10.3 3.675556e+03 3.400165e+03 3.026342e+03 3.301732e+03
11.3 3.217625e+03 3.365053e+03 3.024553e+03 2.877124e+03
12.3 3.224680e+03 3.536991e+03 3.022744e+03 2.710433e+03
13.3 3.476308e+03 3.450874e+03 3.021346e+03 3.046779e+03
14.3 3.687368e+03 3.551522e+03 3.020430e+03 3.156276e+03
15.3 3.531590e+03 3.583306e+03 3.019904e+03 2.968187e+03
16.3 3.397876e+03 3.622448e+03 3.019628e+03 2.795056e+03
17.3 3.215818e+03 3.277389e+03 3.019494e+03 2.957923e+03
18.3 3.437451e+03 3.261689e+03 3.019434e+03 3.195196e+03
19.3 3.510841e+03 3.320389e+03 3.019409e+03 3.209860e+03
20.3 3.614413e+03 3.369814e+03 3.019398e+03 3.263998e+03
0.6 3.658128e+03 3.598602e+03 3.019199e+03 3.078725e+03
1.6 3.617974e+03 3.439307e+03 2.996217e+03 3.174884e+03
2.6 3.651199e+03 3.699019e+03 2.944977e+03 2.897157e+03
3.6 3.566622e+03 3.547143e+03 2.937351e+03 2.956829e+03
4.6 3.124755e+03 3.474090e+03 2.964788e+03 2.615453e+03
5.6 4.112946e+03 3.992185e+03 2.993485e+03 3.114246e+03
6.6 3.895761e+03 3.757979e+03 3.012067e+03 3.149849e+03
7.6 3.327364e+03 3.459805e+03 3.021984e+03 2.889543e+03
8.6 3.690278e+03 3.752994e+03 3.026240e+03 2.963523e+03
9.6 3.342605e+03 3.359844e+03 3.021655e+03 3.004416e+03
10.6 3.230770e+03 3.242216e+03 2.974147e+03 2.962701e+03
11.6 2.790928e+03 3.074608e+03 2.938872e+03 2.655193e+03
12.6 3.049954e+03 3.137641e+03 2.952499e+03 2.864812e+03
13.6 3.163290e+03 3.301613e+03 2.982222e+03 2.843899e+03
14.6 3.335018e+03 3.343402e+03 3.005163e+03 2.996779e+03
15.6 3.502064e+03 3.320726e+03 3.018443e+03 3.199781e+03
16.6 3.361719e+03 3.297788e+03 3.024911e+03 3.088843e+03
17.6 3.211124e+03 3.347497e+03 3.027018e+03 2.890645e+03
18.6 3.525253e+03 3.478590e+03 3.026524e+03 3.073187e+03
19.6 3.402276e+03 3.309393e+03 3.024853e+03 3.117736e+03
20.6 3.285728e+03 3.233450e+03 3.023020e+03 3.075298e+03
0.1 3.690278e+03 3.752994e+03 3.026240e+03 2.963523e+03
1.1 3.342605e+03 3.359844e+03 3.021655e+03 3.004416e+03
2.1 3.230770e+03 3.242216e+03 2.974147e+03 2.962701e+03
3.1 2.790928e+03 3.074608e+03 2.938872e+03 2.655193e+03
4.1 3.049954e+03 3.137641e+03 2.952499e+03 2.864812e+03
5.1 3.163290e+03 3.301613e+03 2.982222e+03 2.843899e+03
6.1 3.335018e+03 3.343402e+03 3.005163e+03 2.996779e+03
7.1 3.502064e+03 3.320726e+03 3.018443e+03 3.199781e+03
8.1 3.361719e+03 3.297788e+03 3.024911e+03 3.088843e+03
9.1 3.211124e+03 3.347497e+03 3.027018e+03 2.890645e+03
10.1 3.525253e+03 3.478590e+03 3.026524e+03 3.073187e+03
11.1 3.402276e+03 3.309393e+03 3.024853e+03 3.117736e+03
12.1 3.285728e+03 3.233450e+03 3.023020e+03 3.075298e+03
13.1 2.680218e+03 3.087689e+03 3.021544e+03 2.614073e+03
14.1 3.521492e+03 3.174955e+03 3.020555e+03 3.367092e+03
15.1 3.293609e+03 3.253766e+03 3.019972e+03 3.059816e+03
16.1 3.260301e+03 3.348707e+03 3.019662e+03 2.931255e+03
17.1 3.481288e+03 3.407784e+03 3.019511e+03 3.093015e+03
18.1 3.629986e+03 3.379528e+03 3.019441e+03 3.269899e+03
19.1 3.609954e+03 3.403843e+03 3.019412e+03 3.225523e+03
20.1 3.452283e+03 3.362766e+03 3.019400e+03 3.108917e+03
0.3 3.744023e+03 3.361648e+03 3.019390e+03 3.401764e+03
1.3 3.598024e+03 3.383004e+03 3.008422e+03 3.223442e+03
2.3 3.660763e+03 3.319127e+03 2.957232e+03 3.298868e+03
3.3 3.050079e+03 3.217191e+03 2.934230e+03 2.767118e+03
4.3 3.005972e+03 3.266952e+03 2.955717e+03 2.694737e+03
5.3 2.976813e+03 3.293497e+03 2.986208e+03 2.669524e+03
6.3 3.084414e+03 3.326872e+03 3.007787e+03 2.765329e+03
7.3 3.440006e+03 3.394204e+03 3.019843e+03 3.065645e+03
8.3 3.483257e+03 3.402116e+03 3.025465e+03 3.106605e+03
9.3 3.302137e+03 3.384863e+03 3.027012e+03 2.944286e+03
10.3 3.138931e+03 3.337048e+03 3.025889e+03 2.827771e+03
11.3 3.256941e+03 3.290595e+03 2.998378e+03 2.964723e+03
12.3 3.156613e+03 3.277898e+03 2.946326e+03 2.825040e+03
13.3 3.107908e+03 3.250400e+03 2.940277e+03 2.797785e+03
14.3 2.594694e+03 2.709362e+03 2.967627e+03 2.852959e+03
15.3 2.913346e+03 2.819323e+03 2.994342e+03 3.088365e+03
16.3 2.830080e+03 2.922330e+03 2.979241e+03 2.886992e+03
17.3 2.976416e+03 2.961201e+03 2.942060e+03 2.957275e+03
18.3 3.117095e+03 2.918474e+03 2.948351e+03 3.146972e+03
19.3 3.080673e+03 3.072467e+03 2.978667e+03 2.986873e+03
20.3 2.683903e+03 2.961473e+03 3.004325e+03 2.726755e+03
0.6 3.138931e+03 3.337048e+03 3.025889e+03 2.827771e+03
1.6 3.256941e+03 3.290595e+03 2.998378e+03 2.964723e+03
2.6 3.156613e+03 3.277898e+03 2.946326e+03 2.825040e+03
3.6 3.107908e+03 3.250400e+03 2.940277e+03 2.797785e+03
4.6 2.594694e+03 2.709362e+03 2.967627e+03 2.852959e+03
5.6 2.913346e+03 2.819323e+03 2.994342e+03 3.088365e+03
6.6 2.830080e+03 2.922330e+03 2.979241e+03 2.886992e+03
7.6 2.976416e+03 2.961201e+03 2.942060e+03 2.957275e+03
8.6 3.117095e+03 2.918474e+03 2.948351e+03 3.146972e+03
9.6 3.080673e+03 3.072467e+03 2.978667e+03 2.986873e+03
10.6 2.683903e+03 2.961473e+03 3.004325e+03 2.726755e+03
11.6 2.491316e+03 2.742563e+03 3.018258e+03 2.767010e+03
12.6 2.920354e+03 3.260487e+03 2.993739e+03 2.653605e+03
13.6 3.130996e+03 3.160017e+03 2.948483e+03 2.919463e+03
14.6 2.591456e+03 2.961593e+03 2.948936e+03 2.578798e+03
15.6 2.735569e+03 2.854617e+03 2.970635e+03 2.851587e+03
16.6 2.928038e+03 3.308247e+03 2.946773e+03 2.566563e+03
17.6 3.613640e+03 3.369423e+03 2.927612e+03 3.171829e+03
18.6 2.800131e+03 3.084639e+03 2.951730e+03 2.667222e+03
19.6 3.112073e+03 3.032887e+03 2.987001e+03 3.066187e+03
20.6 3.370743e+03 3.192734e+03 3.011636e+03 3.189646e+03
0.8 2.913346e+03 2.819323e+03 2.994342e+03 3.088365e+03
1.8 2.830080e+03 2.922330e+03 2.979241e+03 2.886992e+03
2.8 2.976416e+03 2.961201e+03 2.942060e+03 2.957275e+03
3.8 3.117095e+03 2.918474e+03 2.948351e+03 3.146972e+03
4.8 3.080673e+03 3.072467e+03 2.978667e+03 2.986873e+03
5.8 2.683903e+03 2.961473e+03 3.004325e+03 2.726755e+03
6.8 2.491316e+03 2.742563e+03 3.018258e+03 2.767010e+03
7.8 2.920354e+03 3.260487e+03 2.993739e+03 2.653605e+03
8.8 3.130996e+03 3.160017e+03 2.948483e+03 2.919463e+03
9.8 2.591456e+03 2.961593e+03 2.948936e+03 2.578798e+03
10.8 2.735569e+03 2.854617e+03 2.970635e+03 2.851587e+03
11.8 2.928038e+03 3.308247e+03 2.946773e+03 2.566563e+03
12.8 3.613640e+03 3.369423e+03 2.927612e+03 3.171829e+03
13.8 2.800131e+03 3.084639e+03 2.951730e+03 2.667222e+03
14.8 3.112073e+03 3.032887e+03 2.987001e+03 3.066187e+03
15.8 3.370743e+03 3.192734e+03 3.011636e+03 3.189646e+03
16.8 3.350441e+03 3.409022e+03 3.024337e+03 2.965756e+03
17.8 3.172954e+03 3.269996e+03 3.029341e+03 2.932299e+03
18.8 3.309834e+03 3.142129e+03 3.029951e+03 3.197656e+03
19.8 3.467158e+03 3.323010e+03 3.028251e+03 3.172399e+03
20.8 3.500538e+03 3.459610e+03 3.009307e+03 3.050234e+03
0.7 2.491316e+03 2.742563e+03 3.018258e+03 2.767010e+03
1.7 2.920354e+03 3.260487e+03 2.993739e+03 2.653605e+03
2.7 3.130996e+03 3.160017e+03 2.948483e+03 2.919463e+03
3.7 2.591456e+03 2.961593e+03 2.948936e+03 2.578798e+03
4.7 2.735569e+03 2.854617e+03 2.970635e+03 2.851587e+03
5.7 2.928038e+03 3.308247e+03 2.946773e+03 2.566563e+03
6.7 3.613640e+03 3.369423e+03 2.927612e+03 3.171829e+03
7.7 2.800131e+03 3.084639e+03 2.951730e+03 2.667222e+03
8.7 3.112073e+03 3.032887e+03 2.987001e+03 3.066187e+03
9.7 3.370743e+03 3.192734e+03 3.011636e+03 3.189646e+03
10.7 3.350441e+03 3.409022e+03 3.024337e+03 2.965756e+03
11.7 3.172954e+03 3.269996e+03 3.029341e+03 2.932299e+03
12.7 3.309834e+03 3.142129e+03 3.029951e+03 3.197656e+03
13.7 3.467158e+03 3.323010e+03 3.028251e+03 3.172399e+03
14.7 3.500538e+03 3.459610e+03 3.009307e+03 3.050234e+03
15.7 3.224711e+03 3.180208e+03 2.954743e+03 2.999246e+03
16.7 3.644073e+03 3.345351e+03 2.937758e+03 3.236479e+03
17.7 3.703664e+03 3.554773e+03 2.961505e+03 3.110396e+03
18.7 3.439704e+03 3.447641e+03 2.990332e+03 2.982396e+03
19.7 3.553095e+03 3.223535e+03 2.985696e+03 3.315255e+03
20.7 3.595848e+03 3.277202e+03 2.945690e+03 3.264336e+03
0.1 2.591456e+03 2.961593e+03 2.948936e+03 2.578798e+03
1.1 2.735569e+03 2.854617e+03 2.970635e+03 2.851587e+03
2.1 2.928038e+03 3.308247e+03 2.946773e+03 2.566563e+03
3.1 3.613640e+03 3.369423e+03 2.927612e+03 3.171829e+03
4.1 2.800131e+03 3.084639e+03 2.951730e+03 2.667222e+03
5.1 3.112073e+03 3.032887e+03 2.987001e+03 3.066187e+03
6.1 3.370743e+03 3.192734e+03 3.011636e+03 3.189646e+03
7.1 3.350441e+03 3.409022e+03 3.024337e+03 2.965756e+03
8.1 3.172954e+03 3.269996e+03 3.029341e+03 2.932299e+03
9.1 3.309834e+03 3.142129e+03 3.029951e+03 3.197656e+03
10.1 3.467158e+03 3.323010e+03 3.028251e+03 3.172399e+03
11.1 3.500538e+03 3.459610e+03 3.009307e+03 3.050234e+03
12.1 3.224711e+03 3.180208e+03 2.954743e+03 2.999246e+03
13.1 3.644073e+03 3.345351e+03 2.937758e+03 3.236479e+03
14.1 3.703664e+03 3.554773e+03 2.961505e+03 3.110396e+03
15.1 3.439704e+03 3.447641e+03 2.990332e+03 2.982396e+03
16.1 3.553095e+03 3.223535e+03 2.985696e+03 3.315255e+03
17.1 3.595848e+03 3.277202e+03 2.945690e+03 3.264336e+03
18.1 3.470516e+03 3.365936e+03 2.944391e+03 3.048971e+03
19.1 3.486087e+03 3.387888e+03 2.973333e+03 3.071532e+03
20.1 3.775262e+03 3.489573e+03 3.000778e+03 3.286467e+03
0.4 3.467158e+03 3.323010e+03 3.028251e+03 3.172399e+03
1.4 3.500538e+03 3.459610e+03 3.009307e+03 3.050234e+03
2.4 3.224711e+03 3.180208e+03 2.954743e+03 2.999246e+03
3.4 3.644073e+03 3.345351e+03 2.937758e+03 3.236479e+03
4.4 3.703664e+03 3.554773e+03 2.961505e+03 3.110396e+03
5.4 3.439704e+03 3.447641e+03 2.990332e+03 2.982396e+03
6.4 3.553095e+03 3.223535e+03 2.985696e+03 3.315255e+03
7.4 3.595848e+03 3.277202e+03 2.945690e+03 3.264336e+03
8.4 3.470516e+03 3.365936e+03 2.944391e+03 3.048971e+03
9.4 3.486087e+03 3.387888e+03 2.973333e+03 3.071532e+03
10.4 3.775262e+03 3.489573e+03 3.000778e+03 3.286467e+03
11.4 3.612955e+03 3.621958e+03 3.017261e+03 3.008257e+03
12.4 3.678891e+03 3.655445e+03 3.025238e+03 3.048684e+03
13.4 3.904533e+03 3.621702e+03 3.028060e+03 3.310892e+03
14.4 3.806594e+03 3.610054e+03 3.027867e+03 3.224406e+03
15.4 3.715315e+03 3.631497e+03 3.026166e+03 3.109985e+03
16.4 3.615658e+03 3.639325e+03 3.024084e+03 3.000417e+03
17.4 3.806292e+03 3.660344e+03 3.022287e+03 3.168235e+03
18.4 3.835510e+03 3.645077e+03 3.021013e+03 3.211446e+03
19.4 3.670841e+03 3.497690e+03 3.020227e+03 3.193378e+03
20.4 2.689132e+03 3.529846e+03 3.019792e+03 2.179078e+03
0.6 3.439704e+03 3.447641e+03 2.990332e+03 2.982396e+03
1.6 3.553095e+03 3.223535e+03 2.985696e+03 3.315255e+03
2.6 3.595848e+03 3.277202e+03 2.945690e+03 3.264336e+03
3.6 3.470516e+03 3.365936e+03 2.944391e+03 3.048971e+03
4.6 3.486087e+03 3.387888e+03 2.973333e+03 3.071532e+03
5.6 3.775262e+03 3.489573e+03 3.000778e+03 3.286467e+03
6.6 3.612955e+03 3.621958e+03 3.017261e+03 3.008257e+03
7.6 3.678891e+03 3.655445e+03 3.025238e+03 3.048684e+03
8.6 3.904533e+03 3.621702e+03 3.028060e+03 3.310892e+03
9.6 3.806594e+03 3.610054e+03 3.027867e+03 3.224406e+03
10.6 3.715315e+03 3.631497e+03 3.026166e+03 3.109985e+03
11.6 3.615658e+03 3.639325e+03 3.024084e+03 3.000417e+03
12.6 3.806292e+03 3.660344e+03 3.022287e+03 3.168235e+03
13.6 3.835510e+03 3.645077e+03 3.021013e+03 3.211446e+03
14.6 3.670841e+03 3.497690e+03 3.020227e+03 3.193378e+03
15.6 2.689132e+03 3.529846e+03 3.019792e+03 2.179078e+03
16.6 3.396568e+03 3.496264e+03 3.019570e+03 2.919874e+03
17.6 3.375390e+03 3.420452e+03 3.019468e+03 2.974407e+03
18.6 3.136367e+03 3.480847e+03 3.019423e+03 2.674942e+03
19.6 3.207387e+03 3.506399e+03 3.019404e+03 2.720393e+03
20.6 3.537959e+03 3.483493e+03 3.019397e+03 3.073862e+03
1.0 3.451162e+03 3.577888e+03 3.015257e+03 2.888531e+03
2.0 3.511491e+03 3.515986e+03 2.970968e+03 2.966474e+03
3.0 3.826097e+03 3.483734e+03 2.934757e+03 3.277120e+03
4.0 3.632248e+03 3.585293e+03 2.948003e+03 2.994958e+03
5.0 3.749240e+03 3.607523e+03 2.978940e+03 3.120656e+03
6.0 3.662444e+03 3.599252e+03 3.003262e+03 3.066453e+03
7.0 3.633638e+03 3.615370e+03 3.014320e+03 3.032588e+03
8.0 3.675723e+03 3.627587e+03 2.979302e+03 3.027437e+03
9.0 3.775838e+03 3.549180e+03 2.942874e+03 3.169532e+03
10.0 3.625959e+03 3.579642e+03 2.953579e+03 2.999896e+03
11.0 3.707348e+03 3.660656e+03 2.982798e+03 3.029490e+03
12.0 3.640844e+03 3.690645e+03 2.999925e+03 2.950124e+03
13.0 3.665196e+03 3.455444e+03 2.965917e+03 3.175669e+03
14.0 3.091712e+03 3.427307e+03 2.940234e+03 2.604639e+03
15.0 3.440118e+03 3.522966e+03 2.958556e+03 2.875708e+03
16.0 3.388260e+03 3.540292e+03 2.988951e+03 2.836920e+03
17.0 3.458699e+03 3.590628e+03 3.010630e+03 2.878701e+03
18.0 3.515470e+03 3.604257e+03 3.022185e+03 2.933398e+03
19.0 3.313031e+03 3.573251e+03 3.027160e+03 2.766940e+03
20.0 3.539704e+03 3.655885e+03 3.028218e+03 2.912037e+03
21.0 3.864415e+03 3.701894e+03 3.027087e+03 3.189609e+03
1.0 3.633638e+03 3.615370e+03 3.014320e+03 3.032588e+03
2.0 3.675723e+03 3.627587e+03 2.979302e+03 3.027437e+03
3.0 3.775838e+03 3.549180e+03 2.942874e+03 3.169532e+03
4.0 3.625959e+03 3.579642e+03 2.953579e+03 2.999896e+03
5.0 3.707348e+03 3.660656e+03 2.982798e+03 3.029490e+03
6.0 3.640844e+03 3.690645e+03 2.999925e+03 2.950124e+03
7.0 3.665196e+03 3.455444e+03 2.965917e+03 3.175669e+03
8.0 3.091712e+03 3.427307e+03 2.940234e+03 2.604639e+03
9.0 3.440118e+03 3.522966e+03 2.958556e+03 2.875708e+03
10.0 3.388260e+03 3.540292e+03 2.988951e+03 2.836920e+03
11.0 3.458699e+03 3.590628e+03 3.010630e+03 2.878701e+03
12.0 3.515470e+03 3.604257e+03 3.022185e+03 2.933398e+03
13.0 3.313031e+03 3.573251e+03 3.027160e+03 2.766940e+03
14.0 3.539704e+03 3.655885e+03 3.028218e+03 2.912037e+03
15.0 3.864415e+03 3.701894e+03 3.027087e+03 3.189609e+03
16.0 3.551012e+03 3.634649e+03 3.025083e+03 2.941447e+03
17.0 3.614546e+03 3.689161e+03 3.023098e+03 2.948482e+03
0.1 3.707348e+03 3.660656e+03 2.982798e+03 3.029490e+03
1.1 3.640844e+03 3.690645e+03 2.999925e+03 2.950124e+03
2.1 3.665196e+03 3.455444e+03 2.965917e+03 3.175669e+03
3.1 3.091712e+03 3.427307e+03 2.940234e+03 2.604639e+03
4.1 3.440118e+03 3.522966e+03 2.958556e+03 2.875708e+03
5.1 3.388260e+03 3.540292e+03 2.988951e+03 2.836920e+03
6.1 3.458699e+03 3.590628e+03 3.010630e+03 2.878701e+03
7.1 3.515470e+03 3.604257e+03 3.022185e+03 2.933398e+03
8.1 3.313031e+03 3.573251e+03 3.027160e+03 2.766940e+03
9.1 3.539704e+03 3.655885e+03 3.028218e+03 2.912037e+03
10.1 3.864415e+03 3.701894e+03 3.027087e+03 3.189609e+03
11.1 3.551012e+03 3.634649e+03 3.025083e+03 2.941447e+03
12.1 3.614546e+03 3.689161e+03 3.023098e+03 2.948482e+03
