0.2 4.883780e+03 4.977068e+03 3.816219e+03 3.722931e+03
1.1 4.797199e+03 5.029899e+03 3.825686e+03 3.592987e+03
2.1 4.965252e+03 5.121087e+03 3.893958e+03 3.738123e+03
3.1 5.005826e+03 5.121615e+03 3.937346e+03 3.821557e+03
4.1 5.085152e+03 5.104461e+03 3.912850e+03 3.893540e+03
5.1 5.140789e+03 5.037380e+03 3.868963e+03 3.972371e+03
6.1 5.042605e+03 5.037884e+03 3.836151e+03 3.840873e+03
7.1 5.063233e+03 5.065734e+03 3.817370e+03 3.814869e+03
8.1 5.196993e+03 5.108258e+03 3.808319e+03 3.897053e+03
9.1 5.285212e+03 5.144761e+03 3.805458e+03 3.945909e+03
10.1 5.506977e+03 5.177774e+03 3.806242e+03 4.135445e+03
11.1 5.348463e+03 5.069078e+03 3.808635e+03 4.088020e+03
12.1 5.122692e+03 5.053794e+03 3.811211e+03 3.880109e+03
13.1 5.097131e+03 5.035038e+03 3.817743e+03 3.879836e+03
14.1 5.171969e+03 5.138738e+03 3.878790e+03 3.912022e+03
15.1 5.229146e+03 5.161097e+03 3.934744e+03 4.002793e+03
16.1 5.261861e+03 5.148407e+03 3.919487e+03 4.032942e+03
17.1 5.178403e+03 5.113239e+03 3.875909e+03 3.941073e+03
18.1 5.076689e+03 5.113136e+03 3.840617e+03 3.804170e+03
19.1 5.198481e+03 5.111898e+03 3.823630e+03 3.910213e+03
20.1 5.252143e+03 5.158274e+03 3.871188e+03 3.965056e+03
1.0 5.097131e+03 5.035038e+03 3.817743e+03 3.879836e+03
2.0 5.171969e+03 5.138738e+03 3.878790e+03 3.912022e+03
3.0 5.229146e+03 5.161097e+03 3.934744e+03 4.002793e+03
4.0 5.261861e+03 5.148407e+03 3.919487e+03 4.032942e+03
5.0 5.178403e+03 5.113239e+03 3.875909e+03 3.941073e+03
6.0 5.076689e+03 5.113136e+03 3.840617e+03 3.804170e+03
7.0 5.198481e+03 5.111898e+03 3.823630e+03 3.910213e+03
8.0 5.252143e+03 5.158274e+03 3.871188e+03 3.965056e+03
9.0 5.254108e+03 5.213267e+03 3.924408e+03 3.965248e+03
10.0 4.955977e+03 5.200237e+03 3.910687e+03 3.666426e+03
11.0 5.054609e+03 5.208211e+03 3.886267e+03 3.732666e+03
12.0 5.089002e+03 5.224684e+03 3.926303e+03 3.790622e+03
13.0 5.093466e+03 5.255938e+03 3.937661e+03 3.775189e+03
14.0 5.091731e+03 5.249072e+03 3.896907e+03 3.739565e+03
15.0 5.132488e+03 5.240600e+03 3.850801e+03 3.742689e+03
16.0 5.249786e+03 5.326447e+03 3.821302e+03 3.744641e+03
17.0 5.240154e+03 5.323202e+03 3.806946e+03 3.723898e+03
18.0 5.135527e+03 5.277903e+03 3.801895e+03 3.659519e+03
19.0 5.234791e+03 5.348479e+03 3.802053e+03 3.688365e+03
20.0 5.268667e+03 5.376393e+03 3.804763e+03 3.697036e+03
21.0 5.230992e+03 5.318792e+03 3.808176e+03 3.720376e+03
0.9 5.198481e+03 5.111898e+03 3.823630e+03 3.910213e+03
1.9 5.252143e+03 5.158274e+03 3.871188e+03 3.965056e+03
2.9 5.254108e+03 5.213267e+03 3.924408e+03 3.965248e+03
3.9 4.955977e+03 5.200237e+03 3.910687e+03 3.666426e+03
4.9 5.054609e+03 5.208211e+03 3.886267e+03 3.732666e+03
5.9 5.089002e+03 5.224684e+03 3.926303e+03 3.790622e+03
6.9 5.093466e+03 5.255938e+03 3.937661e+03 3.775189e+03
7.9 5.091731e+03 5.249072e+03 3.896907e+03 3.739565e+03
8.9 5.132488e+03 5.240600e+03 3.850801e+03 3.742689e+03
9.9 5.249786e+03 5.326447e+03 3.821302e+03 3.744641e+03
10.9 5.240154e+03 5.323202e+03 3.806946e+03 3.723898e+03
11.9 5.135527e+03 5.277903e+03 3.801895e+03 3.659519e+03
12.9 5.234791e+03 5.348479e+03 3.802053e+03 3.688365e+03
13.9 5.268667e+03 5.376393e+03 3.804763e+03 3.697036e+03
14.9 5.230992e+03 5.318792e+03 3.808176e+03 3.720376e+03
15.9 5.289276e+03 5.315062e+03 3.811182e+03 3.785396e+03
16.9 5.377377e+03 5.265102e+03 3.826270e+03 3.938545e+03
17.9 5.466665e+03 5.325425e+03 3.898892e+03 4.040131e+03
18.9 5.459391e+03 5.386369e+03 3.936675e+03 4.009697e+03
19.9 5.416360e+03 5.336824e+03 3.908820e+03 3.988356e+03
20.9 5.329769e+03 5.323334e+03 3.865414e+03 3.871849e+03
0.3 4.955977e+03 5.200237e+03 3.910687e+03 3.666426e+03
1.3 5.054609e+03 5.208211e+03 3.886267e+03 3.732666e+03
2.3 5.089002e+03 5.224684e+03 3.926303e+03 3.790622e+03
3.3 5.093466e+03 5.255938e+03 3.937661e+03 3.775189e+03
4.3 5.091731e+03 5.249072e+03 3.896907e+03 3.739565e+03
5.3 5.132488e+03 5.240600e+03 3.850801e+03 3.742689e+03
6.3 5.249786e+03 5.326447e+03 3.821302e+03 3.744641e+03
7.3 5.240154e+03 5.323202e+03 3.806946e+03 3.723898e+03
8.3 5.135527e+03 5.277903e+03 3.801895e+03 3.659519e+03
9.3 5.234791e+03 5.348479e+03 3.802053e+03 3.688365e+03
10.3 5.268667e+03 5.376393e+03 3.804763e+03 3.697036e+03
11.3 5.230992e+03 5.318792e+03 3.808176e+03 3.720376e+03
12.3 5.289276e+03 5.315062e+03 3.811182e+03 3.785396e+03
13.3 5.377377e+03 5.265102e+03 3.826270e+03 3.938545e+03
14.3 5.466665e+03 5.325425e+03 3.898892e+03 4.040131e+03
15.3 5.459391e+03 5.386369e+03 3.936675e+03 4.009697e+03
16.3 5.416360e+03 5.336824e+03 3.908820e+03 3.988356e+03
17.3 5.329769e+03 5.323334e+03 3.865414e+03 3.871849e+03
18.3 5.337425e+03 5.379152e+03 3.833988e+03 3.792261e+03
19.3 5.547060e+03 5.451895e+03 3.816251e+03 3.911415e+03
20.3 5.485515e+03 5.498962e+03 3.807863e+03 3.794416e+03
0.2 5.289276e+03 5.315062e+03 3.811182e+03 3.785396e+03
1.2 5.377377e+03 5.265102e+03 3.826270e+03 3.938545e+03
2.2 5.466665e+03 5.325425e+03 3.898892e+03 4.040131e+03
3.2 5.459391e+03 5.386369e+03 3.936675e+03 4.009697e+03
4.2 5.416360e+03 5.336824e+03 3.908820e+03 3.988356e+03
5.2 5.329769e+03 5.323334e+03 3.865414e+03 3.871849e+03
6.2 5.337425e+03 5.379152e+03 3.833988e+03 3.792261e+03
7.2 5.547060e+03 5.451895e+03 3.816251e+03 3.911415e+03
8.2 5.485515e+03 5.498962e+03 3.807863e+03 3.794416e+03
9.2 5.393520e+03 5.473144e+03 3.805414e+03 3.725789e+03
10.2 5.352463e+03 5.483017e+03 3.806410e+03 3.675856e+03
11.2 5.416412e+03 5.503892e+03 3.808863e+03 3.721383e+03
12.2 5.458098e+03 5.497595e+03 3.811413e+03 3.771916e+03
13.2 5.412173e+03 5.431668e+03 3.813406e+03 3.793911e+03
14.2 5.470580e+03 5.394900e+03 3.818604e+03 3.894284e+03
15.2 5.485727e+03 5.468237e+03 3.879198e+03 3.896688e+03
16.2 5.682493e+03 5.526476e+03 3.940170e+03 4.096187e+03
17.2 5.695851e+03 5.488614e+03 3.926572e+03 4.133809e+03
18.2 5.642502e+03 5.464535e+03 3.880939e+03 4.058906e+03
19.2 5.508450e+03 5.415624e+03 3.843167e+03 3.935992e+03
20.2 5.462042e+03 5.506214e+03 3.823493e+03 3.779321e+03
0.9 5.470580e+03 5.394900e+03 3.818604e+03 3.894284e+03
1.9 5.485727e+03 5.468237e+03 3.879198e+03 3.896688e+03
2.9 5.682493e+03 5.526476e+03 3.940170e+03 4.096187e+03
3.9 5.695851e+03 5.488614e+03 3.926572e+03 4.133809e+03
4.9 5.642502e+03 5.464535e+03 3.880939e+03 4.058906e+03
5.9 5.508450e+03 5.415624e+03 3.843167e+03 3.935992e+03
6.9 5.462042e+03 5.506214e+03 3.823493e+03 3.779321e+03
7.9 5.446041e+03 5.527992e+03 3.866532e+03 3.784580e+03
8.9 5.562955e+03 5.583616e+03 3.922679e+03 3.902018e+03
9.9 5.466466e+03 5.558468e+03 3.912234e+03 3.820232e+03
10.9 5.473213e+03 5.527571e+03 3.871194e+03 3.816836e+03
11.9 5.348423e+03 5.470795e+03 3.837308e+03 3.714936e+03
12.9 5.488411e+03 5.478408e+03 3.817588e+03 3.827591e+03
13.9 5.686954e+03 5.579272e+03 3.808016e+03 3.915698e+03
14.9 5.702726e+03 5.666349e+03 3.804783e+03 3.841159e+03
15.9 5.682967e+03 5.612537e+03 3.805358e+03 3.875789e+03
16.9 5.630434e+03 5.581319e+03 3.807756e+03 3.856871e+03
17.9 5.401650e+03 5.535717e+03 3.810498e+03 3.676430e+03
18.9 5.167981e+03 5.481197e+03 3.812767e+03 3.499552e+03
19.9 5.300454e+03 5.553678e+03 3.814326e+03 3.561102e+03
20.9 5.462409e+03 5.634888e+03 3.815265e+03 3.642786e+03
0.9 5.462042e+03 5.506214e+03 3.823493e+03 3.779321e+03
1.9 5.446041e+03 5.527992e+03 3.866532e+03 3.784580e+03
2.9 5.562955e+03 5.583616e+03 3.922679e+03 3.902018e+03
3.9 5.466466e+03 5.558468e+03 3.912234e+03 3.820232e+03
4.9 5.473213e+03 5.527571e+03 3.871194e+03 3.816836e+03
5.9 5.348423e+03 5.470795e+03 3.837308e+03 3.714936e+03
6.9 5.488411e+03 5.478408e+03 3.817588e+03 3.827591e+03
7.9 5.686954e+03 5.579272e+03 3.808016e+03 3.915698e+03
8.9 5.702726e+03 5.666349e+03 3.804783e+03 3.841159e+03
9.9 5.682967e+03 5.612537e+03 3.805358e+03 3.875789e+03
10.9 5.630434e+03 5.581319e+03 3.807756e+03 3.856871e+03
11.9 5.401650e+03 5.535717e+03 3.810498e+03 3.676430e+03
12.9 5.167981e+03 5.481197e+03 3.812767e+03 3.499552e+03
13.9 5.300454e+03 5.553678e+03 3.814326e+03 3.561102e+03
14.9 5.462409e+03 5.634888e+03 3.815265e+03 3.642786e+03
15.9 5.414425e+03 5.590016e+03 3.815770e+03 3.640179e+03
16.9 5.330955e+03 5.552172e+03 3.816020e+03 3.594803e+03
17.9 5.312652e+03 5.493555e+03 3.816136e+03 3.635234e+03
18.9 5.484582e+03 5.588120e+03 3.816186e+03 3.712648e+03
19.9 5.551729e+03 5.629656e+03 3.816207e+03 3.738280e+03
20.9 5.589977e+03 5.571100e+03 3.816217e+03 3.835093e+03
0.7 5.624441e+03 5.602231e+03 3.817157e+03 3.839366e+03
1.7 5.563227e+03 5.528020e+03 3.859763e+03 3.894970e+03
2.7 5.583356e+03 5.555591e+03 3.928288e+03 3.956053e+03
3.7 5.410748e+03 5.390342e+03 3.928843e+03 3.949249e+03
4.7 5.403872e+03 5.332853e+03 3.894844e+03 3.965863e+03
5.7 5.691092e+03 5.427092e+03 3.921614e+03 4.185614e+03
6.7 5.641950e+03 5.370206e+03 3.944748e+03 4.216491e+03
7.7 5.428766e+03 5.295619e+03 3.910297e+03 4.043444e+03
8.7 5.601414e+03 5.231462e+03 3.861173e+03 4.231124e+03
9.7 5.584073e+03 5.149804e+03 3.826996e+03 4.261264e+03
10.7 5.457600e+03 5.133887e+03 3.809441e+03 4.133153e+03
11.7 5.326950e+03 5.094545e+03 3.804986e+03 4.037391e+03
12.7 5.176369e+03 5.039255e+03 3.856650e+03 3.993764e+03
13.7 4.133311e+03 4.169666e+03 3.920819e+03 3.884464e+03
14.7 4.787556e+03 4.867811e+03 3.915308e+03 3.835053e+03
15.7 5.110407e+03 4.842540e+03 3.875336e+03 4.143203e+03
16.7 4.980247e+03 4.746968e+03 3.840666e+03 4.073945e+03
17.7 5.261180e+03 4.703442e+03 3.819801e+03 4.377539e+03
18.7 4.860253e+03 4.522249e+03 3.809281e+03 4.147286e+03
19.7 5.016299e+03 4.697504e+03 3.805437e+03 4.124232e+03
20.7 4.574845e+03 4.609672e+03 3.827353e+03 3.792526e+03
0.1 5.410748e+03 5.390342e+03 3.928843e+03 3.949249e+03
1.1 5.403872e+03 5.332853e+03 3.894844e+03 3.965863e+03
2.1 5.691092e+03 5.427092e+03 3.921614e+03 4.185614e+03
3.1 5.641950e+03 5.370206e+03 3.944748e+03 4.216491e+03
4.1 5.428766e+03 5.295619e+03 3.910297e+03 4.043444e+03
5.1 5.601414e+03 5.231462e+03 3.861173e+03 4.231124e+03
6.1 5.584073e+03 5.149804e+03 3.826996e+03 4.261264e+03
7.1 5.457600e+03 5.133887e+03 3.809441e+03 4.133153e+03
8.1 5.326950e+03 5.094545e+03 3.804986e+03 4.037391e+03
9.1 5.176369e+03 5.039255e+03 3.856650e+03 3.993764e+03
10.1 4.133311e+03 4.169666e+03 3.920819e+03 3.884464e+03
11.1 4.787556e+03 4.867811e+03 3.915308e+03 3.835053e+03
12.1 5.110407e+03 4.842540e+03 3.875336e+03 4.143203e+03
13.1 4.980247e+03 4.746968e+03 3.840666e+03 4.073945e+03
14.1 5.261180e+03 4.703442e+03 3.819801e+03 4.377539e+03
15.1 4.860253e+03 4.522249e+03 3.809281e+03 4.147286e+03
16.1 5.016299e+03 4.697504e+03 3.805437e+03 4.124232e+03
17.1 4.574845e+03 4.609672e+03 3.827353e+03 3.792526e+03
18.1 4.803330e+03 4.710552e+03 3.903706e+03 3.996484e+03
19.1 4.673544e+03 4.798301e+03 3.930231e+03 3.805474e+03
20.1 4.515817e+03 4.734907e+03 3.898037e+03 3.678947e+03
0.9 5.326950e+03 5.094545e+03 3.804986e+03 4.037391e+03
1.9 5.176369e+03 5.039255e+03 3.856650e+03 3.993764e+03
2.9 4.133311e+03 4.169666e+03 3.920819e+03 3.884464e+03
3.9 4.787556e+03 4.867811e+03 3.915308e+03 3.835053e+03
4.9 5.110407e+03 4.842540e+03 3.875336e+03 4.143203e+03
5.9 4.980247e+03 4.746968e+03 3.840666e+03 4.073945e+03
6.9 5.261180e+03 4.703442e+03 3.819801e+03 4.377539e+03
7.9 4.860253e+03 4.522249e+03 3.809281e+03 4.147286e+03
8.9 5.016299e+03 4.697504e+03 3.805437e+03 4.124232e+03
9.9 4.574845e+03 4.609672e+03 3.827353e+03 3.792526e+03
10.9 4.803330e+03 4.710552e+03 3.903706e+03 3.996484e+03
11.9 4.673544e+03 4.798301e+03 3.930231e+03 3.805474e+03
12.9 4.515817e+03 4.734907e+03 3.898037e+03 3.678947e+03
13.9 4.566518e+03 4.777429e+03 3.857140e+03 3.646229e+03
14.9 4.293189e+03 4.760749e+03 3.829188e+03 3.361628e+03
15.9 4.205260e+03 4.677512e+03 3.834220e+03 3.361968e+03
16.9 4.173649e+03 4.717025e+03 3.904589e+03 3.361213e+03
17.9 3.953546e+03 4.542302e+03 3.931525e+03 3.342769e+03
18.9 3.428491e+03 3.802956e+03 3.898321e+03 3.523856e+03
19.9 3.489936e+03 3.860447e+03 3.855970e+03 3.485459e+03
20.9 3.635670e+03 3.867436e+03 3.827421e+03 3.595655e+03
0.4 5.016299e+03 4.697504e+03 3.805437e+03 4.124232e+03
1.4 4.574845e+03 4.609672e+03 3.827353e+03 3.792526e+03
2.4 4.803330e+03 4.710552e+03 3.903706e+03 3.996484e+03
3.4 4.673544e+03 4.798301e+03 3.930231e+03 3.805474e+03
4.4 4.515817e+03 4.734907e+03 3.898037e+03 3.678947e+03
5.4 4.566518e+03 4.777429e+03 3.857140e+03 3.646229e+03
6.4 4.293189e+03 4.760749e+03 3.829188e+03 3.361628e+03
7.4 4.205260e+03 4.677512e+03 3.834220e+03 3.361968e+03
8.4 4.173649e+03 4.717025e+03 3.904589e+03 3.361213e+03
9.4 3.953546e+03 4.542302e+03 3.931525e+03 3.342769e+03
10.4 3.428491e+03 3.802956e+03 3.898321e+03 3.523856e+03
11.4 3.489936e+03 3.860447e+03 3.855970e+03 3.485459e+03
12.4 3.635670e+03 3.867436e+03 3.827421e+03 3.595655e+03
13.4 4.365206e+03 4.227637e+03 3.812152e+03 3.949720e+03
14.4 4.212598e+03 4.000702e+03 3.805504e+03 4.017399e+03
15.4 3.980359e+03 3.889512e+03 3.804207e+03 3.895054e+03
16.4 3.814291e+03 3.807019e+03 3.805906e+03 3.813179e+03
17.4 3.469375e+03 3.543569e+03 3.808727e+03 3.734533e+03
18.4 3.335169e+03 3.640754e+03 3.811428e+03 3.505844e+03
19.4 3.343972e+03 3.403616e+03 3.813460e+03 3.753816e+03
20.4 3.570611e+03 3.899768e+03 3.822336e+03 3.493179e+03
0.4 4.293189e+03 4.760749e+03 3.829188e+03 3.361628e+03
1.4 4.205260e+03 4.677512e+03 3.834220e+03 3.361968e+03
2.4 4.173649e+03 4.717025e+03 3.904589e+03 3.361213e+03
3.4 3.953546e+03 4.542302e+03 3.931525e+03 3.342769e+03
4.4 3.428491e+03 3.802956e+03 3.898321e+03 3.523856e+03
5.4 3.489936e+03 3.860447e+03 3.855970e+03 3.485459e+03
6.4 3.635670e+03 3.867436e+03 3.827421e+03 3.595655e+03
7.4 4.365206e+03 4.227637e+03 3.812152e+03 3.949720e+03
8.4 4.212598e+03 4.000702e+03 3.805504e+03 4.017399e+03
9.4 3.980359e+03 3.889512e+03 3.804207e+03 3.895054e+03
10.4 3.814291e+03 3.807019e+03 3.805906e+03 3.813179e+03
11.4 3.469375e+03 3.543569e+03 3.808727e+03 3.734533e+03
12.4 3.335169e+03 3.640754e+03 3.811428e+03 3.505844e+03
13.4 3.343972e+03 3.403616e+03 3.813460e+03 3.753816e+03
14.4 3.570611e+03 3.899768e+03 3.822336e+03 3.493179e+03
15.4 2.890673e+03 3.035686e+03 3.891249e+03 3.746236e+03
16.4 3.749042e+03 3.746548e+03 3.942467e+03 3.944961e+03
17.4 3.479435e+03 3.688187e+03 3.920654e+03 3.711902e+03
18.4 3.578334e+03 3.616215e+03 3.874624e+03 3.836743e+03
19.4 3.323504e+03 3.500475e+03 3.839074e+03 3.662103e+03
20.4 3.154649e+03 3.347195e+03 3.824321e+03 3.631775e+03
0.1 3.343972e+03 3.403616e+03 3.813460e+03 3.753816e+03
1.1 3.570611e+03 3.899768e+03 3.822336e+03 3.493179e+03
2.1 2.890673e+03 3.035686e+03 3.891249e+03 3.746236e+03
3.1 3.749042e+03 3.746548e+03 3.942467e+03 3.944961e+03
4.1 3.479435e+03 3.688187e+03 3.920654e+03 3.711902e+03
5.1 3.578334e+03 3.616215e+03 3.874624e+03 3.836743e+03
6.1 3.323504e+03 3.500475e+03 3.839074e+03 3.662103e+03
7.1 3.154649e+03 3.347195e+03 3.824321e+03 3.631775e+03
8.1 3.173329e+03 3.461758e+03 3.877120e+03 3.588691e+03
9.1 3.277154e+03 3.476194e+03 3.925163e+03 3.726123e+03
10.1 3.478956e+03 3.554155e+03 3.906978e+03 3.831779e+03
11.1 2.747942e+03 2.852422e+03 3.865497e+03 3.761017e+03
12.1 3.256139e+03 3.236599e+03 3.844228e+03 3.863768e+03
13.1 3.903648e+03 3.601917e+03 3.895623e+03 4.197355e+03
14.1 3.453925e+03 3.399778e+03 3.928440e+03 3.982587e+03
15.1 3.882396e+03 3.567268e+03 3.900297e+03 4.215425e+03
16.1 3.864840e+03 3.620211e+03 3.888136e+03 4.132765e+03
17.1 3.420801e+03 3.241850e+03 3.931560e+03 4.110511e+03
18.1 3.543884e+03 3.259769e+03 3.928789e+03 4.212904e+03
19.1 3.490085e+03 3.269215e+03 3.883810e+03 4.104679e+03
20.1 3.031487e+03 2.638455e+03 3.841479e+03 4.234511e+03
1.0 3.154649e+03 3.347195e+03 3.824321e+03 3.631775e+03
2.0 3.173329e+03 3.461758e+03 3.877120e+03 3.588691e+03
3.0 3.277154e+03 3.476194e+03 3.925163e+03 3.726123e+03
4.0 3.478956e+03 3.554155e+03 3.906978e+03 3.831779e+03
5.0 2.747942e+03 2.852422e+03 3.865497e+03 3.761017e+03
6.0 3.256139e+03 3.236599e+03 3.844228e+03 3.863768e+03
7.0 3.903648e+03 3.601917e+03 3.895623e+03 4.197355e+03
8.0 3.453925e+03 3.399778e+03 3.928440e+03 3.982587e+03
9.0 3.882396e+03 3.567268e+03 3.900297e+03 4.215425e+03
10.0 3.864840e+03 3.620211e+03 3.888136e+03 4.132765e+03
11.0 3.420801e+03 3.241850e+03 3.931560e+03 4.110511e+03
12.0 3.543884e+03 3.259769e+03 3.928789e+03 4.212904e+03
13.0 3.490085e+03 3.269215e+03 3.883810e+03 4.104679e+03
14.0 3.031487e+03 2.638455e+03 3.841479e+03 4.234511e+03
15.0 3.350914e+03 2.979333e+03 3.816549e+03 4.188131e+03
16.0 3.099212e+03 2.886385e+03 3.833866e+03 4.046693e+03
17.0 3.346750e+03 3.130454e+03 3.904120e+03 4.120416e+03
18.0 3.340249e+03 3.225055e+03 3.920240e+03 4.035434e+03
19.0 3.046907e+03 2.962195e+03 3.885639e+03 3.970351e+03
20.0 3.361632e+03 3.276873e+03 3.847667e+03 3.932426e+03
21.0 3.251837e+03 3.275413e+03 3.823286e+03 3.799710e+03
0.2 2.747942e+03 2.852422e+03 3.865497e+03 3.761017e+03
1.2 3.256139e+03 3.236599e+03 3.844228e+03 3.863768e+03
2.2 3.903648e+03 3.601917e+03 3.895623e+03 4.197355e+03
3.2 3.453925e+03 3.399778e+03 3.928440e+03 3.982587e+03
4.2 3.882396e+03 3.567268e+03 3.900297e+03 4.215425e+03
5.2 3.864840e+03 3.620211e+03 3.888136e+03 4.132765e+03
6.2 3.420801e+03 3.241850e+03 3.931560e+03 4.110511e+03
7.2 3.543884e+03 3.259769e+03 3.928789e+03 4.212904e+03
8.2 3.490085e+03 3.269215e+03 3.883810e+03 4.104679e+03
9.2 3.031487e+03 2.638455e+03 3.841479e+03 4.234511e+03
10.2 3.350914e+03 2.979333e+03 3.816549e+03 4.188131e+03
11.2 3.099212e+03 2.886385e+03 3.833866e+03 4.046693e+03
12.2 3.346750e+03 3.130454e+03 3.904120e+03 4.120416e+03
13.2 3.340249e+03 3.225055e+03 3.920240e+03 4.035434e+03
14.2 3.046907e+03 2.962195e+03 3.885639e+03 3.970351e+03
15.2 3.361632e+03 3.276873e+03 3.847667e+03 3.932426e+03
16.2 3.251837e+03 3.275413e+03 3.823286e+03 3.799710e+03
17.2 3.107880e+03 3.228941e+03 3.810607e+03 3.689547e+03
18.2 3.179457e+03 3.189874e+03 3.819615e+03 3.809198e+03
19.2 3.251108e+03 3.154844e+03 3.891070e+03 3.987335e+03
20.2 3.129510e+03 2.886519e+03 3.927844e+03 4.170835e+03
0.5 3.882396e+03 3.567268e+03 3.900297e+03 4.215425e+03
1.5 3.864840e+03 3.620211e+03 3.888136e+03 4.132765e+03
2.5 3.420801e+03 3.241850e+03 3.931560e+03 4.110511e+03
3.5 3.543884e+03 3.259769e+03 3.928789e+03 4.212904e+03
4.5 3.490085e+03 3.269215e+03 3.883810e+03 4.104679e+03
5.5 3.031487e+03 2.638455e+03 3.841479e+03 4.234511e+03
6.5 3.350914e+03 2.979333e+03 3.816549e+03 4.188131e+03
7.5 3.099212e+03 2.886385e+03 3.833866e+03 4.046693e+03
8.5 3.346750e+03 3.130454e+03 3.904120e+03 4.120416e+03
9.5 3.340249e+03 3.225055e+03 3.920240e+03 4.035434e+03
10.5 3.046907e+03 2.962195e+03 3.885639e+03 3.970351e+03
11.5 3.361632e+03 3.276873e+03 3.847667e+03 3.932426e+03
12.5 3.251837e+03 3.275413e+03 3.823286e+03 3.799710e+03
13.5 3.107880e+03 3.228941e+03 3.810607e+03 3.689547e+03
14.5 3.179457e+03 3.189874e+03 3.819615e+03 3.809198e+03
15.5 3.251108e+03 3.154844e+03 3.891070e+03 3.987335e+03
16.5 3.129510e+03 2.886519e+03 3.927844e+03 4.170835e+03
17.5 2.990992e+03 3.009469e+03 3.901188e+03 3.882711e+03
18.5 3.006177e+03 3.051843e+03 3.860228e+03 3.814561e+03
19.5 3.340429e+03 3.197509e+03 3.830976e+03 3.973896e+03
20.5 3.189825e+03 2.973641e+03 3.814679e+03 4.030863e+03
0.5 3.350914e+03 2.979333e+03 3.816549e+03 4.188131e+03
1.5 3.099212e+03 2.886385e+03 3.833866e+03 4.046693e+03
2.5 3.346750e+03 3.130454e+03 3.904120e+03 4.120416e+03
3.5 3.340249e+03 3.225055e+03 3.920240e+03 4.035434e+03
4.5 3.046907e+03 2.962195e+03 3.885639e+03 3.970351e+03
5.5 3.361632e+03 3.276873e+03 3.847667e+03 3.932426e+03
6.5 3.251837e+03 3.275413e+03 3.823286e+03 3.799710e+03
7.5 3.107880e+03 3.228941e+03 3.810607e+03 3.689547e+03
8.5 3.179457e+03 3.189874e+03 3.819615e+03 3.809198e+03
9.5 3.251108e+03 3.154844e+03 3.891070e+03 3.987335e+03
10.5 3.129510e+03 2.886519e+03 3.927844e+03 4.170835e+03
11.5 2.990992e+03 3.009469e+03 3.901188e+03 3.882711e+03
12.5 3.006177e+03 3.051843e+03 3.860228e+03 3.814561e+03
13.5 3.340429e+03 3.197509e+03 3.830976e+03 3.973896e+03
14.5 3.189825e+03 2.973641e+03 3.814679e+03 4.030863e+03
15.5 2.952443e+03 3.034163e+03 3.807133e+03 3.725413e+03
16.5 3.002789e+03 3.105200e+03 3.805134e+03 3.702724e+03
17.5 3.060486e+03 2.999239e+03 3.806352e+03 3.867598e+03
18.5 3.027342e+03 3.124725e+03 3.808892e+03 3.711509e+03
19.5 2.944488e+03 3.022563e+03 3.811461e+03 3.733386e+03
20.5 2.830062e+03 2.943745e+03 3.813446e+03 3.699763e+03
0.3 3.107880e+03 3.228941e+03 3.810607e+03 3.689547e+03
1.3 3.179457e+03 3.189874e+03 3.819615e+03 3.809198e+03
2.3 3.251108e+03 3.154844e+03 3.891070e+03 3.987335e+03
3.3 3.129510e+03 2.886519e+03 3.927844e+03 4.170835e+03
4.3 2.990992e+03 3.009469e+03 3.901188e+03 3.882711e+03
5.3 3.006177e+03 3.051843e+03 3.860228e+03 3.814561e+03
6.3 3.340429e+03 3.197509e+03 3.830976e+03 3.973896e+03
7.3 3.189825e+03 2.973641e+03 3.814679e+03 4.030863e+03
8.3 2.952443e+03 3.034163e+03 3.807133e+03 3.725413e+03
9.3 3.002789e+03 3.105200e+03 3.805134e+03 3.702724e+03
10.3 3.060486e+03 2.999239e+03 3.806352e+03 3.867598e+03
11.3 3.027342e+03 3.124725e+03 3.808892e+03 3.711509e+03
12.3 2.944488e+03 3.022563e+03 3.811461e+03 3.733386e+03
13.3 2.830062e+03 2.943745e+03 3.813446e+03 3.699763e+03
14.3 2.853565e+03 2.958183e+03 3.814746e+03 3.710128e+03
15.3 2.957011e+03 2.964746e+03 3.815493e+03 3.807759e+03
16.3 2.911069e+03 2.929285e+03 3.815885e+03 3.797669e+03
17.3 3.024938e+03 3.036241e+03 3.816074e+03 3.804772e+03
18.3 3.202931e+03 3.200419e+03 3.816160e+03 3.818672e+03
19.3 3.271338e+03 3.267029e+03 3.816196e+03 3.820504e+03
20.3 3.253853e+03 3.342215e+03 3.816211e+03 3.727848e+03
0.6 3.363081e+03 3.137263e+03 3.816494e+03 4.042313e+03
1.6 3.130604e+03 3.075883e+03 3.849127e+03 3.903848e+03
2.6 3.085493e+03 2.935422e+03 3.921885e+03 4.071957e+03
3.6 2.905473e+03 2.973292e+03 3.932715e+03 3.864896e+03
4.6 2.980739e+03 2.927220e+03 3.893755e+03 3.947274e+03
5.6 2.884721e+03 2.716288e+03 3.853007e+03 4.021440e+03
6.6 2.919514e+03 2.888077e+03 3.826621e+03 3.858059e+03
7.6 2.740316e+03 2.894745e+03 3.812539e+03 3.658109e+03
8.6 2.674905e+03 2.805147e+03 3.806496e+03 3.676254e+03
9.6 2.713604e+03 2.865435e+03 3.813007e+03 3.661175e+03
10.6 3.145544e+03 3.238100e+03 3.880466e+03 3.787909e+03
11.6 3.069888e+03 3.243972e+03 3.930554e+03 3.756470e+03
12.6 2.953704e+03 3.169992e+03 3.911205e+03 3.694917e+03
13.6 2.895576e+03 3.041926e+03 3.869000e+03 3.722650e+03
14.6 2.938316e+03 2.978982e+03 3.836424e+03 3.795759e+03
15.6 2.822980e+03 2.950792e+03 3.817567e+03 3.689755e+03
16.6 2.891096e+03 2.932691e+03 3.808383e+03 3.766788e+03
17.6 2.903425e+03 3.001541e+03 3.805391e+03 3.707275e+03
18.6 2.818643e+03 2.902573e+03 3.806093e+03 3.722163e+03
19.6 2.869699e+03 2.930114e+03 3.808466e+03 3.748051e+03
20.6 2.929851e+03 2.925719e+03 3.811068e+03 3.815200e+03
0.1 2.674905e+03 2.805147e+03 3.806496e+03 3.676254e+03
1.1 2.713604e+03 2.865435e+03 3.813007e+03 3.661175e+03
2.1 3.145544e+03 3.238100e+03 3.880466e+03 3.787909e+03
3.1 3.069888e+03 3.243972e+03 3.930554e+03 3.756470e+03
4.1 2.953704e+03 3.169992e+03 3.911205e+03 3.694917e+03
5.1 2.895576e+03 3.041926e+03 3.869000e+03 3.722650e+03
6.1 2.938316e+03 2.978982e+03 3.836424e+03 3.795759e+03
7.1 2.822980e+03 2.950792e+03 3.817567e+03 3.689755e+03
8.1 2.891096e+03 2.932691e+03 3.808383e+03 3.766788e+03
9.1 2.903425e+03 3.001541e+03 3.805391e+03 3.707275e+03
10.1 2.818643e+03 2.902573e+03 3.806093e+03 3.722163e+03
11.1 2.869699e+03 2.930114e+03 3.808466e+03 3.748051e+03
12.1 2.929851e+03 2.925719e+03 3.811068e+03 3.815200e+03
13.1 2.969963e+03 2.961695e+03 3.813164e+03 3.821432e+03
14.1 2.936652e+03 3.035583e+03 3.814568e+03 3.715637e+03
15.1 3.051952e+03 3.066984e+03 3.815396e+03 3.800364e+03
16.1 3.011402e+03 3.081997e+03 3.815836e+03 3.745241e+03
17.1 2.796979e+03 2.875939e+03 3.816052e+03 3.737091e+03
18.1 2.698950e+03 2.749809e+03 3.816150e+03 3.765290e+03
19.1 2.627249e+03 2.659535e+03 3.816192e+03 3.783906e+03
20.1 2.642101e+03 2.652497e+03 3.816209e+03 3.805813e+03
0.3 2.651465e+03 2.621423e+03 3.816223e+03 3.846266e+03
1.3 2.729411e+03 2.683552e+03 3.831797e+03 3.877656e+03
2.3 2.540313e+03 2.565286e+03 3.904484e+03 3.879510e+03
3.3 2.762452e+03 2.702220e+03 3.937145e+03 3.997377e+03
4.3 2.848022e+03 2.712710e+03 3.906635e+03 4.041947e+03
5.3 2.777976e+03 2.642010e+03 3.863340e+03 3.999306e+03
6.3 2.732927e+03 2.623072e+03 3.832698e+03 3.942552e+03
7.3 2.728988e+03 2.672116e+03 3.815580e+03 3.872451e+03
8.3 2.720728e+03 2.641771e+03 3.807597e+03 3.886554e+03
9.3 2.681064e+03 2.586631e+03 3.805399e+03 3.899832e+03
10.3 2.674732e+03 2.538814e+03 3.806995e+03 3.942912e+03
11.3 2.729314e+03 2.530281e+03 3.846059e+03 4.045092e+03
12.3 2.726936e+03 2.591538e+03 3.919971e+03 4.055368e+03
13.3 2.690000e+03 2.623411e+03 3.928560e+03 3.995149e+03
14.3 2.914098e+03 2.875647e+03 3.889724e+03 3.928175e+03
15.3 3.022091e+03 2.842454e+03 3.851790e+03 4.031427e+03
16.3 3.022994e+03 2.831556e+03 3.873232e+03 4.064669e+03
17.3 3.040138e+03 2.822803e+03 3.926027e+03 4.143363e+03
18.3 2.979069e+03 2.821785e+03 3.917095e+03 4.074379e+03
19.3 3.094139e+03 2.993378e+03 3.874048e+03 3.974808e+03
20.3 3.028646e+03 2.870616e+03 3.837614e+03 3.995643e+03
0.6 2.674732e+03 2.538814e+03 3.806995e+03 3.942912e+03
1.6 2.729314e+03 2.530281e+03 3.846059e+03 4.045092e+03
2.6 2.726936e+03 2.591538e+03 3.919971e+03 4.055368e+03
3.6 2.690000e+03 2.623411e+03 3.928560e+03 3.995149e+03
4.6 2.914098e+03 2.875647e+03 3.889724e+03 3.928175e+03
5.6 3.022091e+03 2.842454e+03 3.851790e+03 4.031427e+03
6.6 3.022994e+03 2.831556e+03 3.873232e+03 4.064669e+03
7.6 3.040138e+03 2.822803e+03 3.926027e+03 4.143363e+03
8.6 2.979069e+03 2.821785e+03 3.917095e+03 4.074379e+03
9.6 3.094139e+03 2.993378e+03 3.874048e+03 3.974808e+03
10.6 3.028646e+03 2.870616e+03 3.837614e+03 3.995643e+03
11.6 2.967748e+03 2.810520e+03 3.817830e+03 3.975059e+03
12.6 3.170864e+03 2.908932e+03 3.852647e+03 4.114579e+03
13.6 2.948098e+03 2.827766e+03 3.916907e+03 4.037239e+03
14.6 2.885846e+03 2.783974e+03 3.916264e+03 4.018137e+03
15.6 2.970697e+03 2.896031e+03 3.885453e+03 3.960119e+03
16.6 2.947501e+03 2.988442e+03 3.919336e+03 3.878395e+03
17.6 2.714364e+03 2.819274e+03 3.946543e+03 3.841633e+03
18.6 2.690206e+03 2.829672e+03 3.912297e+03 3.772830e+03
19.6 2.855873e+03 2.998653e+03 3.862214e+03 3.719434e+03
20.6 2.813976e+03 2.878314e+03 3.827232e+03 3.762894e+03
0.8 3.022091e+03 2.842454e+03 3.851790e+03 4.031427e+03
1.8 3.022994e+03 2.831556e+03 3.873232e+03 4.064669e+03
2.8 3.040138e+03 2.822803e+03 3.926027e+03 4.143363e+03
3.8 2.979069e+03 2.821785e+03 3.917095e+03 4.074379e+03
4.8 3.094139e+03 2.993378e+03 3.874048e+03 3.974808e+03
5.8 3.028646e+03 2.870616e+03 3.837614e+03 3.995643e+03
6.8 2.967748e+03 2.810520e+03 3.817830e+03 3.975059e+03
7.8 3.170864e+03 2.908932e+03 3.852647e+03 4.114579e+03
8.8 2.948098e+03 2.827766e+03 3.916907e+03 4.037239e+03
9.8 2.885846e+03 2.783974e+03 3.916264e+03 4.018137e+03
10.8 2.970697e+03 2.896031e+03 3.885453e+03 3.960119e+03
11.8 2.947501e+03 2.988442e+03 3.919336e+03 3.878395e+03
12.8 2.714364e+03 2.819274e+03 3.946543e+03 3.841633e+03
13.8 2.690206e+03 2.829672e+03 3.912297e+03 3.772830e+03
14.8 2.855873e+03 2.998653e+03 3.862214e+03 3.719434e+03
15.8 2.813976e+03 2.878314e+03 3.827232e+03 3.762894e+03
16.8 2.698834e+03 2.904087e+03 3.809199e+03 3.603946e+03
17.8 2.568193e+03 2.805669e+03 3.802092e+03 3.564616e+03
18.8 2.794740e+03 2.965694e+03 3.801226e+03 3.630272e+03
19.8 2.783711e+03 2.998004e+03 3.803641e+03 3.589348e+03
20.8 2.733014e+03 2.911044e+03 3.830540e+03 3.652510e+03
0.7 2.967748e+03 2.810520e+03 3.817830e+03 3.975059e+03
1.7 3.170864e+03 2.908932e+03 3.852647e+03 4.114579e+03
2.7 2.948098e+03 2.827766e+03 3.916907e+03 4.037239e+03
3.7 2.885846e+03 2.783974e+03 3.916264e+03 4.018137e+03
4.7 2.970697e+03 2.896031e+03 3.885453e+03 3.960119e+03
5.7 2.947501e+03 2.988442e+03 3.919336e+03 3.878395e+03
6.7 2.714364e+03 2.819274e+03 3.946543e+03 3.841633e+03
7.7 2.690206e+03 2.829672e+03 3.912297e+03 3.772830e+03
8.7 2.855873e+03 2.998653e+03 3.862214e+03 3.719434e+03
9.7 2.813976e+03 2.878314e+03 3.827232e+03 3.762894e+03
10.7 2.698834e+03 2.904087e+03 3.809199e+03 3.603946e+03
11.7 2.568193e+03 2.805669e+03 3.802092e+03 3.564616e+03
12.7 2.794740e+03 2.965694e+03 3.801226e+03 3.630272e+03
13.7 2.783711e+03 2.998004e+03 3.803641e+03 3.589348e+03
14.7 2.733014e+03 2.911044e+03 3.830540e+03 3.652510e+03
15.7 2.786166e+03 2.907083e+03 3.908019e+03 3.787102e+03
16.7 3.056940e+03 2.921036e+03 3.932137e+03 4.068040e+03
17.7 3.070581e+03 2.921229e+03 3.898416e+03 4.047769e+03
18.7 2.911021e+03 2.821269e+03 3.857483e+03 3.947235e+03
19.7 2.907382e+03 2.838421e+03 3.864067e+03 3.933028e+03
20.7 3.075448e+03 2.925701e+03 3.920873e+03 4.070620e+03
0.1 2.885846e+03 2.783974e+03 3.916264e+03 4.018137e+03
1.1 2.970697e+03 2.896031e+03 3.885453e+03 3.960119e+03
2.1 2.947501e+03 2.988442e+03 3.919336e+03 3.878395e+03
3.1 2.714364e+03 2.819274e+03 3.946543e+03 3.841633e+03
4.1 2.690206e+03 2.829672e+03 3.912297e+03 3.772830e+03
5.1 2.855873e+03 2.998653e+03 3.862214e+03 3.719434e+03
6.1 2.813976e+03 2.878314e+03 3.827232e+03 3.762894e+03
7.1 2.698834e+03 2.904087e+03 3.809199e+03 3.603946e+03
8.1 2.568193e+03 2.805669e+03 3.802092e+03 3.564616e+03
9.1 2.794740e+03 2.965694e+03 3.801226e+03 3.630272e+03
10.1 2.783711e+03 2.998004e+03 3.803641e+03 3.589348e+03
11.1 2.733014e+03 2.911044e+03 3.830540e+03 3.652510e+03
12.1 2.786166e+03 2.907083e+03 3.908019e+03 3.787102e+03
13.1 3.056940e+03 2.921036e+03 3.932137e+03 4.068040e+03
14.1 3.070581e+03 2.921229e+03 3.898416e+03 4.047769e+03
15.1 2.911021e+03 2.821269e+03 3.857483e+03 3.947235e+03
16.1 2.907382e+03 2.838421e+03 3.864067e+03 3.933028e+03
17.1 3.075448e+03 2.925701e+03 3.920873e+03 4.070620e+03
18.1 2.914855e+03 2.899754e+03 3.922718e+03 3.937819e+03
19.1 2.747288e+03 2.822658e+03 3.881621e+03 3.806252e+03
20.1 2.796074e+03 2.879703e+03 3.842651e+03 3.759021e+03
0.4 2.783711e+03 2.998004e+03 3.803641e+03 3.589348e+03
1.4 2.733014e+03 2.911044e+03 3.830540e+03 3.652510e+03
2.4 2.786166e+03 2.907083e+03 3.908019e+03 3.787102e+03
3.4 3.056940e+03 2.921036e+03 3.932137e+03 4.068040e+03
4.4 3.070581e+03 2.921229e+03 3.898416e+03 4.047769e+03
5.4 2.911021e+03 2.821269e+03 3.857483e+03 3.947235e+03
6.4 2.907382e+03 2.838421e+03 3.864067e+03 3.933028e+03
7.4 3.075448e+03 2.925701e+03 3.920873e+03 4.070620e+03
8.4 2.914855e+03 2.899754e+03 3.922718e+03 3.937819e+03
9.4 2.747288e+03 2.822658e+03 3.881621e+03 3.806252e+03
10.4 2.796074e+03 2.879703e+03 3.842651e+03 3.759021e+03
11.4 2.701489e+03 2.878497e+03 3.819246e+03 3.642238e+03
12.4 2.580261e+03 2.839221e+03 3.807918e+03 3.548958e+03
13.4 2.608734e+03 2.838549e+03 3.803911e+03 3.574096e+03
14.4 2.679100e+03 2.872996e+03 3.804186e+03 3.610290e+03
15.4 2.755198e+03 2.943825e+03 3.806601e+03 3.617973e+03
16.4 2.756483e+03 2.879187e+03 3.809557e+03 3.686853e+03
17.4 2.814080e+03 2.894045e+03 3.812109e+03 3.732144e+03
18.4 2.784180e+03 2.904118e+03 3.813918e+03 3.693980e+03
19.4 2.949497e+03 2.978087e+03 3.815034e+03 3.786443e+03
20.4 2.965208e+03 3.040127e+03 3.815652e+03 3.740733e+03
0.6 2.911021e+03 2.821269e+03 3.857483e+03 3.947235e+03
1.6 2.907382e+03 2.838421e+03 3.864067e+03 3.933028e+03
2.6 3.075448e+03 2.925701e+03 3.920873e+03 4.070620e+03
3.6 2.914855e+03 2.899754e+03 3.922718e+03 3.937819e+03
4.6 2.747288e+03 2.822658e+03 3.881621e+03 3.806252e+03
5.6 2.796074e+03 2.879703e+03 3.842651e+03 3.759021e+03
6.6 2.701489e+03 2.878497e+03 3.819246e+03 3.642238e+03
7.6 2.580261e+03 2.839221e+03 3.807918e+03 3.548958e+03
8.6 2.608734e+03 2.838549e+03 3.803911e+03 3.574096e+03
9.6 2.679100e+03 2.872996e+03 3.804186e+03 3.610290e+03
10.6 2.755198e+03 2.943825e+03 3.806601e+03 3.617973e+03
11.6 2.756483e+03 2.879187e+03 3.809557e+03 3.686853e+03
12.6 2.814080e+03 2.894045e+03 3.812109e+03 3.732144e+03
13.6 2.784180e+03 2.904118e+03 3.813918e+03 3.693980e+03
14.6 2.949497e+03 2.978087e+03 3.815034e+03 3.786443e+03
15.6 2.965208e+03 3.040127e+03 3.815652e+03 3.740733e+03
16.6 2.929968e+03 2.921900e+03 3.815967e+03 3.824034e+03
17.6 3.024718e+03 2.969319e+03 3.816112e+03 3.871511e+03
18.6 3.102272e+03 3.096964e+03 3.816176e+03 3.821484e+03
19.6 2.910745e+03 2.967457e+03 3.816203e+03 3.759491e+03
20.6 2.908318e+03 2.954053e+03 3.816213e+03 3.770478e+03
1.0 2.853823e+03 2.871860e+03 3.822091e+03 3.804054e+03
2.0 2.780421e+03 2.869123e+03 3.884979e+03 3.796276e+03
3.0 2.761130e+03 2.945609e+03 3.936398e+03 3.751919e+03
4.0 2.793569e+03 2.900396e+03 3.917589e+03 3.810762e+03
5.0 2.776146e+03 2.829553e+03 3.873660e+03 3.820252e+03
6.0 2.812041e+03 2.859142e+03 3.839124e+03 3.792024e+03
7.0 2.882716e+03 2.828735e+03 3.823422e+03 3.877403e+03
8.0 3.048412e+03 2.874811e+03 3.873146e+03 4.046748e+03
9.0 3.010642e+03 2.911209e+03 3.924872e+03 4.024306e+03
10.0 2.973680e+03 2.891323e+03 3.909672e+03 3.992029e+03
11.0 2.996749e+03 2.853853e+03 3.868182e+03 4.011077e+03
12.0 2.972115e+03 2.774131e+03 3.843862e+03 4.041846e+03
13.0 3.100364e+03 2.868782e+03 3.892151e+03 4.123733e+03
14.0 3.063844e+03 3.054010e+03 3.928621e+03 3.938455e+03
15.0 3.131627e+03 3.094095e+03 3.902605e+03 3.940137e+03
16.0 2.977588e+03 2.786027e+03 3.859444e+03 4.051005e+03
17.0 3.175217e+03 2.985003e+03 3.828662e+03 4.018876e+03
18.0 3.061077e+03 2.951892e+03 3.812253e+03 3.921438e+03
19.0 2.878410e+03 2.878722e+03 3.805189e+03 3.804878e+03
20.0 2.938096e+03 2.888944e+03 3.803688e+03 3.852840e+03
21.0 2.942402e+03 2.923409e+03 3.805293e+03 3.824286e+03
1.0 2.882716e+03 2.828735e+03 3.823422e+03 3.877403e+03
2.0 3.048412e+03 2.874811e+03 3.873146e+03 4.046748e+03
3.0 3.010642e+03 2.911209e+03 3.924872e+03 4.024306e+03
4.0 2.973680e+03 2.891323e+03 3.909672e+03 3.992029e+03
5.0 2.996749e+03 2.853853e+03 3.868182e+03 4.011077e+03
6.0 2.972115e+03 2.774131e+03 3.843862e+03 4.041846e+03
7.0 3.100364e+03 2.868782e+03 3.892151e+03 4.123733e+03
8.0 3.063844e+03 3.054010e+03 3.928621e+03 3.938455e+03
9.0 3.131627e+03 3.094095e+03 3.902605e+03 3.940137e+03
10.0 2.977588e+03 2.786027e+03 3.859444e+03 4.051005e+03
11.0 3.175217e+03 2.985003e+03 3.828662e+03 4.018876e+03
12.0 3.061077e+03 2.951892e+03 3.812253e+03 3.921438e+03
13.0 2.878410e+03 2.878722e+03 3.805189e+03 3.804878e+03
14.0 2.938096e+03 2.888944e+03 3.803688e+03 3.852840e+03
15.0 2.942402e+03 2.923409e+03 3.805293e+03 3.824286e+03
16.0 2.856244e+03 2.899618e+03 3.808139e+03 3.764765e+03
17.0 2.784618e+03 2.821149e+03 3.810958e+03 3.774427e+03
0.1 2.996749e+03 2.853853e+03 3.868182e+03 4.011077e+03
1.1 2.972115e+03 2.774131e+03 3.843862e+03 4.041846e+03
2.1 3.100364e+03 2.868782e+03 3.892151e+03 4.123733e+03
3.1 3.063844e+03 3.054010e+03 3.928621e+03 3.938455e+03
4.1 3.131627e+03 3.094095e+03 3.902605e+03 3.940137e+03
5.1 2.977588e+03 2.786027e+03 3.859444e+03 4.051005e+03
6.1 3.175217e+03 2.985003e+03 3.828662e+03 4.018876e+03
7.1 3.061077e+03 2.951892e+03 3.812253e+03 3.921438e+03
8.1 2.878410e+03 2.878722e+03 3.805189e+03 3.804878e+03
9.1 2.938096e+03 2.888944e+03 3.803688e+03 3.852840e+03
10.1 2.942402e+03 2.923409e+03 3.805293e+03 3.824286e+03
11.1 2.856244e+03 2.899618e+03 3.808139e+03 3.764765e+03
12.1 2.784618e+03 2.821149e+03 3.810958e+03 3.774427e+03
