0.2 4.296935e+03 4.260607e+03 3.434611e+03 3.470939e+03
1.2 4.236794e+03 4.243817e+03 3.435326e+03 3.428302e+03
2.2 4.140408e+03 4.218102e+03 3.442527e+03 3.364833e+03
3.2 4.105662e+03 4.252780e+03 3.454086e+03 3.306968e+03
4.2 4.194807e+03 4.298645e+03 3.456337e+03 3.352498e+03
5.2 4.200511e+03 4.305943e+03 3.449638e+03 3.344206e+03
6.2 4.275059e+03 4.304870e+03 3.441986e+03 3.412175e+03
7.2 4.326102e+03 4.246396e+03 3.437448e+03 3.517154e+03
8.2 4.277128e+03 4.264547e+03 3.441594e+03 3.454174e+03
9.2 4.237304e+03 4.252086e+03 3.452013e+03 3.437231e+03
10.2 4.269448e+03 4.291348e+03 3.454384e+03 3.432485e+03
11.2 4.421676e+03 4.331108e+03 3.448124e+03 3.538693e+03
12.2 4.512834e+03 4.329614e+03 3.440915e+03 3.624136e+03
13.2 4.445021e+03 4.259326e+03 3.436691e+03 3.622386e+03
14.2 4.287312e+03 4.256886e+03 3.440875e+03 3.471301e+03
15.2 4.257719e+03 4.232034e+03 3.452012e+03 3.477696e+03
16.2 4.306945e+03 4.305117e+03 3.455792e+03 3.457620e+03
17.2 4.299121e+03 4.318720e+03 3.449810e+03 3.430211e+03
18.2 4.372706e+03 4.320407e+03 3.442051e+03 3.494350e+03
19.2 4.334500e+03 4.279157e+03 3.436965e+03 3.492308e+03
20.2 4.249450e+03 4.264511e+03 3.439531e+03 3.424469e+03
21.2 4.334199e+03 4.282649e+03 3.450080e+03 3.501631e+03
0.1 4.275059e+03 4.304870e+03 3.441986e+03 3.412175e+03
1.1 4.326102e+03 4.246396e+03 3.437448e+03 3.517154e+03
2.1 4.277128e+03 4.264547e+03 3.441594e+03 3.454174e+03
3.1 4.237304e+03 4.252086e+03 3.452013e+03 3.437231e+03
4.1 4.269448e+03 4.291348e+03 3.454384e+03 3.432485e+03
5.1 4.421676e+03 4.331108e+03 3.448124e+03 3.538693e+03
6.1 4.512834e+03 4.329614e+03 3.440915e+03 3.624136e+03
7.1 4.445021e+03 4.259326e+03 3.436691e+03 3.622386e+03
8.1 4.287312e+03 4.256886e+03 3.440875e+03 3.471301e+03
9.1 4.257719e+03 4.232034e+03 3.452012e+03 3.477696e+03
10.1 4.306945e+03 4.305117e+03 3.455792e+03 3.457620e+03
11.1 4.299121e+03 4.318720e+03 3.449810e+03 3.430211e+03
12.1 4.372706e+03 4.320407e+03 3.442051e+03 3.494350e+03
13.1 4.334500e+03 4.279157e+03 3.436965e+03 3.492308e+03
14.1 4.249450e+03 4.264511e+03 3.439531e+03 3.424469e+03
15.1 4.334199e+03 4.282649e+03 3.450080e+03 3.501631e+03
16.1 4.389783e+03 4.315691e+03 3.454553e+03 3.528646e+03
17.1 4.367751e+03 4.338514e+03 3.450605e+03 3.479842e+03
18.1 4.247700e+03 4.338251e+03 3.451883e+03 3.361332e+03
19.1 4.241839e+03 4.342497e+03 3.457477e+03 3.356819e+03
20.1 4.288225e+03 4.339493e+03 3.454921e+03 3.403653e+03
21.1 4.280206e+03 4.377152e+03 3.449764e+03 3.352818e+03
0.1 4.512834e+03 4.329614e+03 3.440915e+03 3.624136e+03
1.1 4.445021e+03 4.259326e+03 3.436691e+03 3.622386e+03
2.1 4.287312e+03 4.256886e+03 3.440875e+03 3.471301e+03
3.1 4.257719e+03 4.232034e+03 3.452012e+03 3.477696e+03
4.1 4.306945e+03 4.305117e+03 3.455792e+03 3.457620e+03
5.1 4.299121e+03 4.318720e+03 3.449810e+03 3.430211e+03
6.1 4.372706e+03 4.320407e+03 3.442051e+03 3.494350e+03
7.1 4.334500e+03 4.279157e+03 3.436965e+03 3.492308e+03
8.1 4.249450e+03 4.264511e+03 3.439531e+03 3.424469e+03
9.1 4.334199e+03 4.282649e+03 3.450080e+03 3.501631e+03
10.1 4.389783e+03 4.315691e+03 3.454553e+03 3.528646e+03
11.1 4.367751e+03 4.338514e+03 3.450605e+03 3.479842e+03
12.1 4.247700e+03 4.338251e+03 3.451883e+03 3.361332e+03
13.1 4.241839e+03 4.342497e+03 3.457477e+03 3.356819e+03
14.1 4.288225e+03 4.339493e+03 3.454921e+03 3.403653e+03
15.1 4.280206e+03 4.377152e+03 3.449764e+03 3.352818e+03
16.1 4.256595e+03 4.354592e+03 3.453304e+03 3.355307e+03
17.1 4.293136e+03 4.352648e+03 3.456538e+03 3.397027e+03
18.1 4.336084e+03 4.399112e+03 3.451516e+03 3.388488e+03
19.1 4.360256e+03 4.378738e+03 3.449716e+03 3.431234e+03
20.1 4.320570e+03 4.368533e+03 3.455261e+03 3.407297e+03
21.1 4.353072e+03 4.403206e+03 3.455015e+03 3.404882e+03
1.0 4.334500e+03 4.279157e+03 3.436965e+03 3.492308e+03
2.0 4.249450e+03 4.264511e+03 3.439531e+03 3.424469e+03
3.0 4.334199e+03 4.282649e+03 3.450080e+03 3.501631e+03
4.0 4.389783e+03 4.315691e+03 3.454553e+03 3.528646e+03
5.0 4.367751e+03 4.338514e+03 3.450605e+03 3.479842e+03
6.0 4.247700e+03 4.338251e+03 3.451883e+03 3.361332e+03
7.0 4.241839e+03 4.342497e+03 3.457477e+03 3.356819e+03
8.0 4.288225e+03 4.339493e+03 3.454921e+03 3.403653e+03
9.0 4.280206e+03 4.377152e+03 3.449764e+03 3.352818e+03
10.0 4.256595e+03 4.354592e+03 3.453304e+03 3.355307e+03
11.0 4.293136e+03 4.352648e+03 3.456538e+03 3.397027e+03
12.0 4.336084e+03 4.399112e+03 3.451516e+03 3.388488e+03
13.0 4.360256e+03 4.378738e+03 3.449716e+03 3.431234e+03
14.0 4.320570e+03 4.368533e+03 3.455261e+03 3.407297e+03
15.0 4.353072e+03 4.403206e+03 3.455015e+03 3.404882e+03
16.0 4.346715e+03 4.404092e+03 3.447376e+03 3.389999e+03
17.0 4.304134e+03 4.379633e+03 3.440514e+03 3.365014e+03
18.0 4.375903e+03 4.367433e+03 3.443586e+03 3.452056e+03
19.0 4.445619e+03 4.338861e+03 3.452563e+03 3.559321e+03
20.0 4.474238e+03 4.396218e+03 3.453103e+03 3.531123e+03
21.0 4.514371e+03 4.414420e+03 3.446234e+03 3.546185e+03
22.0 4.467141e+03 4.387229e+03 3.441012e+03 3.520924e+03
0.4 4.389783e+03 4.315691e+03 3.454553e+03 3.528646e+03
1.4 4.367751e+03 4.338514e+03 3.450605e+03 3.479842e+03
2.4 4.247700e+03 4.338251e+03 3.451883e+03 3.361332e+03
3.4 4.241839e+03 4.342497e+03 3.457477e+03 3.356819e+03
4.4 4.288225e+03 4.339493e+03 3.454921e+03 3.403653e+03
5.4 4.280206e+03 4.377152e+03 3.449764e+03 3.352818e+03
6.4 4.256595e+03 4.354592e+03 3.453304e+03 3.355307e+03
7.3 4.293136e+03 4.352648e+03 3.456538e+03 3.397027e+03
8.3 4.336084e+03 4.399112e+03 3.451516e+03 3.388488e+03
9.3 4.360256e+03 4.378738e+03 3.449716e+03 3.431234e+03
10.3 4.320570e+03 4.368533e+03 3.455261e+03 3.407297e+03
11.3 4.353072e+03 4.403206e+03 3.455015e+03 3.404882e+03
12.3 4.346715e+03 4.404092e+03 3.447376e+03 3.389999e+03
13.3 4.304134e+03 4.379633e+03 3.440514e+03 3.365014e+03
14.3 4.375903e+03 4.367433e+03 3.443586e+03 3.452056e+03
15.3 4.445619e+03 4.338861e+03 3.452563e+03 3.559321e+03
16.3 4.474238e+03 4.396218e+03 3.453103e+03 3.531123e+03
17.3 4.514371e+03 4.414420e+03 3.446234e+03 3.546185e+03
18.3 4.467141e+03 4.387229e+03 3.441012e+03 3.520924e+03
19.3 4.381405e+03 4.369763e+03 3.446052e+03 3.457694e+03
20.3 4.400512e+03 4.406298e+03 3.454210e+03 3.448424e+03
21.3 4.552013e+03 4.445048e+03 3.452850e+03 3.559815e+03
0.7 4.288225e+03 4.339493e+03 3.454921e+03 3.403653e+03
1.7 4.280206e+03 4.377152e+03 3.449764e+03 3.352818e+03
2.7 4.256595e+03 4.354592e+03 3.453304e+03 3.355307e+03
3.7 4.293136e+03 4.352648e+03 3.456538e+03 3.397027e+03
4.7 4.336084e+03 4.399112e+03 3.451516e+03 3.388488e+03
5.7 4.360256e+03 4.378738e+03 3.449716e+03 3.431234e+03
6.7 4.320570e+03 4.368533e+03 3.455261e+03 3.407297e+03
7.7 4.353072e+03 4.403206e+03 3.455015e+03 3.404882e+03
8.7 4.346715e+03 4.404092e+03 3.447376e+03 3.389999e+03
9.7 4.304134e+03 4.379633e+03 3.440514e+03 3.365014e+03
10.7 4.375903e+03 4.367433e+03 3.443586e+03 3.452056e+03
11.7 4.445619e+03 4.338861e+03 3.452563e+03 3.559321e+03
12.7 4.474238e+03 4.396218e+03 3.453103e+03 3.531123e+03
13.7 4.514371e+03 4.414420e+03 3.446234e+03 3.546185e+03
14.7 4.467141e+03 4.387229e+03 3.441012e+03 3.520924e+03
15.7 4.381405e+03 4.369763e+03 3.446052e+03 3.457694e+03
16.7 4.400512e+03 4.406298e+03 3.454210e+03 3.448424e+03
17.7 4.552013e+03 4.445048e+03 3.452850e+03 3.559815e+03
18.7 4.477623e+03 4.472437e+03 3.449405e+03 3.454591e+03
19.7 4.449713e+03 4.453030e+03 3.454186e+03 3.450870e+03
20.7 4.380491e+03 4.463611e+03 3.456961e+03 3.373840e+03
21.7 4.386056e+03 4.495690e+03 3.450774e+03 3.341140e+03
0.1 4.293136e+03 4.352648e+03 3.456538e+03 3.397027e+03
1.1 4.336084e+03 4.399112e+03 3.451516e+03 3.388488e+03
2.1 4.360256e+03 4.378738e+03 3.449716e+03 3.431234e+03
3.1 4.320570e+03 4.368533e+03 3.455261e+03 3.407297e+03
4.1 4.353072e+03 4.403206e+03 3.455015e+03 3.404882e+03
5.1 4.346715e+03 4.404092e+03 3.447376e+03 3.389999e+03
6.1 4.304134e+03 4.379633e+03 3.440514e+03 3.365014e+03
7.1 4.375903e+03 4.367433e+03 3.443586e+03 3.452056e+03
8.1 4.445619e+03 4.338861e+03 3.452563e+03 3.559321e+03
9.1 4.474238e+03 4.396218e+03 3.453103e+03 3.531123e+03
10.1 4.514371e+03 4.414420e+03 3.446234e+03 3.546185e+03
11.1 4.467141e+03 4.387229e+03 3.441012e+03 3.520924e+03
12.1 4.381405e+03 4.369763e+03 3.446052e+03 3.457694e+03
13.1 4.400512e+03 4.406298e+03 3.454210e+03 3.448424e+03
14.1 4.552013e+03 4.445048e+03 3.452850e+03 3.559815e+03
15.1 4.477623e+03 4.472437e+03 3.449405e+03 3.454591e+03
16.1 4.449713e+03 4.453030e+03 3.454186e+03 3.450870e+03
17.1 4.380491e+03 4.463611e+03 3.456961e+03 3.373840e+03
18.1 4.386056e+03 4.495690e+03 3.450774e+03 3.341140e+03
19.1 4.431160e+03 4.473987e+03 3.442500e+03 3.399674e+03
20.1 4.428167e+03 4.432195e+03 3.441943e+03 3.437915e+03
21.1 4.447979e+03 4.412944e+03 3.450638e+03 3.485673e+03
0.3 4.346715e+03 4.404092e+03 3.447376e+03 3.389999e+03
1.3 4.304134e+03 4.379633e+03 3.440514e+03 3.365014e+03
2.3 4.375903e+03 4.367433e+03 3.443586e+03 3.452056e+03
3.3 4.445619e+03 4.338861e+03 3.452563e+03 3.559321e+03
4.3 4.474238e+03 4.396218e+03 3.453103e+03 3.531123e+03
5.3 4.514371e+03 4.414420e+03 3.446234e+03 3.546185e+03
6.3 4.467141e+03 4.387229e+03 3.441012e+03 3.520924e+03
7.3 4.381405e+03 4.369763e+03 3.446052e+03 3.457694e+03
8.3 4.400512e+03 4.406298e+03 3.454210e+03 3.448424e+03
9.3 4.552013e+03 4.445048e+03 3.452850e+03 3.559815e+03
10.3 4.477623e+03 4.472437e+03 3.449405e+03 3.454591e+03
11.3 4.449713e+03 4.453030e+03 3.454186e+03 3.450870e+03
12.3 4.380491e+03 4.463611e+03 3.456961e+03 3.373840e+03
13.3 4.386056e+03 4.495690e+03 3.450774e+03 3.341140e+03
14.3 4.431160e+03 4.473987e+03 3.442500e+03 3.399674e+03
15.3 4.428167e+03 4.432195e+03 3.441943e+03 3.437915e+03
16.3 4.447979e+03 4.412944e+03 3.450638e+03 3.485673e+03
17.3 4.542359e+03 4.461648e+03 3.454162e+03 3.534873e+03
18.3 4.617375e+03 4.491384e+03 3.448496e+03 3.574488e+03
19.3 4.599368e+03 4.477574e+03 3.441055e+03 3.562848e+03
20.3 4.610161e+03 4.447709e+03 3.436201e+03 3.598653e+03
21.3 4.485050e+03 4.421057e+03 3.438569e+03 3.502561e+03
0.4 4.514371e+03 4.414420e+03 3.446234e+03 3.546185e+03
1.4 4.467141e+03 4.387229e+03 3.441012e+03 3.520924e+03
2.4 4.381405e+03 4.369763e+03 3.446052e+03 3.457694e+03
3.4 4.400512e+03 4.406298e+03 3.454210e+03 3.448424e+03
4.4 4.552013e+03 4.445048e+03 3.452850e+03 3.559815e+03
5.4 4.477623e+03 4.472437e+03 3.449405e+03 3.454591e+03
6.4 4.449713e+03 4.453030e+03 3.454186e+03 3.450870e+03
7.4 4.380491e+03 4.463611e+03 3.456961e+03 3.373840e+03
8.4 4.386056e+03 4.495690e+03 3.450774e+03 3.341140e+03
9.4 4.431160e+03 4.473987e+03 3.442500e+03 3.399674e+03
10.4 4.428167e+03 4.432195e+03 3.441943e+03 3.437915e+03
11.4 4.447979e+03 4.412944e+03 3.450638e+03 3.485673e+03
12.4 4.542359e+03 4.461648e+03 3.454162e+03 3.534873e+03
13.4 4.617375e+03 4.491384e+03 3.448496e+03 3.574488e+03
14.4 4.599368e+03 4.477574e+03 3.441055e+03 3.562848e+03
15.4 4.610161e+03 4.447709e+03 3.436201e+03 3.598653e+03
16.4 4.485050e+03 4.421057e+03 3.438569e+03 3.502561e+03
17.4 4.463132e+03 4.468991e+03 3.449264e+03 3.443405e+03
18.4 4.392687e+03 4.492186e+03 3.454541e+03 3.355043e+03
19.4 4.457827e+03 4.527282e+03 3.449727e+03 3.380273e+03
20.4 4.465534e+03 4.505027e+03 3.442328e+03 3.402836e+03
21.4 4.446436e+03 4.487246e+03 3.437157e+03 3.396346e+03
0.8 4.552013e+03 4.445048e+03 3.452850e+03 3.559815e+03
1.8 4.477623e+03 4.472437e+03 3.449405e+03 3.454591e+03
2.8 4.449713e+03 4.453030e+03 3.454186e+03 3.450870e+03
3.8 4.380491e+03 4.463611e+03 3.456961e+03 3.373840e+03
4.8 4.386056e+03 4.495690e+03 3.450774e+03 3.341140e+03
5.8 4.431160e+03 4.473987e+03 3.442500e+03 3.399674e+03
6.8 4.428167e+03 4.432195e+03 3.441943e+03 3.437915e+03
7.8 4.447979e+03 4.412944e+03 3.450638e+03 3.485673e+03
8.8 4.542359e+03 4.461648e+03 3.454162e+03 3.534873e+03
9.8 4.617375e+03 4.491384e+03 3.448496e+03 3.574488e+03
10.8 4.599368e+03 4.477574e+03 3.441055e+03 3.562848e+03
11.8 4.610161e+03 4.447709e+03 3.436201e+03 3.598653e+03
12.8 4.485050e+03 4.421057e+03 3.438569e+03 3.502561e+03
13.8 4.463132e+03 4.468991e+03 3.449264e+03 3.443405e+03
14.8 4.392687e+03 4.492186e+03 3.454541e+03 3.355043e+03
15.8 4.457827e+03 4.527282e+03 3.449727e+03 3.380273e+03
16.8 4.465534e+03 4.505027e+03 3.442328e+03 3.402836e+03
17.8 4.446436e+03 4.487246e+03 3.437157e+03 3.396346e+03
18.8 4.324935e+03 4.451556e+03 3.438958e+03 3.312337e+03
19.8 4.456826e+03 4.459783e+03 3.449327e+03 3.446370e+03
20.8 4.591090e+03 4.499937e+03 3.454751e+03 3.545905e+03
21.8 4.575564e+03 4.563745e+03 3.450028e+03 3.461847e+03
1.0 4.431160e+03 4.473987e+03 3.442500e+03 3.399674e+03
2.0 4.428167e+03 4.432195e+03 3.441943e+03 3.437915e+03
3.0 4.447979e+03 4.412944e+03 3.450638e+03 3.485673e+03
4.0 4.542359e+03 4.461648e+03 3.454162e+03 3.534873e+03
5.0 4.617375e+03 4.491384e+03 3.448496e+03 3.574488e+03
6.0 4.599368e+03 4.477574e+03 3.441055e+03 3.562848e+03
7.0 4.610161e+03 4.447709e+03 3.436201e+03 3.598653e+03
8.0 4.485050e+03 4.421057e+03 3.438569e+03 3.502561e+03
9.0 4.463132e+03 4.468991e+03 3.449264e+03 3.443405e+03
10.0 4.392687e+03 4.492186e+03 3.454541e+03 3.355043e+03
11.0 4.457827e+03 4.527282e+03 3.449727e+03 3.380273e+03
12.0 4.465534e+03 4.505027e+03 3.442328e+03 3.402836e+03
13.0 4.446436e+03 4.487246e+03 3.437157e+03 3.396346e+03
14.0 4.324935e+03 4.451556e+03 3.438958e+03 3.312337e+03
15.0 4.456826e+03 4.459783e+03 3.449327e+03 3.446370e+03
16.0 4.591090e+03 4.499937e+03 3.454751e+03 3.545905e+03
17.0 4.575564e+03 4.563745e+03 3.450028e+03 3.461847e+03
18.0 4.647159e+03 4.538426e+03 3.442554e+03 3.551287e+03
19.0 4.584623e+03 4.510880e+03 3.437229e+03 3.510971e+03
20.0 4.453722e+03 4.479748e+03 3.438503e+03 3.412477e+03
21.0 4.254699e+03 4.453608e+03 3.448692e+03 3.249783e+03
22.0 4.359547e+03 4.504434e+03 3.454761e+03 3.309874e+03
0.9 4.610161e+03 4.447709e+03 3.436201e+03 3.598653e+03
1.9 4.485050e+03 4.421057e+03 3.438569e+03 3.502561e+03
2.9 4.463132e+03 4.468991e+03 3.449264e+03 3.443405e+03
3.9 4.392687e+03 4.492186e+03 3.454541e+03 3.355043e+03
4.9 4.457827e+03 4.527282e+03 3.449727e+03 3.380273e+03
5.9 4.465534e+03 4.505027e+03 3.442328e+03 3.402836e+03
6.9 4.446436e+03 4.487246e+03 3.437157e+03 3.396346e+03
7.9 4.324935e+03 4.451556e+03 3.438958e+03 3.312337e+03
8.9 4.456826e+03 4.459783e+03 3.449327e+03 3.446370e+03
9.9 4.591090e+03 4.499937e+03 3.454751e+03 3.545905e+03
10.9 4.575564e+03 4.563745e+03 3.450028e+03 3.461847e+03
11.9 4.647159e+03 4.538426e+03 3.442554e+03 3.551287e+03
12.9 4.584623e+03 4.510880e+03 3.437229e+03 3.510971e+03
13.9 4.453722e+03 4.479748e+03 3.438503e+03 3.412477e+03
14.9 4.254699e+03 4.453608e+03 3.448692e+03 3.249783e+03
15.9 4.359547e+03 4.504434e+03 3.454761e+03 3.309874e+03
16.9 4.406321e+03 4.553841e+03 3.450457e+03 3.302937e+03
17.9 4.411939e+03 4.532875e+03 3.443301e+03 3.322365e+03
18.9 4.363807e+03 4.506085e+03 3.443402e+03 3.301124e+03
19.9 4.338424e+03 4.477908e+03 3.452059e+03 3.312575e+03
20.9 4.459244e+03 4.548746e+03 3.454975e+03 3.365473e+03
21.9 4.463978e+03 4.578061e+03 3.450268e+03 3.336185e+03
0.9 4.446436e+03 4.487246e+03 3.437157e+03 3.396346e+03
1.9 4.324935e+03 4.451556e+03 3.438958e+03 3.312337e+03
2.9 4.456826e+03 4.459783e+03 3.449327e+03 3.446370e+03
3.9 4.591090e+03 4.499937e+03 3.454751e+03 3.545905e+03
4.9 4.575564e+03 4.563745e+03 3.450028e+03 3.461847e+03
5.9 4.647159e+03 4.538426e+03 3.442554e+03 3.551287e+03
6.9 4.584623e+03 4.510880e+03 3.437229e+03 3.510971e+03
7.9 4.453722e+03 4.479748e+03 3.438503e+03 3.412477e+03
8.9 4.254699e+03 4.453608e+03 3.448692e+03 3.249783e+03
9.9 4.359547e+03 4.504434e+03 3.454761e+03 3.309874e+03
10.9 4.406321e+03 4.553841e+03 3.450457e+03 3.302937e+03
11.9 4.411939e+03 4.532875e+03 3.443301e+03 3.322365e+03
12.9 4.363807e+03 4.506085e+03 3.443402e+03 3.301124e+03
13.9 4.338424e+03 4.477908e+03 3.452059e+03 3.312575e+03
14.9 4.459244e+03 4.548746e+03 3.454975e+03 3.365473e+03
15.9 4.463978e+03 4.578061e+03 3.450268e+03 3.336185e+03
16.9 4.496325e+03 4.530213e+03 3.451506e+03 3.417619e+03
17.9 4.593504e+03 4.553868e+03 3.456986e+03 3.496622e+03
18.9 4.587023e+03 4.571421e+03 3.454295e+03 3.469896e+03
19.9 4.653503e+03 4.599134e+03 3.449444e+03 3.503814e+03
20.9 4.578624e+03 4.561575e+03 3.453312e+03 3.470362e+03
21.9 4.496645e+03 4.535637e+03 3.456404e+03 3.417412e+03
0.8 4.584623e+03 4.510880e+03 3.437229e+03 3.510971e+03
1.8 4.453722e+03 4.479748e+03 3.438503e+03 3.412477e+03
2.8 4.254699e+03 4.453608e+03 3.448692e+03 3.249783e+03
3.8 4.359547e+03 4.504434e+03 3.454761e+03 3.309874e+03
4.8 4.406321e+03 4.553841e+03 3.450457e+03 3.302937e+03
5.8 4.411939e+03 4.532875e+03 3.443301e+03 3.322365e+03
6.8 4.363807e+03 4.506085e+03 3.443402e+03 3.301124e+03
7.8 4.338424e+03 4.477908e+03 3.452059e+03 3.312575e+03
8.8 4.459244e+03 4.548746e+03 3.454975e+03 3.365473e+03
9.8 4.463978e+03 4.578061e+03 3.450268e+03 3.336185e+03
10.8 4.496325e+03 4.530213e+03 3.451506e+03 3.417619e+03
11.8 4.593504e+03 4.553868e+03 3.456986e+03 3.496622e+03
12.8 4.587023e+03 4.571421e+03 3.454295e+03 3.469896e+03
13.8 4.653503e+03 4.599134e+03 3.449444e+03 3.503814e+03
14.8 4.578624e+03 4.561575e+03 3.453312e+03 3.470362e+03
15.8 4.496645e+03 4.535637e+03 3.456404e+03 3.417412e+03
16.8 4.484111e+03 4.561860e+03 3.451232e+03 3.373484e+03
17.8 4.389742e+03 4.410103e+03 3.449476e+03 3.429115e+03
18.8 4.381800e+03 4.411081e+03 3.455124e+03 3.425842e+03
19.8 4.584087e+03 4.485251e+03 3.454954e+03 3.553789e+03
20.8 4.567620e+03 4.434598e+03 3.447359e+03 3.580381e+03
21.8 4.493504e+03 4.394648e+03 3.439540e+03 3.538396e+03
1.0 4.411939e+03 4.532875e+03 3.443301e+03 3.322365e+03
2.0 4.363807e+03 4.506085e+03 3.443402e+03 3.301124e+03
3.0 4.338424e+03 4.477908e+03 3.452059e+03 3.312575e+03
4.0 4.459244e+03 4.548746e+03 3.454975e+03 3.365473e+03
5.0 4.463978e+03 4.578061e+03 3.450268e+03 3.336185e+03
6.0 4.496325e+03 4.530213e+03 3.451506e+03 3.417619e+03
7.0 4.593504e+03 4.553868e+03 3.456986e+03 3.496622e+03
8.0 4.587023e+03 4.571421e+03 3.454295e+03 3.469896e+03
9.0 4.653503e+03 4.599134e+03 3.449444e+03 3.503814e+03
10.0 4.578624e+03 4.561575e+03 3.453312e+03 3.470362e+03
11.0 4.496645e+03 4.535637e+03 3.456404e+03 3.417412e+03
12.0 4.484111e+03 4.561860e+03 3.451232e+03 3.373484e+03
13.0 4.389742e+03 4.410103e+03 3.449476e+03 3.429115e+03
14.0 4.381800e+03 4.411081e+03 3.455124e+03 3.425842e+03
15.0 4.584087e+03 4.485251e+03 3.454954e+03 3.553789e+03
16.0 4.567620e+03 4.434598e+03 3.447359e+03 3.580381e+03
17.0 4.493504e+03 4.394648e+03 3.439540e+03 3.538396e+03
18.0 4.530759e+03 4.332324e+03 3.434684e+03 3.633120e+03
19.0 4.540727e+03 4.309944e+03 3.432607e+03 3.663389e+03
20.0 4.420692e+03 4.268525e+03 3.436679e+03 3.588845e+03
21.0 4.363232e+03 4.278373e+03 3.448542e+03 3.533401e+03
22.0 4.245556e+03 4.177785e+03 3.454838e+03 3.522608e+03
0.4 4.459244e+03 4.548746e+03 3.454975e+03 3.365473e+03
1.4 4.463978e+03 4.578061e+03 3.450268e+03 3.336185e+03
2.4 4.496325e+03 4.530213e+03 3.451506e+03 3.417619e+03
3.4 4.593504e+03 4.553868e+03 3.456986e+03 3.496622e+03
4.4 4.587023e+03 4.571421e+03 3.454295e+03 3.469896e+03
5.4 4.653503e+03 4.599134e+03 3.449444e+03 3.503814e+03
6.4 4.578624e+03 4.561575e+03 3.453312e+03 3.470362e+03
7.4 4.496645e+03 4.535637e+03 3.456404e+03 3.417412e+03
8.4 4.484111e+03 4.561860e+03 3.451232e+03 3.373484e+03
9.4 4.389742e+03 4.410103e+03 3.449476e+03 3.429115e+03
10.4 4.381800e+03 4.411081e+03 3.455124e+03 3.425842e+03
11.4 4.584087e+03 4.485251e+03 3.454954e+03 3.553789e+03
12.4 4.567620e+03 4.434598e+03 3.447359e+03 3.580381e+03
13.4 4.493504e+03 4.394648e+03 3.439540e+03 3.538396e+03
14.4 4.530759e+03 4.332324e+03 3.434684e+03 3.633120e+03
15.4 4.540727e+03 4.309944e+03 3.432607e+03 3.663389e+03
16.4 4.420692e+03 4.268525e+03 3.436679e+03 3.588845e+03
17.4 4.363232e+03 4.278373e+03 3.448542e+03 3.533401e+03
18.4 4.245556e+03 4.177785e+03 3.454838e+03 3.522608e+03
19.4 3.502691e+03 3.572496e+03 3.450491e+03 3.380686e+03
20.4 4.124768e+03 4.147596e+03 3.443514e+03 3.420686e+03
21.4 4.336194e+03 4.159771e+03 3.444158e+03 3.620581e+03
0.8 4.587023e+03 4.571421e+03 3.454295e+03 3.469896e+03
1.8 4.653503e+03 4.599134e+03 3.449444e+03 3.503814e+03
2.8 4.578624e+03 4.561575e+03 3.453312e+03 3.470362e+03
3.8 4.496645e+03 4.535637e+03 3.456404e+03 3.417412e+03
4.8 4.484111e+03 4.561860e+03 3.451232e+03 3.373484e+03
5.8 4.389742e+03 4.410103e+03 3.449476e+03 3.429115e+03
6.8 4.381800e+03 4.411081e+03 3.455124e+03 3.425842e+03
7.8 4.584087e+03 4.485251e+03 3.454954e+03 3.553789e+03
8.8 4.567620e+03 4.434598e+03 3.447359e+03 3.580381e+03
9.8 4.493504e+03 4.394648e+03 3.439540e+03 3.538396e+03
10.8 4.530759e+03 4.332324e+03 3.434684e+03 3.633120e+03
11.8 4.540727e+03 4.309944e+03 3.432607e+03 3.663389e+03
12.8 4.420692e+03 4.268525e+03 3.436679e+03 3.588845e+03
13.8 4.363232e+03 4.278373e+03 3.448542e+03 3.533401e+03
14.8 4.245556e+03 4.177785e+03 3.454838e+03 3.522608e+03
15.8 3.502691e+03 3.572496e+03 3.450491e+03 3.380686e+03
16.8 4.124768e+03 4.147596e+03 3.443514e+03 3.420686e+03
17.8 4.336194e+03 4.159771e+03 3.444158e+03 3.620581e+03
18.8 4.391080e+03 4.093233e+03 3.452776e+03 3.750623e+03
19.8 4.429600e+03 4.092605e+03 3.454963e+03 3.791958e+03
20.8 4.201610e+03 3.882220e+03 3.450154e+03 3.769545e+03
21.8 4.157045e+03 4.010653e+03 3.451886e+03 3.598277e+03
0.1 4.496645e+03 4.535637e+03 3.456404e+03 3.417412e+03
1.1 4.484111e+03 4.561860e+03 3.451232e+03 3.373484e+03
2.1 4.389742e+03 4.410103e+03 3.449476e+03 3.429115e+03
3.1 4.381800e+03 4.411081e+03 3.455124e+03 3.425842e+03
4.1 4.584087e+03 4.485251e+03 3.454954e+03 3.553789e+03
5.1 4.567620e+03 4.434598e+03 3.447359e+03 3.580381e+03
6.1 4.493504e+03 4.394648e+03 3.439540e+03 3.538396e+03
7.1 4.530759e+03 4.332324e+03 3.434684e+03 3.633120e+03
8.1 4.540727e+03 4.309944e+03 3.432607e+03 3.663389e+03
9.1 4.420692e+03 4.268525e+03 3.436679e+03 3.588845e+03
10.1 4.363232e+03 4.278373e+03 3.448542e+03 3.533401e+03
11.1 4.245556e+03 4.177785e+03 3.454838e+03 3.522608e+03
12.1 3.502691e+03 3.572496e+03 3.450491e+03 3.380686e+03
13.1 4.124768e+03 4.147596e+03 3.443514e+03 3.420686e+03
14.1 4.336194e+03 4.159771e+03 3.444158e+03 3.620581e+03
15.1 4.391080e+03 4.093233e+03 3.452776e+03 3.750623e+03
16.1 4.429600e+03 4.092605e+03 3.454963e+03 3.791958e+03
17.1 4.201610e+03 3.882220e+03 3.450154e+03 3.769545e+03
18.1 4.157045e+03 4.010653e+03 3.451886e+03 3.598277e+03
19.1 3.989171e+03 4.010201e+03 3.457120e+03 3.436090e+03
20.1 4.148005e+03 4.033604e+03 3.453816e+03 3.568217e+03
21.1 4.190561e+03 4.162620e+03 3.445239e+03 3.473179e+03
0.9 4.540727e+03 4.309944e+03 3.432607e+03 3.663389e+03
1.9 4.420692e+03 4.268525e+03 3.436679e+03 3.588845e+03
2.9 4.363232e+03 4.278373e+03 3.448542e+03 3.533401e+03
3.9 4.245556e+03 4.177785e+03 3.454838e+03 3.522608e+03
4.9 3.502691e+03 3.572496e+03 3.450491e+03 3.380686e+03
5.9 4.124768e+03 4.147596e+03 3.443514e+03 3.420686e+03
6.9 4.336194e+03 4.159771e+03 3.444158e+03 3.620581e+03
7.9 4.391080e+03 4.093233e+03 3.452776e+03 3.750623e+03
8.9 4.429600e+03 4.092605e+03 3.454963e+03 3.791958e+03
9.9 4.201610e+03 3.882220e+03 3.450154e+03 3.769545e+03
10.9 4.157045e+03 4.010653e+03 3.451886e+03 3.598277e+03
11.9 3.989171e+03 4.010201e+03 3.457120e+03 3.436090e+03
12.9 4.148005e+03 4.033604e+03 3.453816e+03 3.568217e+03
13.9 4.190561e+03 4.162620e+03 3.445239e+03 3.473179e+03
14.9 4.109880e+03 4.125556e+03 3.438042e+03 3.422365e+03
15.9 4.051405e+03 4.126269e+03 3.435511e+03 3.360646e+03
16.9 3.933387e+03 4.116653e+03 3.442850e+03 3.259584e+03
17.9 3.780039e+03 4.077074e+03 3.452887e+03 3.155852e+03
18.9 3.728739e+03 4.087196e+03 3.452863e+03 3.094406e+03
19.9 3.589561e+03 3.966403e+03 3.449812e+03 3.072970e+03
20.9 3.298702e+03 3.458919e+03 3.454591e+03 3.294374e+03
21.9 3.293556e+03 3.457121e+03 3.457554e+03 3.293988e+03
0.1 3.502691e+03 3.572496e+03 3.450491e+03 3.380686e+03
1.1 4.124768e+03 4.147596e+03 3.443514e+03 3.420686e+03
2.1 4.336194e+03 4.159771e+03 3.444158e+03 3.620581e+03
3.1 4.391080e+03 4.093233e+03 3.452776e+03 3.750623e+03
4.1 4.429600e+03 4.092605e+03 3.454963e+03 3.791958e+03
5.1 4.201610e+03 3.882220e+03 3.450154e+03 3.769545e+03
6.1 4.157045e+03 4.010653e+03 3.451886e+03 3.598277e+03
7.1 3.989171e+03 4.010201e+03 3.457120e+03 3.436090e+03
8.1 4.148005e+03 4.033604e+03 3.453816e+03 3.568217e+03
9.1 4.190561e+03 4.162620e+03 3.445239e+03 3.473179e+03
10.1 4.109880e+03 4.125556e+03 3.438042e+03 3.422365e+03
11.1 4.051405e+03 4.126269e+03 3.435511e+03 3.360646e+03
12.1 3.933387e+03 4.116653e+03 3.442850e+03 3.259584e+03
13.1 3.780039e+03 4.077074e+03 3.452887e+03 3.155852e+03
14.1 3.728739e+03 4.087196e+03 3.452863e+03 3.094406e+03
15.1 3.589561e+03 3.966403e+03 3.449812e+03 3.072970e+03
16.1 3.298702e+03 3.458919e+03 3.454591e+03 3.294374e+03
17.1 3.293556e+03 3.457121e+03 3.457554e+03 3.293988e+03
18.1 3.476456e+03 3.549571e+03 3.452045e+03 3.378929e+03
19.1 3.796371e+03 3.619092e+03 3.450256e+03 3.627535e+03
20.1 3.662191e+03 3.549419e+03 3.455665e+03 3.568437e+03
21.1 3.529638e+03 3.412018e+03 3.455031e+03 3.572651e+03
0.4 4.429600e+03 4.092605e+03 3.454963e+03 3.791958e+03
1.4 4.201610e+03 3.882220e+03 3.450154e+03 3.769545e+03
2.4 4.157045e+03 4.010653e+03 3.451886e+03 3.598277e+03
3.4 3.989171e+03 4.010201e+03 3.457120e+03 3.436090e+03
4.4 4.148005e+03 4.033604e+03 3.453816e+03 3.568217e+03
5.4 4.190561e+03 4.162620e+03 3.445239e+03 3.473179e+03
6.4 4.109880e+03 4.125556e+03 3.438042e+03 3.422365e+03
7.4 4.051405e+03 4.126269e+03 3.435511e+03 3.360646e+03
8.4 3.933387e+03 4.116653e+03 3.442850e+03 3.259584e+03
9.4 3.780039e+03 4.077074e+03 3.452887e+03 3.155852e+03
10.4 3.728739e+03 4.087196e+03 3.452863e+03 3.094406e+03
11.4 3.589561e+03 3.966403e+03 3.449812e+03 3.072970e+03
12.4 3.298702e+03 3.458919e+03 3.454591e+03 3.294374e+03
13.4 3.293556e+03 3.457121e+03 3.457554e+03 3.293988e+03
14.4 3.476456e+03 3.549571e+03 3.452045e+03 3.378929e+03
15.4 3.796371e+03 3.619092e+03 3.450256e+03 3.627535e+03
16.4 3.662191e+03 3.549419e+03 3.455665e+03 3.568437e+03
17.4 3.529638e+03 3.412018e+03 3.455031e+03 3.572651e+03
18.4 3.465770e+03 3.462670e+03 3.447223e+03 3.450323e+03
19.4 3.197070e+03 3.207477e+03 3.439410e+03 3.429003e+03
20.4 2.972227e+03 3.213651e+03 3.435180e+03 3.193756e+03
21.4 3.062131e+03 3.130931e+03 3.439664e+03 3.370865e+03
0.4 4.109880e+03 4.125556e+03 3.438042e+03 3.422365e+03
1.4 4.051405e+03 4.126269e+03 3.435511e+03 3.360646e+03
2.4 3.933387e+03 4.116653e+03 3.442850e+03 3.259584e+03
3.4 3.780039e+03 4.077074e+03 3.452887e+03 3.155852e+03
4.4 3.728739e+03 4.087196e+03 3.452863e+03 3.094406e+03
5.4 3.589561e+03 3.966403e+03 3.449812e+03 3.072970e+03
6.4 3.298702e+03 3.458919e+03 3.454591e+03 3.294374e+03
7.4 3.293556e+03 3.457121e+03 3.457554e+03 3.293988e+03
8.4 3.476456e+03 3.549571e+03 3.452045e+03 3.378929e+03
9.4 3.796371e+03 3.619092e+03 3.450256e+03 3.627535e+03
10.4 3.662191e+03 3.549419e+03 3.455665e+03 3.568437e+03
11.4 3.529638e+03 3.412018e+03 3.455031e+03 3.572651e+03
12.4 3.465770e+03 3.462670e+03 3.447223e+03 3.450323e+03
13.4 3.197070e+03 3.207477e+03 3.439410e+03 3.429003e+03
14.4 2.972227e+03 3.213651e+03 3.435180e+03 3.193756e+03
15.4 3.062131e+03 3.130931e+03 3.439664e+03 3.370865e+03
16.4 3.246397e+03 3.436195e+03 3.450706e+03 3.260908e+03
17.4 2.948801e+03 2.968544e+03 3.453851e+03 3.434109e+03
18.4 3.293193e+03 3.335949e+03 3.448014e+03 3.405258e+03
19.4 3.162140e+03 3.443438e+03 3.440928e+03 3.159630e+03
20.4 3.172225e+03 3.191058e+03 3.436592e+03 3.417760e+03
21.4 3.163580e+03 3.286763e+03 3.440266e+03 3.317083e+03
0.8 3.728739e+03 4.087196e+03 3.452863e+03 3.094406e+03
1.8 3.589561e+03 3.966403e+03 3.449812e+03 3.072970e+03
2.8 3.298702e+03 3.458919e+03 3.454591e+03 3.294374e+03
3.8 3.293556e+03 3.457121e+03 3.457554e+03 3.293988e+03
4.8 3.476456e+03 3.549571e+03 3.452045e+03 3.378929e+03
5.8 3.796371e+03 3.619092e+03 3.450256e+03 3.627535e+03
6.8 3.662191e+03 3.549419e+03 3.455665e+03 3.568437e+03
7.8 3.529638e+03 3.412018e+03 3.455031e+03 3.572651e+03
8.8 3.465770e+03 3.462670e+03 3.447223e+03 3.450323e+03
9.8 3.197070e+03 3.207477e+03 3.439410e+03 3.429003e+03
10.8 2.972227e+03 3.213651e+03 3.435180e+03 3.193756e+03
11.8 3.062131e+03 3.130931e+03 3.439664e+03 3.370865e+03
12.8 3.246397e+03 3.436195e+03 3.450706e+03 3.260908e+03
13.8 2.948801e+03 2.968544e+03 3.453851e+03 3.434109e+03
14.8 3.293193e+03 3.335949e+03 3.448014e+03 3.405258e+03
15.8 3.162140e+03 3.443438e+03 3.440928e+03 3.159630e+03
16.8 3.172225e+03 3.191058e+03 3.436592e+03 3.417760e+03
17.8 3.163580e+03 3.286763e+03 3.440266e+03 3.317083e+03
18.8 3.041286e+03 3.152168e+03 3.450996e+03 3.340113e+03
19.8 3.101790e+03 3.244547e+03 3.454505e+03 3.311748e+03
20.8 3.125066e+03 3.319019e+03 3.448744e+03 3.254791e+03
21.8 3.237751e+03 3.260366e+03 3.442239e+03 3.419625e+03
0.1 3.293556e+03 3.457121e+03 3.457554e+03 3.293988e+03
1.1 3.476456e+03 3.549571e+03 3.452045e+03 3.378929e+03
2.1 3.796371e+03 3.619092e+03 3.450256e+03 3.627535e+03
3.1 3.662191e+03 3.549419e+03 3.455665e+03 3.568437e+03
4.1 3.529638e+03 3.412018e+03 3.455031e+03 3.572651e+03
5.1 3.465770e+03 3.462670e+03 3.447223e+03 3.450323e+03
6.1 3.197070e+03 3.207477e+03 3.439410e+03 3.429003e+03
7.1 2.972227e+03 3.213651e+03 3.435180e+03 3.193756e+03
8.1 3.062131e+03 3.130931e+03 3.439664e+03 3.370865e+03
9.1 3.246397e+03 3.436195e+03 3.450706e+03 3.260908e+03
10.1 2.948801e+03 2.968544e+03 3.453851e+03 3.434109e+03
11.1 3.293193e+03 3.335949e+03 3.448014e+03 3.405258e+03
12.1 3.162140e+03 3.443438e+03 3.440928e+03 3.159630e+03
13.1 3.172225e+03 3.191058e+03 3.436592e+03 3.417760e+03
14.1 3.163580e+03 3.286763e+03 3.440266e+03 3.317083e+03
15.1 3.041286e+03 3.152168e+03 3.450996e+03 3.340113e+03
16.1 3.101790e+03 3.244547e+03 3.454505e+03 3.311748e+03
17.1 3.125066e+03 3.319019e+03 3.448744e+03 3.254791e+03
18.1 3.237751e+03 3.260366e+03 3.442239e+03 3.419625e+03
19.1 2.671296e+03 2.861422e+03 3.444681e+03 3.254555e+03
20.1 3.158196e+03 3.148538e+03 3.453466e+03 3.463124e+03
21.1 3.548543e+03 3.360465e+03 3.454253e+03 3.642330e+03
0.1 3.197070e+03 3.207477e+03 3.439410e+03 3.429003e+03
1.1 2.972227e+03 3.213651e+03 3.435180e+03 3.193756e+03
2.1 3.062131e+03 3.130931e+03 3.439664e+03 3.370865e+03
3.1 3.246397e+03 3.436195e+03 3.450706e+03 3.260908e+03
4.1 2.948801e+03 2.968544e+03 3.453851e+03 3.434109e+03
5.1 3.293193e+03 3.335949e+03 3.448014e+03 3.405258e+03
6.1 3.162140e+03 3.443438e+03 3.440928e+03 3.159630e+03
7.1 3.172225e+03 3.191058e+03 3.436592e+03 3.417760e+03
8.1 3.163580e+03 3.286763e+03 3.440266e+03 3.317083e+03
9.1 3.041286e+03 3.152168e+03 3.450996e+03 3.340113e+03
10.1 3.101790e+03 3.244547e+03 3.454505e+03 3.311748e+03
11.1 3.125066e+03 3.319019e+03 3.448744e+03 3.254791e+03
12.1 3.237751e+03 3.260366e+03 3.442239e+03 3.419625e+03
13.1 2.671296e+03 2.861422e+03 3.444681e+03 3.254555e+03
14.1 3.158196e+03 3.148538e+03 3.453466e+03 3.463124e+03
15.1 3.548543e+03 3.360465e+03 3.454253e+03 3.642330e+03
16.1 3.445142e+03 3.299471e+03 3.449718e+03 3.595389e+03
17.1 3.636891e+03 3.378549e+03 3.452769e+03 3.711111e+03
18.1 3.576157e+03 3.393312e+03 3.457254e+03 3.640099e+03
19.1 3.298217e+03 3.191917e+03 3.452721e+03 3.559020e+03
20.1 3.318224e+03 3.175825e+03 3.444040e+03 3.586440e+03
21.1 3.277855e+03 3.149935e+03 3.437290e+03 3.565210e+03
0.1 3.162140e+03 3.443438e+03 3.440928e+03 3.159630e+03
1.1 3.172225e+03 3.191058e+03 3.436592e+03 3.417760e+03
2.1 3.163580e+03 3.286763e+03 3.440266e+03 3.317083e+03
3.1 3.041286e+03 3.152168e+03 3.450996e+03 3.340113e+03
4.1 3.101790e+03 3.244547e+03 3.454505e+03 3.311748e+03
5.1 3.125066e+03 3.319019e+03 3.448744e+03 3.254791e+03
6.1 3.237751e+03 3.260366e+03 3.442239e+03 3.419625e+03
7.1 2.671296e+03 2.861422e+03 3.444681e+03 3.254555e+03
8.1 3.158196e+03 3.148538e+03 3.453466e+03 3.463124e+03
9.1 3.548543e+03 3.360465e+03 3.454253e+03 3.642330e+03
10.1 3.445142e+03 3.299471e+03 3.449718e+03 3.595389e+03
11.1 3.636891e+03 3.378549e+03 3.452769e+03 3.711111e+03
12.1 3.576157e+03 3.393312e+03 3.457254e+03 3.640099e+03
13.1 3.298217e+03 3.191917e+03 3.452721e+03 3.559020e+03
14.1 3.318224e+03 3.175825e+03 3.444040e+03 3.586440e+03
15.1 3.277855e+03 3.149935e+03 3.437290e+03 3.565210e+03
16.1 2.787525e+03 2.629310e+03 3.435907e+03 3.594122e+03
17.1 3.118065e+03 2.932814e+03 3.444524e+03 3.629775e+03
18.1 3.063418e+03 2.943956e+03 3.453583e+03 3.573045e+03
19.1 3.215707e+03 3.064350e+03 3.452212e+03 3.603569e+03
20.1 3.172088e+03 3.148661e+03 3.450014e+03 3.473442e+03
21.1 3.005447e+03 2.957065e+03 3.455503e+03 3.503885e+03
0.2 3.125066e+03 3.319019e+03 3.448744e+03 3.254791e+03
1.2 3.237751e+03 3.260366e+03 3.442239e+03 3.419625e+03
2.2 2.671296e+03 2.861422e+03 3.444681e+03 3.254555e+03
3.2 3.158196e+03 3.148538e+03 3.453466e+03 3.463124e+03
4.2 3.548543e+03 3.360465e+03 3.454253e+03 3.642330e+03
5.2 3.445142e+03 3.299471e+03 3.449718e+03 3.595389e+03
6.2 3.636891e+03 3.378549e+03 3.452769e+03 3.711111e+03
7.2 3.576157e+03 3.393312e+03 3.457254e+03 3.640099e+03
8.2 3.298217e+03 3.191917e+03 3.452721e+03 3.559020e+03
9.2 3.318224e+03 3.175825e+03 3.444040e+03 3.586440e+03
10.2 3.277855e+03 3.149935e+03 3.437290e+03 3.565210e+03
11.2 2.787525e+03 2.629310e+03 3.435907e+03 3.594122e+03
12.2 3.118065e+03 2.932814e+03 3.444524e+03 3.629775e+03
13.2 3.063418e+03 2.943956e+03 3.453583e+03 3.573045e+03
14.2 3.215707e+03 3.064350e+03 3.452212e+03 3.603569e+03
15.2 3.172088e+03 3.148661e+03 3.450014e+03 3.473442e+03
16.2 3.005447e+03 2.957065e+03 3.455503e+03 3.503885e+03
17.2 3.108450e+03 3.091375e+03 3.457154e+03 3.474230e+03
18.2 3.031613e+03 3.111879e+03 3.451217e+03 3.370951e+03
19.2 2.974408e+03 3.103090e+03 3.450836e+03 3.322154e+03
20.2 2.998672e+03 3.056550e+03 3.456186e+03 3.398308e+03
21.2 3.088482e+03 3.039442e+03 3.454222e+03 3.503262e+03
0.6 3.548543e+03 3.360465e+03 3.454253e+03 3.642330e+03
1.6 3.445142e+03 3.299471e+03 3.449718e+03 3.595389e+03
2.6 3.636891e+03 3.378549e+03 3.452769e+03 3.711111e+03
3.6 3.576157e+03 3.393312e+03 3.457254e+03 3.640099e+03
4.6 3.298217e+03 3.191917e+03 3.452721e+03 3.559020e+03
5.6 3.318224e+03 3.175825e+03 3.444040e+03 3.586440e+03
6.6 3.277855e+03 3.149935e+03 3.437290e+03 3.565210e+03
7.6 2.787525e+03 2.629310e+03 3.435907e+03 3.594122e+03
8.6 3.118065e+03 2.932814e+03 3.444524e+03 3.629775e+03
9.6 3.063418e+03 2.943956e+03 3.453583e+03 3.573045e+03
10.6 3.215707e+03 3.064350e+03 3.452212e+03 3.603569e+03
11.6 3.172088e+03 3.148661e+03 3.450014e+03 3.473442e+03
12.6 3.005447e+03 2.957065e+03 3.455503e+03 3.503885e+03
13.6 3.108450e+03 3.091375e+03 3.457154e+03 3.474230e+03
14.6 3.031613e+03 3.111879e+03 3.451217e+03 3.370951e+03
15.6 2.974408e+03 3.103090e+03 3.450836e+03 3.322154e+03
16.6 2.998672e+03 3.056550e+03 3.456186e+03 3.398308e+03
17.6 3.088482e+03 3.039442e+03 3.454222e+03 3.503262e+03
18.6 3.025288e+03 2.868669e+03 3.449049e+03 3.605668e+03
19.6 2.905051e+03 2.940214e+03 3.452427e+03 3.417264e+03
20.6 2.985698e+03 2.979391e+03 3.456303e+03 3.462610e+03
21.6 3.125755e+03 3.061417e+03 3.451265e+03 3.515603e+03
0.5 3.277855e+03 3.149935e+03 3.437290e+03 3.565210e+03
1.5 2.787525e+03 2.629310e+03 3.435907e+03 3.594122e+03
2.5 3.118065e+03 2.932814e+03 3.444524e+03 3.629775e+03
3.5 3.063418e+03 2.943956e+03 3.453583e+03 3.573045e+03
4.5 3.215707e+03 3.064350e+03 3.452212e+03 3.603569e+03
5.5 3.172088e+03 3.148661e+03 3.450014e+03 3.473442e+03
6.5 3.005447e+03 2.957065e+03 3.455503e+03 3.503885e+03
7.5 3.108450e+03 3.091375e+03 3.457154e+03 3.474230e+03
8.5 3.031613e+03 3.111879e+03 3.451217e+03 3.370951e+03
9.5 2.974408e+03 3.103090e+03 3.450836e+03 3.322154e+03
10.5 2.998672e+03 3.056550e+03 3.456186e+03 3.398308e+03
11.5 3.088482e+03 3.039442e+03 3.454222e+03 3.503262e+03
12.5 3.025288e+03 2.868669e+03 3.449049e+03 3.605668e+03
13.5 2.905051e+03 2.940214e+03 3.452427e+03 3.417264e+03
14.5 2.985698e+03 2.979391e+03 3.456303e+03 3.462610e+03
15.5 3.125755e+03 3.061417e+03 3.451265e+03 3.515603e+03
16.5 3.058889e+03 2.885618e+03 3.442948e+03 3.616219e+03
17.5 2.741308e+03 2.894743e+03 3.440951e+03 3.287515e+03
18.5 2.911225e+03 2.952920e+03 3.449170e+03 3.407475e+03
19.5 2.939855e+03 2.917684e+03 3.454256e+03 3.476427e+03
20.5 2.952380e+03 2.996902e+03 3.450256e+03 3.405734e+03
21.5 2.858367e+03 2.933482e+03 3.449905e+03 3.374789e+03
0.9 3.215707e+03 3.064350e+03 3.452212e+03 3.603569e+03
1.9 3.172088e+03 3.148661e+03 3.450014e+03 3.473442e+03
2.9 3.005447e+03 2.957065e+03 3.455503e+03 3.503885e+03
3.9 3.108450e+03 3.091375e+03 3.457154e+03 3.474230e+03
4.9 3.031613e+03 3.111879e+03 3.451217e+03 3.370951e+03
5.9 2.974408e+03 3.103090e+03 3.450836e+03 3.322154e+03
6.9 2.998672e+03 3.056550e+03 3.456186e+03 3.398308e+03
7.9 3.088482e+03 3.039442e+03 3.454222e+03 3.503262e+03
8.9 3.025288e+03 2.868669e+03 3.449049e+03 3.605668e+03
9.9 2.905051e+03 2.940214e+03 3.452427e+03 3.417264e+03
10.9 2.985698e+03 2.979391e+03 3.456303e+03 3.462610e+03
11.9 3.125755e+03 3.061417e+03 3.451265e+03 3.515603e+03
12.9 3.058889e+03 2.885618e+03 3.442948e+03 3.616219e+03
13.9 2.741308e+03 2.894743e+03 3.440951e+03 3.287515e+03
14.9 2.911225e+03 2.952920e+03 3.449170e+03 3.407475e+03
15.9 2.939855e+03 2.917684e+03 3.454256e+03 3.476427e+03
16.9 2.952380e+03 2.996902e+03 3.450256e+03 3.405734e+03
17.9 2.858367e+03 2.933482e+03 3.449905e+03 3.374789e+03
18.9 2.793361e+03 2.886370e+03 3.456003e+03 3.362994e+03
19.9 2.840273e+03 2.895300e+03 3.455340e+03 3.400313e+03
20.9 2.892327e+03 2.893204e+03 3.447428e+03 3.446551e+03
21.9 2.860700e+03 2.867243e+03 3.440879e+03 3.434337e+03
0.3 3.108450e+03 3.091375e+03 3.457154e+03 3.474230e+03
1.3 3.031613e+03 3.111879e+03 3.451217e+03 3.370951e+03
2.3 2.974408e+03 3.103090e+03 3.450836e+03 3.322154e+03
3.3 2.998672e+03 3.056550e+03 3.456186e+03 3.398308e+03
4.3 3.088482e+03 3.039442e+03 3.454222e+03 3.503262e+03
5.3 3.025288e+03 2.868669e+03 3.449049e+03 3.605668e+03
6.3 2.905051e+03 2.940214e+03 3.452427e+03 3.417264e+03
7.3 2.985698e+03 2.979391e+03 3.456303e+03 3.462610e+03
8.3 3.125755e+03 3.061417e+03 3.451265e+03 3.515603e+03
9.3 3.058889e+03 2.885618e+03 3.442948e+03 3.616219e+03
10.3 2.741308e+03 2.894743e+03 3.440951e+03 3.287515e+03
11.3 2.911225e+03 2.952920e+03 3.449170e+03 3.407475e+03
12.3 2.939855e+03 2.917684e+03 3.454256e+03 3.476427e+03
13.3 2.952380e+03 2.996902e+03 3.450256e+03 3.405734e+03
14.3 2.858367e+03 2.933482e+03 3.449905e+03 3.374789e+03
15.3 2.793361e+03 2.886370e+03 3.456003e+03 3.362994e+03
16.3 2.840273e+03 2.895300e+03 3.455340e+03 3.400313e+03
17.3 2.892327e+03 2.893204e+03 3.447428e+03 3.446551e+03
18.3 2.860700e+03 2.867243e+03 3.440879e+03 3.434337e+03
19.3 2.865986e+03 2.901010e+03 3.444701e+03 3.409677e+03
20.3 3.015981e+03 3.006870e+03 3.453249e+03 3.462360e+03
21.3 3.085794e+03 3.074988e+03 3.452780e+03 3.463586e+03
0.7 3.088482e+03 3.039442e+03 3.454222e+03 3.503262e+03
1.7 3.025288e+03 2.868669e+03 3.449049e+03 3.605668e+03
2.7 2.905051e+03 2.940214e+03 3.452427e+03 3.417264e+03
3.7 2.985698e+03 2.979391e+03 3.456303e+03 3.462610e+03
4.7 3.125755e+03 3.061417e+03 3.451265e+03 3.515603e+03
5.7 3.058889e+03 2.885618e+03 3.442948e+03 3.616219e+03
6.7 2.741308e+03 2.894743e+03 3.440951e+03 3.287515e+03
7.7 2.911225e+03 2.952920e+03 3.449170e+03 3.407475e+03
8.7 2.939855e+03 2.917684e+03 3.454256e+03 3.476427e+03
9.7 2.952380e+03 2.996902e+03 3.450256e+03 3.405734e+03
10.7 2.858367e+03 2.933482e+03 3.449905e+03 3.374789e+03
11.7 2.793361e+03 2.886370e+03 3.456003e+03 3.362994e+03
12.7 2.840273e+03 2.895300e+03 3.455340e+03 3.400313e+03
13.7 2.892327e+03 2.893204e+03 3.447428e+03 3.446551e+03
14.7 2.860700e+03 2.867243e+03 3.440879e+03 3.434337e+03
15.7 2.865986e+03 2.901010e+03 3.444701e+03 3.409677e+03
16.7 3.015981e+03 3.006870e+03 3.453249e+03 3.462360e+03
17.7 3.085794e+03 3.074988e+03 3.452780e+03 3.463586e+03
18.7 3.114632e+03 3.096646e+03 3.445600e+03 3.463586e+03
19.7 3.042080e+03 3.079591e+03 3.438846e+03 3.401334e+03
20.7 2.844403e+03 2.851090e+03 3.435854e+03 3.429166e+03
21.7 2.609832e+03 2.666508e+03 3.442094e+03 3.385418e+03
0.8 3.058889e+03 2.885618e+03 3.442948e+03 3.616219e+03
1.8 2.741308e+03 2.894743e+03 3.440951e+03 3.287515e+03
2.8 2.911225e+03 2.952920e+03 3.449170e+03 3.407475e+03
3.8 2.939855e+03 2.917684e+03 3.454256e+03 3.476427e+03
4.8 2.952380e+03 2.996902e+03 3.450256e+03 3.405734e+03
5.8 2.858367e+03 2.933482e+03 3.449905e+03 3.374789e+03
6.8 2.793361e+03 2.886370e+03 3.456003e+03 3.362994e+03
7.8 2.840273e+03 2.895300e+03 3.455340e+03 3.400313e+03
8.8 2.892327e+03 2.893204e+03 3.447428e+03 3.446551e+03
9.8 2.860700e+03 2.867243e+03 3.440879e+03 3.434337e+03
10.8 2.865986e+03 2.901010e+03 3.444701e+03 3.409677e+03
11.8 3.015981e+03 3.006870e+03 3.453249e+03 3.462360e+03
12.8 3.085794e+03 3.074988e+03 3.452780e+03 3.463586e+03
13.8 3.114632e+03 3.096646e+03 3.445600e+03 3.463586e+03
14.8 3.042080e+03 3.079591e+03 3.438846e+03 3.401334e+03
15.8 2.844403e+03 2.851090e+03 3.435854e+03 3.429166e+03
16.8 2.609832e+03 2.666508e+03 3.442094e+03 3.385418e+03
17.8 3.103978e+03 2.962207e+03 3.452576e+03 3.594347e+03
18.8 3.108267e+03 3.059401e+03 3.453584e+03 3.502451e+03
19.8 2.999742e+03 2.989957e+03 3.446905e+03 3.456689e+03
20.8 2.892149e+03 2.936577e+03 3.440025e+03 3.395597e+03
21.8 2.835244e+03 2.917046e+03 3.436611e+03 3.354809e+03
0.2 2.939855e+03 2.917684e+03 3.454256e+03 3.476427e+03
1.2 2.952380e+03 2.996902e+03 3.450256e+03 3.405734e+03
2.2 2.858367e+03 2.933482e+03 3.449905e+03 3.374789e+03
3.2 2.793361e+03 2.886370e+03 3.456003e+03 3.362994e+03
4.2 2.840273e+03 2.895300e+03 3.455340e+03 3.400313e+03
5.2 2.892327e+03 2.893204e+03 3.447428e+03 3.446551e+03
6.2 2.860700e+03 2.867243e+03 3.440879e+03 3.434337e+03
7.2 2.865986e+03 2.901010e+03 3.444701e+03 3.409677e+03
8.2 3.015981e+03 3.006870e+03 3.453249e+03 3.462360e+03
9.2 3.085794e+03 3.074988e+03 3.452780e+03 3.463586e+03
10.2 3.114632e+03 3.096646e+03 3.445600e+03 3.463586e+03
11.2 3.042080e+03 3.079591e+03 3.438846e+03 3.401334e+03
12.2 2.844403e+03 2.851090e+03 3.435854e+03 3.429166e+03
13.2 2.609832e+03 2.666508e+03 3.442094e+03 3.385418e+03
14.2 3.103978e+03 2.962207e+03 3.452576e+03 3.594347e+03
15.2 3.108267e+03 3.059401e+03 3.453584e+03 3.502451e+03
16.2 2.999742e+03 2.989957e+03 3.446905e+03 3.456689e+03
17.2 2.892149e+03 2.936577e+03 3.440025e+03 3.395597e+03
18.2 2.835244e+03 2.917046e+03 3.436611e+03 3.354809e+03
19.2 2.832791e+03 2.916786e+03 3.442295e+03 3.358300e+03
20.2 2.693468e+03 2.779578e+03 3.452666e+03 3.366556e+03
21.2 2.839761e+03 2.911901e+03 3.453876e+03 3.381736e+03
0.4 2.892327e+03 2.893204e+03 3.447428e+03 3.446551e+03
1.4 2.860700e+03 2.867243e+03 3.440879e+03 3.434337e+03
2.4 2.865986e+03 2.901010e+03 3.444701e+03 3.409677e+03
3.4 3.015981e+03 3.006870e+03 3.453249e+03 3.462360e+03
4.4 3.085794e+03 3.074988e+03 3.452780e+03 3.463586e+03
5.4 3.114632e+03 3.096646e+03 3.445600e+03 3.463586e+03
6.4 3.042080e+03 3.079591e+03 3.438846e+03 3.401334e+03
7.4 2.844403e+03 2.851090e+03 3.435854e+03 3.429166e+03
8.4 2.609832e+03 2.666508e+03 3.442094e+03 3.385418e+03
9.4 3.103978e+03 2.962207e+03 3.452576e+03 3.594347e+03
10.4 3.108267e+03 3.059401e+03 3.453584e+03 3.502451e+03
11.4 2.999742e+03 2.989957e+03 3.446905e+03 3.456689e+03
12.4 2.892149e+03 2.936577e+03 3.440025e+03 3.395597e+03
13.4 2.835244e+03 2.917046e+03 3.436611e+03 3.354809e+03
14.4 2.832791e+03 2.916786e+03 3.442295e+03 3.358300e+03
15.4 2.693468e+03 2.779578e+03 3.452666e+03 3.366556e+03
16.4 2.839761e+03 2.911901e+03 3.453876e+03 3.381736e+03
17.4 3.033829e+03 3.007457e+03 3.449870e+03 3.476242e+03
18.4 3.126367e+03 2.997730e+03 3.453394e+03 3.582031e+03
19.4 3.041013e+03 2.954659e+03 3.457713e+03 3.544068e+03
20.4 2.996173e+03 2.847454e+03 3.453109e+03 3.601828e+03
21.4 2.848177e+03 2.892916e+03 3.449536e+03 3.404797e+03
0.3 3.042080e+03 3.079591e+03 3.438846e+03 3.401334e+03
1.3 2.844403e+03 2.851090e+03 3.435854e+03 3.429166e+03
2.3 2.609832e+03 2.666508e+03 3.442094e+03 3.385418e+03
3.3 3.103978e+03 2.962207e+03 3.452576e+03 3.594347e+03
4.3 3.108267e+03 3.059401e+03 3.453584e+03 3.502451e+03
5.3 2.999742e+03 2.989957e+03 3.446905e+03 3.456689e+03
6.3 2.892149e+03 2.936577e+03 3.440025e+03 3.395597e+03
7.3 2.835244e+03 2.917046e+03 3.436611e+03 3.354809e+03
8.3 2.832791e+03 2.916786e+03 3.442295e+03 3.358300e+03
9.3 2.693468e+03 2.779578e+03 3.452666e+03 3.366556e+03
10.3 2.839761e+03 2.911901e+03 3.453876e+03 3.381736e+03
11.3 3.033829e+03 3.007457e+03 3.449870e+03 3.476242e+03
12.3 3.126367e+03 2.997730e+03 3.453394e+03 3.582031e+03
13.3 3.041013e+03 2.954659e+03 3.457713e+03 3.544068e+03
14.3 2.996173e+03 2.847454e+03 3.453109e+03 3.601828e+03
15.3 2.848177e+03 2.892916e+03 3.449536e+03 3.404797e+03
16.3 2.896452e+03 2.878130e+03 3.454535e+03 3.472857e+03
17.3 2.865738e+03 2.725375e+03 3.455893e+03 3.596257e+03
18.3 2.831660e+03 2.833013e+03 3.448974e+03 3.447621e+03
19.3 2.721325e+03 2.825972e+03 3.441338e+03 3.336691e+03
20.3 2.702996e+03 2.758307e+03 3.442627e+03 3.387316e+03
21.3 2.733997e+03 2.818640e+03 3.451674e+03 3.367031e+03
0.3 2.892149e+03 2.936577e+03 3.440025e+03 3.395597e+03
1.3 2.835244e+03 2.917046e+03 3.436611e+03 3.354809e+03
2.3 2.832791e+03 2.916786e+03 3.442295e+03 3.358300e+03
3.3 2.693468e+03 2.779578e+03 3.452666e+03 3.366556e+03
4.3 2.839761e+03 2.911901e+03 3.453876e+03 3.381736e+03
5.3 3.033829e+03 3.007457e+03 3.449870e+03 3.476242e+03
6.3 3.126367e+03 2.997730e+03 3.453394e+03 3.582031e+03
7.3 3.041013e+03 2.954659e+03 3.457713e+03 3.544068e+03
8.3 2.996173e+03 2.847454e+03 3.453109e+03 3.601828e+03
9.3 2.848177e+03 2.892916e+03 3.449536e+03 3.404797e+03
10.3 2.896452e+03 2.878130e+03 3.454535e+03 3.472857e+03
11.3 2.865738e+03 2.725375e+03 3.455893e+03 3.596257e+03
12.3 2.831660e+03 2.833013e+03 3.448974e+03 3.447621e+03
13.3 2.721325e+03 2.825972e+03 3.441338e+03 3.336691e+03
14.3 2.702996e+03 2.758307e+03 3.442627e+03 3.387316e+03
15.3 2.733997e+03 2.818640e+03 3.451674e+03 3.367031e+03
16.3 2.963103e+03 3.078284e+03 3.453717e+03 3.338535e+03
17.3 2.940243e+03 3.044598e+03 3.447360e+03 3.343005e+03
18.3 2.860819e+03 3.005083e+03 3.440149e+03 3.295885e+03
19.3 2.858672e+03 2.924282e+03 3.435918e+03 3.370308e+03
20.3 2.862056e+03 2.887541e+03 3.439782e+03 3.414297e+03
21.3 2.814203e+03 2.877830e+03 3.450692e+03 3.387065e+03
0.6 2.839761e+03 2.911901e+03 3.453876e+03 3.381736e+03
1.6 3.033829e+03 3.007457e+03 3.449870e+03 3.476242e+03
2.6 3.126367e+03 2.997730e+03 3.453394e+03 3.582031e+03
3.6 3.041013e+03 2.954659e+03 3.457713e+03 3.544068e+03
4.6 2.996173e+03 2.847454e+03 3.453109e+03 3.601828e+03
5.6 2.848177e+03 2.892916e+03 3.449536e+03 3.404797e+03
6.6 2.896452e+03 2.878130e+03 3.454535e+03 3.472857e+03
7.6 2.865738e+03 2.725375e+03 3.455893e+03 3.596257e+03
8.6 2.831660e+03 2.833013e+03 3.448974e+03 3.447621e+03
9.6 2.721325e+03 2.825972e+03 3.441338e+03 3.336691e+03
10.6 2.702996e+03 2.758307e+03 3.442627e+03 3.387316e+03
11.6 2.733997e+03 2.818640e+03 3.451674e+03 3.367031e+03
12.6 2.963103e+03 3.078284e+03 3.453717e+03 3.338535e+03
13.6 2.940243e+03 3.044598e+03 3.447360e+03 3.343005e+03
14.6 2.860819e+03 3.005083e+03 3.440149e+03 3.295885e+03
15.6 2.858672e+03 2.924282e+03 3.435918e+03 3.370308e+03
16.6 2.862056e+03 2.887541e+03 3.439782e+03 3.414297e+03
17.6 2.814203e+03 2.877830e+03 3.450692e+03 3.387065e+03
18.6 2.879025e+03 2.851265e+03 3.454334e+03 3.482094e+03
19.6 2.879195e+03 2.903000e+03 3.448656e+03 3.424851e+03
20.6 2.842014e+03 2.828157e+03 3.441400e+03 3.455256e+03
21.6 2.864587e+03 2.839808e+03 3.436757e+03 3.461536e+03
1.0 2.996173e+03 2.847454e+03 3.453109e+03 3.601828e+03
2.0 2.848177e+03 2.892916e+03 3.449536e+03 3.404797e+03
3.0 2.896452e+03 2.878130e+03 3.454535e+03 3.472857e+03
4.0 2.865738e+03 2.725375e+03 3.455893e+03 3.596257e+03
5.0 2.831660e+03 2.833013e+03 3.448974e+03 3.447621e+03
6.0 2.721325e+03 2.825972e+03 3.441338e+03 3.336691e+03
7.0 2.702996e+03 2.758307e+03 3.442627e+03 3.387316e+03
8.0 2.733997e+03 2.818640e+03 3.451674e+03 3.367031e+03
9.0 2.963103e+03 3.078284e+03 3.453717e+03 3.338535e+03
10.0 2.940243e+03 3.044598e+03 3.447360e+03 3.343005e+03
11.0 2.860819e+03 3.005083e+03 3.440149e+03 3.295885e+03
12.0 2.858672e+03 2.924282e+03 3.435918e+03 3.370308e+03
13.0 2.862056e+03 2.887541e+03 3.439782e+03 3.414297e+03
14.0 2.814203e+03 2.877830e+03 3.450692e+03 3.387065e+03
15.0 2.879025e+03 2.851265e+03 3.454334e+03 3.482094e+03
16.0 2.879195e+03 2.903000e+03 3.448656e+03 3.424851e+03
17.0 2.842014e+03 2.828157e+03 3.441400e+03 3.455256e+03
18.0 2.864587e+03 2.839808e+03 3.436757e+03 3.461536e+03
19.0 2.862248e+03 2.842502e+03 3.439799e+03 3.459546e+03
20.0 2.868100e+03 2.840749e+03 3.450468e+03 3.477819e+03
21.0 2.903618e+03 2.891832e+03 3.454627e+03 3.466413e+03
22.0 2.939549e+03 2.916307e+03 3.449183e+03 3.472425e+03
0.1 2.831660e+03 2.833013e+03 3.448974e+03 3.447621e+03
1.1 2.721325e+03 2.825972e+03 3.441338e+03 3.336691e+03
2.1 2.702996e+03 2.758307e+03 3.442627e+03 3.387316e+03
3.1 2.733997e+03 2.818640e+03 3.451674e+03 3.367031e+03
4.1 2.963103e+03 3.078284e+03 3.453717e+03 3.338535e+03
5.1 2.940243e+03 3.044598e+03 3.447360e+03 3.343005e+03
6.1 2.860819e+03 3.005083e+03 3.440149e+03 3.295885e+03
7.1 2.858672e+03 2.924282e+03 3.435918e+03 3.370308e+03
8.1 2.862056e+03 2.887541e+03 3.439782e+03 3.414297e+03
9.1 2.814203e+03 2.877830e+03 3.450692e+03 3.387065e+03
10.1 2.879025e+03 2.851265e+03 3.454334e+03 3.482094e+03
11.1 2.879195e+03 2.903000e+03 3.448656e+03 3.424851e+03
12.1 2.842014e+03 2.828157e+03 3.441400e+03 3.455256e+03
13.1 2.864587e+03 2.839808e+03 3.436757e+03 3.461536e+03
14.1 2.862248e+03 2.842502e+03 3.439799e+03 3.459546e+03
15.1 2.868100e+03 2.840749e+03 3.450468e+03 3.477819e+03
16.1 2.903618e+03 2.891832e+03 3.454627e+03 3.466413e+03
17.1 2.939549e+03 2.916307e+03 3.449183e+03 3.472425e+03
18.1 2.901352e+03 2.915794e+03 3.441810e+03 3.427368e+03
19.1 2.766178e+03 2.794913e+03 3.436652e+03 3.407917e+03
20.1 2.716536e+03 2.702963e+03 3.433858e+03 3.447430e+03
21.1 2.663297e+03 2.654346e+03 3.432651e+03 3.441601e+03
0.1 2.860819e+03 3.005083e+03 3.440149e+03 3.295885e+03
1.1 2.858672e+03 2.924282e+03 3.435918e+03 3.370308e+03
2.1 2.862056e+03 2.887541e+03 3.439782e+03 3.414297e+03
3.1 2.814203e+03 2.877830e+03 3.450692e+03 3.387065e+03
4.1 2.879025e+03 2.851265e+03 3.454334e+03 3.482094e+03
5.1 2.879195e+03 2.903000e+03 3.448656e+03 3.424851e+03
6.1 2.842014e+03 2.828157e+03 3.441400e+03 3.455256e+03
7.1 2.864587e+03 2.839808e+03 3.436757e+03 3.461536e+03
8.1 2.862248e+03 2.842502e+03 3.439799e+03 3.459546e+03
9.1 2.868100e+03 2.840749e+03 3.450468e+03 3.477819e+03
10.1 2.903618e+03 2.891832e+03 3.454627e+03 3.466413e+03
11.1 2.939549e+03 2.916307e+03 3.449183e+03 3.472425e+03
12.1 2.901352e+03 2.915794e+03 3.441810e+03 3.427368e+03
13.1 2.766178e+03 2.794913e+03 3.436652e+03 3.407917e+03
14.1 2.716536e+03 2.702963e+03 3.433858e+03 3.447430e+03
15.1 2.663297e+03 2.654346e+03 3.432651e+03 3.441601e+03
16.1 2.640900e+03 2.640856e+03 3.432422e+03 3.432465e+03
17.1 2.606680e+03 2.614695e+03 3.433922e+03 3.425907e+03
18.1 2.645052e+03 2.621765e+03 3.442850e+03 3.466136e+03
19.1 2.714652e+03 2.670928e+03 3.454302e+03 3.498026e+03
20.1 2.628457e+03 2.627682e+03 3.455218e+03 3.455993e+03
21.1 2.716404e+03 2.723703e+03 3.448198e+03 3.440899e+03
1.0 2.864587e+03 2.839808e+03 3.436757e+03 3.461536e+03
2.0 2.862248e+03 2.842502e+03 3.439799e+03 3.459546e+03
3.0 2.868100e+03 2.840749e+03 3.450468e+03 3.477819e+03
4.0 2.903618e+03 2.891832e+03 3.454627e+03 3.466413e+03
5.0 2.939549e+03 2.916307e+03 3.449183e+03 3.472425e+03
6.0 2.901352e+03 2.915794e+03 3.441810e+03 3.427368e+03
7.0 2.766178e+03 2.794913e+03 3.436652e+03 3.407917e+03
8.0 2.716536e+03 2.702963e+03 3.433858e+03 3.447430e+03
9.0 2.663297e+03 2.654346e+03 3.432651e+03 3.441601e+03
10.0 2.640900e+03 2.640856e+03 3.432422e+03 3.432465e+03
11.0 2.606680e+03 2.614695e+03 3.433922e+03 3.425907e+03
12.0 2.645052e+03 2.621765e+03 3.442850e+03 3.466136e+03
13.0 2.714652e+03 2.670928e+03 3.454302e+03 3.498026e+03
14.0 2.628457e+03 2.627682e+03 3.455218e+03 3.455993e+03
15.0 2.716404e+03 2.723703e+03 3.448198e+03 3.440899e+03
16.0 2.735659e+03 2.725525e+03 3.442938e+03 3.453073e+03
17.0 2.688962e+03 2.683898e+03 3.447963e+03 3.453027e+03
18.0 2.675492e+03 2.679014e+03 3.455271e+03 3.451748e+03
19.0 2.694157e+03 2.707900e+03 3.452867e+03 3.439124e+03
20.0 2.685204e+03 2.678245e+03 3.445065e+03 3.452024e+03
21.0 2.685260e+03 2.644102e+03 3.441449e+03 3.482606e+03
22.0 2.673933e+03 2.611772e+03 3.448419e+03 3.510580e+03
0.3 2.640900e+03 2.640856e+03 3.432422e+03 3.432465e+03
1.3 2.606680e+03 2.614695e+03 3.433922e+03 3.425907e+03
2.3 2.645052e+03 2.621765e+03 3.442850e+03 3.466136e+03
3.3 2.714652e+03 2.670928e+03 3.454302e+03 3.498026e+03
4.3 2.628457e+03 2.627682e+03 3.455218e+03 3.455993e+03
5.3 2.716404e+03 2.723703e+03 3.448198e+03 3.440899e+03
6.3 2.735659e+03 2.725525e+03 3.442938e+03 3.453073e+03
7.3 2.688962e+03 2.683898e+03 3.447963e+03 3.453027e+03
8.3 2.675492e+03 2.679014e+03 3.455271e+03 3.451748e+03
9.3 2.694157e+03 2.707900e+03 3.452867e+03 3.439124e+03
10.3 2.685204e+03 2.678245e+03 3.445065e+03 3.452024e+03
11.3 2.685260e+03 2.644102e+03 3.441449e+03 3.482606e+03
12.3 2.673933e+03 2.611772e+03 3.448419e+03 3.510580e+03
13.3 2.666238e+03 2.615861e+03 3.454881e+03 3.505258e+03
14.3 2.675820e+03 2.658195e+03 3.451256e+03 3.468882e+03
15.3 2.666646e+03 2.675130e+03 3.443598e+03 3.435114e+03
16.3 2.793778e+03 2.791066e+03 3.441608e+03 3.444320e+03
17.3 2.827837e+03 2.814856e+03 3.449681e+03 3.462662e+03
18.3 2.892110e+03 2.817374e+03 3.454900e+03 3.529636e+03
19.3 2.875949e+03 2.824857e+03 3.450196e+03 3.501287e+03
20.3 2.865943e+03 2.821923e+03 3.442462e+03 3.486482e+03
21.3 2.908318e+03 2.923502e+03 3.436898e+03 3.421714e+03
0.5 2.716404e+03 2.723703e+03 3.448198e+03 3.440899e+03
1.5 2.735659e+03 2.725525e+03 3.442938e+03 3.453073e+03
2.5 2.688962e+03 2.683898e+03 3.447963e+03 3.453027e+03
3.5 2.675492e+03 2.679014e+03 3.455271e+03 3.451748e+03
4.5 2.694157e+03 2.707900e+03 3.452867e+03 3.439124e+03
5.5 2.685204e+03 2.678245e+03 3.445065e+03 3.452024e+03
6.5 2.685260e+03 2.644102e+03 3.441449e+03 3.482606e+03
7.5 2.673933e+03 2.611772e+03 3.448419e+03 3.510580e+03
8.5 2.666238e+03 2.615861e+03 3.454881e+03 3.505258e+03
9.5 2.675820e+03 2.658195e+03 3.451256e+03 3.468882e+03
10.5 2.666646e+03 2.675130e+03 3.443598e+03 3.435114e+03
11.5 2.793778e+03 2.791066e+03 3.441608e+03 3.444320e+03
12.5 2.827837e+03 2.814856e+03 3.449681e+03 3.462662e+03
13.5 2.892110e+03 2.817374e+03 3.454900e+03 3.529636e+03
14.5 2.875949e+03 2.824857e+03 3.450196e+03 3.501287e+03
15.5 2.865943e+03 2.821923e+03 3.442462e+03 3.486482e+03
16.5 2.908318e+03 2.923502e+03 3.436898e+03 3.421714e+03
17.5 2.876819e+03 2.827320e+03 3.437702e+03 3.487200e+03
18.5 2.873736e+03 2.768229e+03 3.447755e+03 3.553263e+03
19.5 2.999256e+03 2.813325e+03 3.454537e+03 3.640468e+03
20.5 2.878980e+03 2.778558e+03 3.451390e+03 3.551812e+03
21.5 2.778379e+03 2.717251e+03 3.450885e+03 3.512013e+03
0.7 2.685204e+03 2.678245e+03 3.445065e+03 3.452024e+03
1.7 2.685260e+03 2.644102e+03 3.441449e+03 3.482606e+03
2.7 2.673933e+03 2.611772e+03 3.448419e+03 3.510580e+03
3.7 2.666238e+03 2.615861e+03 3.454881e+03 3.505258e+03
4.7 2.675820e+03 2.658195e+03 3.451256e+03 3.468882e+03
5.7 2.666646e+03 2.675130e+03 3.443598e+03 3.435114e+03
6.7 2.793778e+03 2.791066e+03 3.441608e+03 3.444320e+03
7.7 2.827837e+03 2.814856e+03 3.449681e+03 3.462662e+03
8.7 2.892110e+03 2.817374e+03 3.454900e+03 3.529636e+03
9.7 2.875949e+03 2.824857e+03 3.450196e+03 3.501287e+03
10.7 2.865943e+03 2.821923e+03 3.442462e+03 3.486482e+03
11.7 2.908318e+03 2.923502e+03 3.436898e+03 3.421714e+03
12.7 2.876819e+03 2.827320e+03 3.437702e+03 3.487200e+03
13.7 2.873736e+03 2.768229e+03 3.447755e+03 3.553263e+03
14.7 2.999256e+03 2.813325e+03 3.454537e+03 3.640468e+03
15.7 2.878980e+03 2.778558e+03 3.451390e+03 3.551812e+03
16.7 2.778379e+03 2.717251e+03 3.450885e+03 3.512013e+03
17.7 2.881020e+03 2.791483e+03 3.456787e+03 3.546324e+03
18.7 2.837576e+03 2.858291e+03 3.456136e+03 3.435420e+03
19.7 2.661239e+03 2.763700e+03 3.448074e+03 3.345613e+03
20.7 2.639411e+03 2.736629e+03 3.439970e+03 3.342752e+03
21.7 2.765759e+03 2.832681e+03 3.435443e+03 3.368521e+03
0.8 2.666646e+03 2.675130e+03 3.443598e+03 3.435114e+03
1.8 2.793778e+03 2.791066e+03 3.441608e+03 3.444320e+03
2.8 2.827837e+03 2.814856e+03 3.449681e+03 3.462662e+03
3.8 2.892110e+03 2.817374e+03 3.454900e+03 3.529636e+03
4.8 2.875949e+03 2.824857e+03 3.450196e+03 3.501287e+03
5.8 2.865943e+03 2.821923e+03 3.442462e+03 3.486482e+03
6.8 2.908318e+03 2.923502e+03 3.436898e+03 3.421714e+03
7.8 2.876819e+03 2.827320e+03 3.437702e+03 3.487200e+03
8.8 2.873736e+03 2.768229e+03 3.447755e+03 3.553263e+03
9.8 2.999256e+03 2.813325e+03 3.454537e+03 3.640468e+03
10.8 2.878980e+03 2.778558e+03 3.451390e+03 3.551812e+03
11.8 2.778379e+03 2.717251e+03 3.450885e+03 3.512013e+03
12.8 2.881020e+03 2.791483e+03 3.456787e+03 3.546324e+03
13.8 2.837576e+03 2.858291e+03 3.456136e+03 3.435420e+03
14.8 2.661239e+03 2.763700e+03 3.448074e+03 3.345613e+03
15.8 2.639411e+03 2.736629e+03 3.439970e+03 3.342752e+03
16.8 2.765759e+03 2.832681e+03 3.435443e+03 3.368521e+03
17.8 2.743962e+03 2.788599e+03 3.439524e+03 3.394888e+03
18.8 2.669946e+03 2.794296e+03 3.450525e+03 3.326175e+03
19.8 2.620744e+03 2.704146e+03 3.453979e+03 3.370577e+03
20.8 2.751906e+03 2.818329e+03 3.450107e+03 3.383685e+03
21.8 2.770757e+03 2.849848e+03 3.452511e+03 3.373419e+03
0.8 2.908318e+03 2.923502e+03 3.436898e+03 3.421714e+03
1.8 2.876819e+03 2.827320e+03 3.437702e+03 3.487200e+03
2.8 2.873736e+03 2.768229e+03 3.447755e+03 3.553263e+03
3.8 2.999256e+03 2.813325e+03 3.454537e+03 3.640468e+03
4.8 2.878980e+03 2.778558e+03 3.451390e+03 3.551812e+03
5.8 2.778379e+03 2.717251e+03 3.450885e+03 3.512013e+03
6.8 2.881020e+03 2.791483e+03 3.456787e+03 3.546324e+03
7.8 2.837576e+03 2.858291e+03 3.456136e+03 3.435420e+03
8.8 2.661239e+03 2.763700e+03 3.448074e+03 3.345613e+03
9.8 2.639411e+03 2.736629e+03 3.439970e+03 3.342752e+03
10.8 2.765759e+03 2.832681e+03 3.435443e+03 3.368521e+03
11.8 2.743962e+03 2.788599e+03 3.439524e+03 3.394888e+03
12.8 2.669946e+03 2.794296e+03 3.450525e+03 3.326175e+03
13.8 2.620744e+03 2.704146e+03 3.453979e+03 3.370577e+03
14.8 2.751906e+03 2.818329e+03 3.450107e+03 3.383685e+03
15.8 2.770757e+03 2.849848e+03 3.452511e+03 3.373419e+03
16.8 2.702199e+03 2.809391e+03 3.457679e+03 3.350486e+03
17.8 2.740814e+03 2.761754e+03 3.454017e+03 3.433077e+03
18.8 2.929661e+03 2.791962e+03 3.445301e+03 3.582999e+03
19.8 2.954507e+03 2.800610e+03 3.440914e+03 3.594811e+03
20.8 2.811189e+03 2.729138e+03 3.447499e+03 3.529551e+03
21.8 2.864530e+03 2.750725e+03 3.454267e+03 3.568071e+03
0.1 2.999256e+03 2.813325e+03 3.454537e+03 3.640468e+03
1.1 2.878980e+03 2.778558e+03 3.451390e+03 3.551812e+03
2.1 2.778379e+03 2.717251e+03 3.450885e+03 3.512013e+03
3.1 2.881020e+03 2.791483e+03 3.456787e+03 3.546324e+03
4.1 2.837576e+03 2.858291e+03 3.456136e+03 3.435420e+03
5.1 2.661239e+03 2.763700e+03 3.448074e+03 3.345613e+03
6.1 2.639411e+03 2.736629e+03 3.439970e+03 3.342752e+03
7.1 2.765759e+03 2.832681e+03 3.435443e+03 3.368521e+03
8.1 2.743962e+03 2.788599e+03 3.439524e+03 3.394888e+03
9.1 2.669946e+03 2.794296e+03 3.450525e+03 3.326175e+03
10.1 2.620744e+03 2.704146e+03 3.453979e+03 3.370577e+03
11.1 2.751906e+03 2.818329e+03 3.450107e+03 3.383685e+03
12.1 2.770757e+03 2.849848e+03 3.452511e+03 3.373419e+03
13.1 2.702199e+03 2.809391e+03 3.457679e+03 3.350486e+03
14.1 2.740814e+03 2.761754e+03 3.454017e+03 3.433077e+03
15.1 2.929661e+03 2.791962e+03 3.445301e+03 3.582999e+03
16.1 2.954507e+03 2.800610e+03 3.440914e+03 3.594811e+03
17.1 2.811189e+03 2.729138e+03 3.447499e+03 3.529551e+03
18.1 2.864530e+03 2.750725e+03 3.454267e+03 3.568071e+03
19.1 2.981430e+03 2.813964e+03 3.451381e+03 3.618847e+03
20.1 2.862268e+03 2.807199e+03 3.449491e+03 3.504560e+03
21.1 2.725965e+03 2.742236e+03 3.455264e+03 3.438993e+03
0.1 2.639411e+03 2.736629e+03 3.439970e+03 3.342752e+03
1.1 2.765759e+03 2.832681e+03 3.435443e+03 3.368521e+03
2.1 2.743962e+03 2.788599e+03 3.439524e+03 3.394888e+03
3.1 2.669946e+03 2.794296e+03 3.450525e+03 3.326175e+03
4.1 2.620744e+03 2.704146e+03 3.453979e+03 3.370577e+03
5.1 2.751906e+03 2.818329e+03 3.450107e+03 3.383685e+03
6.1 2.770757e+03 2.849848e+03 3.452511e+03 3.373419e+03
7.1 2.702199e+03 2.809391e+03 3.457679e+03 3.350486e+03
8.1 2.740814e+03 2.761754e+03 3.454017e+03 3.433077e+03
9.1 2.929661e+03 2.791962e+03 3.445301e+03 3.582999e+03
10.1 2.954507e+03 2.800610e+03 3.440914e+03 3.594811e+03
11.1 2.811189e+03 2.729138e+03 3.447499e+03 3.529551e+03
12.1 2.864530e+03 2.750725e+03 3.454267e+03 3.568071e+03
13.1 2.981430e+03 2.813964e+03 3.451381e+03 3.618847e+03
14.1 2.862268e+03 2.807199e+03 3.449491e+03 3.504560e+03
15.1 2.725965e+03 2.742236e+03 3.455264e+03 3.438993e+03
16.1 2.759993e+03 2.786256e+03 3.456240e+03 3.429976e+03
17.1 2.685102e+03 2.789957e+03 3.450402e+03 3.345548e+03
18.1 2.598173e+03 2.763119e+03 3.451033e+03 3.286087e+03
19.1 2.611560e+03 2.763922e+03 3.456284e+03 3.303922e+03
20.1 2.689252e+03 2.782862e+03 3.453623e+03 3.360013e+03
21.1 2.726428e+03 2.826538e+03 3.448928e+03 3.348818e+03
0.5 2.620744e+03 2.704146e+03 3.453979e+03 3.370577e+03
1.5 2.751906e+03 2.818329e+03 3.450107e+03 3.383685e+03
2.5 2.770757e+03 2.849848e+03 3.452511e+03 3.373419e+03
3.5 2.702199e+03 2.809391e+03 3.457679e+03 3.350486e+03
4.5 2.740814e+03 2.761754e+03 3.454017e+03 3.433077e+03
5.5 2.929661e+03 2.791962e+03 3.445301e+03 3.582999e+03
6.5 2.954507e+03 2.800610e+03 3.440914e+03 3.594811e+03
7.5 2.811189e+03 2.729138e+03 3.447499e+03 3.529551e+03
8.5 2.864530e+03 2.750725e+03 3.454267e+03 3.568071e+03
9.5 2.981430e+03 2.813964e+03 3.451381e+03 3.618847e+03
10.5 2.862268e+03 2.807199e+03 3.449491e+03 3.504560e+03
11.5 2.725965e+03 2.742236e+03 3.455264e+03 3.438993e+03
12.5 2.759993e+03 2.786256e+03 3.456240e+03 3.429976e+03
13.5 2.685102e+03 2.789957e+03 3.450402e+03 3.345548e+03
14.5 2.598173e+03 2.763119e+03 3.451033e+03 3.286087e+03
15.5 2.611560e+03 2.763922e+03 3.456284e+03 3.303922e+03
16.5 2.689252e+03 2.782862e+03 3.453623e+03 3.360013e+03
17.5 2.726428e+03 2.826538e+03 3.448928e+03 3.348818e+03
18.5 2.694127e+03 2.786825e+03 3.452972e+03 3.360274e+03
19.5 2.720609e+03 2.796068e+03 3.456204e+03 3.380745e+03
20.5 2.748354e+03 2.795431e+03 3.450558e+03 3.403480e+03
21.5 2.826429e+03 2.844127e+03 3.442340e+03 3.424642e+03
0.6 2.929661e+03 2.791962e+03 3.445301e+03 3.582999e+03
1.6 2.954507e+03 2.800610e+03 3.440914e+03 3.594811e+03
2.6 2.811189e+03 2.729138e+03 3.447499e+03 3.529551e+03
3.6 2.864530e+03 2.750725e+03 3.454267e+03 3.568071e+03
4.6 2.981430e+03 2.813964e+03 3.451381e+03 3.618847e+03
5.6 2.862268e+03 2.807199e+03 3.449491e+03 3.504560e+03
6.6 2.725965e+03 2.742236e+03 3.455264e+03 3.438993e+03
7.6 2.759993e+03 2.786256e+03 3.456240e+03 3.429976e+03
8.6 2.685102e+03 2.789957e+03 3.450402e+03 3.345548e+03
9.6 2.598173e+03 2.763119e+03 3.451033e+03 3.286087e+03
10.6 2.611560e+03 2.763922e+03 3.456284e+03 3.303922e+03
11.6 2.689252e+03 2.782862e+03 3.453623e+03 3.360013e+03
12.6 2.726428e+03 2.826538e+03 3.448928e+03 3.348818e+03
13.6 2.694127e+03 2.786825e+03 3.452972e+03 3.360274e+03
14.6 2.720609e+03 2.796068e+03 3.456204e+03 3.380745e+03
15.6 2.748354e+03 2.795431e+03 3.450558e+03 3.403480e+03
16.6 2.826429e+03 2.844127e+03 3.442340e+03 3.424642e+03
17.6 2.843803e+03 2.873727e+03 3.441073e+03 3.411150e+03
18.6 2.832312e+03 2.795596e+03 3.449649e+03 3.486365e+03
19.6 2.900518e+03 2.854309e+03 3.454197e+03 3.500406e+03
20.6 2.958638e+03 2.938213e+03 3.449120e+03 3.469544e+03
21.6 2.840804e+03 2.838206e+03 3.442064e+03 3.444662e+03
1.0 2.981430e+03 2.813964e+03 3.451381e+03 3.618847e+03
2.0 2.862268e+03 2.807199e+03 3.449491e+03 3.504560e+03
3.0 2.725965e+03 2.742236e+03 3.455264e+03 3.438993e+03
4.0 2.759993e+03 2.786256e+03 3.456240e+03 3.429976e+03
5.0 2.685102e+03 2.789957e+03 3.450402e+03 3.345548e+03
6.0 2.598173e+03 2.763119e+03 3.451033e+03 3.286087e+03
7.0 2.611560e+03 2.763922e+03 3.456284e+03 3.303922e+03
8.0 2.689252e+03 2.782862e+03 3.453623e+03 3.360013e+03
9.0 2.726428e+03 2.826538e+03 3.448928e+03 3.348818e+03
10.0 2.694127e+03 2.786825e+03 3.452972e+03 3.360274e+03
11.0 2.720609e+03 2.796068e+03 3.456204e+03 3.380745e+03
12.0 2.748354e+03 2.795431e+03 3.450558e+03 3.403480e+03
13.0 2.826429e+03 2.844127e+03 3.442340e+03 3.424642e+03
14.0 2.843803e+03 2.873727e+03 3.441073e+03 3.411150e+03
15.0 2.832312e+03 2.795596e+03 3.449649e+03 3.486365e+03
16.0 2.900518e+03 2.854309e+03 3.454197e+03 3.500406e+03
17.0 2.958638e+03 2.938213e+03 3.449120e+03 3.469544e+03
18.0 2.840804e+03 2.838206e+03 3.442064e+03 3.444662e+03
19.0 2.809755e+03 2.834430e+03 3.442970e+03 3.418296e+03
20.0 2.787127e+03 2.787256e+03 3.451951e+03 3.451822e+03
21.0 2.732124e+03 2.796366e+03 3.454453e+03 3.390211e+03
22.0 2.715999e+03 2.841303e+03 3.448177e+03 3.322872e+03
0.4 2.759993e+03 2.786256e+03 3.456240e+03 3.429976e+03
1.4 2.685102e+03 2.789957e+03 3.450402e+03 3.345548e+03
2.4 2.598173e+03 2.763119e+03 3.451033e+03 3.286087e+03
3.4 2.611560e+03 2.763922e+03 3.456284e+03 3.303922e+03
4.4 2.689252e+03 2.782862e+03 3.453623e+03 3.360013e+03
5.4 2.726428e+03 2.826538e+03 3.448928e+03 3.348818e+03
6.4 2.694127e+03 2.786825e+03 3.452972e+03 3.360274e+03
7.4 2.720609e+03 2.796068e+03 3.456204e+03 3.380745e+03
8.4 2.748354e+03 2.795431e+03 3.450558e+03 3.403480e+03
9.4 2.826429e+03 2.844127e+03 3.442340e+03 3.424642e+03
10.4 2.843803e+03 2.873727e+03 3.441073e+03 3.411150e+03
11.4 2.832312e+03 2.795596e+03 3.449649e+03 3.486365e+03
12.4 2.900518e+03 2.854309e+03 3.454197e+03 3.500406e+03
13.4 2.958638e+03 2.938213e+03 3.449120e+03 3.469544e+03
14.4 2.840804e+03 2.838206e+03 3.442064e+03 3.444662e+03
15.4 2.809755e+03 2.834430e+03 3.442970e+03 3.418296e+03
16.4 2.787127e+03 2.787256e+03 3.451951e+03 3.451822e+03
17.4 2.732124e+03 2.796366e+03 3.454453e+03 3.390211e+03
18.4 2.715999e+03 2.841303e+03 3.448177e+03 3.322872e+03
19.4 2.717527e+03 2.811952e+03 3.440718e+03 3.346294e+03
20.4 2.720800e+03 2.762848e+03 3.436127e+03 3.394078e+03
21.4 2.756091e+03 2.782993e+03 3.439330e+03 3.412429e+03
0.7 2.689252e+03 2.782862e+03 3.453623e+03 3.360013e+03
1.7 2.726428e+03 2.826538e+03 3.448928e+03 3.348818e+03
2.7 2.694127e+03 2.786825e+03 3.452972e+03 3.360274e+03
3.7 2.720609e+03 2.796068e+03 3.456204e+03 3.380745e+03
4.7 2.748354e+03 2.795431e+03 3.450558e+03 3.403480e+03
5.7 2.826429e+03 2.844127e+03 3.442340e+03 3.424642e+03
6.7 2.843803e+03 2.873727e+03 3.441073e+03 3.411150e+03
7.7 2.832312e+03 2.795596e+03 3.449649e+03 3.486365e+03
8.7 2.900518e+03 2.854309e+03 3.454197e+03 3.500406e+03
9.7 2.958638e+03 2.938213e+03 3.449120e+03 3.469544e+03
10.7 2.840804e+03 2.838206e+03 3.442064e+03 3.444662e+03
11.7 2.809755e+03 2.834430e+03 3.442970e+03 3.418296e+03
12.7 2.787127e+03 2.787256e+03 3.451951e+03 3.451822e+03
13.7 2.732124e+03 2.796366e+03 3.454453e+03 3.390211e+03
14.7 2.715999e+03 2.841303e+03 3.448177e+03 3.322872e+03
15.7 2.717527e+03 2.811952e+03 3.440718e+03 3.346294e+03
16.7 2.720800e+03 2.762848e+03 3.436127e+03 3.394078e+03
17.7 2.756091e+03 2.782993e+03 3.439330e+03 3.412429e+03
18.7 2.768688e+03 2.762816e+03 3.450167e+03 3.456039e+03
19.7 2.858468e+03 2.809099e+03 3.454454e+03 3.503823e+03
20.7 2.843903e+03 2.830914e+03 3.449093e+03 3.462083e+03
21.7 2.835573e+03 2.811150e+03 3.442406e+03 3.466829e+03
0.9 2.826429e+03 2.844127e+03 3.442340e+03 3.424642e+03
1.9 2.843803e+03 2.873727e+03 3.441073e+03 3.411150e+03
2.9 2.832312e+03 2.795596e+03 3.449649e+03 3.486365e+03
3.9 2.900518e+03 2.854309e+03 3.454197e+03 3.500406e+03
4.9 2.958638e+03 2.938213e+03 3.449120e+03 3.469544e+03
5.9 2.840804e+03 2.838206e+03 3.442064e+03 3.444662e+03
6.9 2.809755e+03 2.834430e+03 3.442970e+03 3.418296e+03
7.9 2.787127e+03 2.787256e+03 3.451951e+03 3.451822e+03
8.9 2.732124e+03 2.796366e+03 3.454453e+03 3.390211e+03
9.9 2.715999e+03 2.841303e+03 3.448177e+03 3.322872e+03
10.9 2.717527e+03 2.811952e+03 3.440718e+03 3.346294e+03
11.9 2.720800e+03 2.762848e+03 3.436127e+03 3.394078e+03
12.9 2.756091e+03 2.782993e+03 3.439330e+03 3.412429e+03
13.9 2.768688e+03 2.762816e+03 3.450167e+03 3.456039e+03
14.9 2.858468e+03 2.809099e+03 3.454454e+03 3.503823e+03
15.9 2.843903e+03 2.830914e+03 3.449093e+03 3.462083e+03
16.9 2.835573e+03 2.811150e+03 3.442406e+03 3.466829e+03
17.9 2.829757e+03 2.786592e+03 3.444223e+03 3.487389e+03
18.9 2.818145e+03 2.740585e+03 3.453076e+03 3.530636e+03
19.9 2.901802e+03 2.810131e+03 3.454483e+03 3.546154e+03
20.9 2.952182e+03 2.937485e+03 3.449836e+03 3.464534e+03
21.9 2.963206e+03 2.970446e+03 3.452396e+03 3.445156e+03
0.1 2.958638e+03 2.938213e+03 3.449120e+03 3.469544e+03
1.1 2.840804e+03 2.838206e+03 3.442064e+03 3.444662e+03
2.1 2.809755e+03 2.834430e+03 3.442970e+03 3.418296e+03
3.1 2.787127e+03 2.787256e+03 3.451951e+03 3.451822e+03
4.1 2.732124e+03 2.796366e+03 3.454453e+03 3.390211e+03
5.1 2.715999e+03 2.841303e+03 3.448177e+03 3.322872e+03
6.1 2.717527e+03 2.811952e+03 3.440718e+03 3.346294e+03
7.1 2.720800e+03 2.762848e+03 3.436127e+03 3.394078e+03
8.1 2.756091e+03 2.782993e+03 3.439330e+03 3.412429e+03
9.1 2.768688e+03 2.762816e+03 3.450167e+03 3.456039e+03
10.1 2.858468e+03 2.809099e+03 3.454454e+03 3.503823e+03
11.1 2.843903e+03 2.830914e+03 3.449093e+03 3.462083e+03
12.1 2.835573e+03 2.811150e+03 3.442406e+03 3.466829e+03
13.1 2.829757e+03 2.786592e+03 3.444223e+03 3.487389e+03
14.1 2.818145e+03 2.740585e+03 3.453076e+03 3.530636e+03
15.1 2.901802e+03 2.810131e+03 3.454483e+03 3.546154e+03
16.1 2.952182e+03 2.937485e+03 3.449836e+03 3.464534e+03
17.1 2.963206e+03 2.970446e+03 3.452396e+03 3.445156e+03
18.1 2.868563e+03 2.745473e+03 3.457226e+03 3.580315e+03
19.1 3.002371e+03 2.880860e+03 3.453359e+03 3.574870e+03
20.1 2.969491e+03 2.856001e+03 3.449459e+03 3.562949e+03
21.1 2.834603e+03 2.800972e+03 3.454197e+03 3.487828e+03
1.0 2.720800e+03 2.762848e+03 3.436127e+03 3.394078e+03
2.0 2.756091e+03 2.782993e+03 3.439330e+03 3.412429e+03
3.0 2.768688e+03 2.762816e+03 3.450167e+03 3.456039e+03
4.0 2.858468e+03 2.809099e+03 3.454454e+03 3.503823e+03
5.0 2.843903e+03 2.830914e+03 3.449093e+03 3.462083e+03
6.0 2.835573e+03 2.811150e+03 3.442406e+03 3.466829e+03
7.0 2.829757e+03 2.786592e+03 3.444223e+03 3.487389e+03
8.0 2.818145e+03 2.740585e+03 3.453076e+03 3.530636e+03
9.0 2.901802e+03 2.810131e+03 3.454483e+03 3.546154e+03
10.0 2.952182e+03 2.937485e+03 3.449836e+03 3.464534e+03
11.0 2.963206e+03 2.970446e+03 3.452396e+03 3.445156e+03
12.0 2.868563e+03 2.745473e+03 3.457226e+03 3.580315e+03
13.0 3.002371e+03 2.880860e+03 3.453359e+03 3.574870e+03
14.0 2.969491e+03 2.856001e+03 3.449459e+03 3.562949e+03
15.0 2.834603e+03 2.800972e+03 3.454197e+03 3.487828e+03
16.0 2.843142e+03 2.808333e+03 3.456066e+03 3.490875e+03
17.0 2.846332e+03 2.835573e+03 3.449443e+03 3.460202e+03
18.0 2.768866e+03 2.803605e+03 3.441145e+03 3.406406e+03
19.0 2.740859e+03 2.781100e+03 3.435550e+03 3.395309e+03
0.2 2.843903e+03 2.830914e+03 3.449093e+03 3.462083e+03
1.2 2.835573e+03 2.811150e+03 3.442406e+03 3.466829e+03
2.2 2.829757e+03 2.786592e+03 3.444223e+03 3.487389e+03
3.2 2.818145e+03 2.740585e+03 3.453076e+03 3.530636e+03
4.2 2.901802e+03 2.810131e+03 3.454483e+03 3.546154e+03
5.2 2.952182e+03 2.937485e+03 3.449836e+03 3.464534e+03
6.2 2.963206e+03 2.970446e+03 3.452396e+03 3.445156e+03
7.2 2.868563e+03 2.745473e+03 3.457226e+03 3.580315e+03
8.2 3.002371e+03 2.880860e+03 3.453359e+03 3.574870e+03
9.2 2.969491e+03 2.856001e+03 3.449459e+03 3.562949e+03
10.2 2.834603e+03 2.800972e+03 3.454197e+03 3.487828e+03
11.2 2.843142e+03 2.808333e+03 3.456066e+03 3.490875e+03
12.2 2.846332e+03 2.835573e+03 3.449443e+03 3.460202e+03
13.2 2.768866e+03 2.803605e+03 3.441145e+03 3.406406e+03
14.2 2.740859e+03 2.781100e+03 3.435550e+03 3.395309e+03
0.5 2.901802e+03 2.810131e+03 3.454483e+03 3.546154e+03
1.5 2.952182e+03 2.937485e+03 3.449836e+03 3.464534e+03
2.5 2.963206e+03 2.970446e+03 3.452396e+03 3.445156e+03
3.5 2.868563e+03 2.745473e+03 3.457226e+03 3.580315e+03
4.5 3.002371e+03 2.880860e+03 3.453359e+03 3.574870e+03
5.5 2.969491e+03 2.856001e+03 3.449459e+03 3.562949e+03
6.5 2.834603e+03 2.800972e+03 3.454197e+03 3.487828e+03
7.5 2.843142e+03 2.808333e+03 3.456066e+03 3.490875e+03
8.5 2.846332e+03 2.835573e+03 3.449443e+03 3.460202e+03
9.5 2.768866e+03 2.803605e+03 3.441145e+03 3.406406e+03
10.5 2.740859e+03 2.781100e+03 3.435550e+03 3.395309e+03
0.9 3.002371e+03 2.880860e+03 3.453359e+03 3.574870e+03
1.9 2.969491e+03 2.856001e+03 3.449459e+03 3.562949e+03
2.9 2.834603e+03 2.800972e+03 3.454197e+03 3.487828e+03
3.9 2.843142e+03 2.808333e+03 3.456066e+03 3.490875e+03
4.9 2.846332e+03 2.835573e+03 3.449443e+03 3.460202e+03
5.9 2.768866e+03 2.803605e+03 3.441145e+03 3.406406e+03
6.9 2.740859e+03 2.781100e+03 3.435550e+03 3.395309e+03
