0.2 4.995653e+03 5.062534e+03 4.379014e+03 4.312133e+03
1.1 4.979733e+03 5.116691e+03 4.386383e+03 4.249425e+03
2.1 5.063325e+03 5.163330e+03 4.439524e+03 4.339519e+03
3.1 5.070320e+03 5.164044e+03 4.473296e+03 4.379572e+03
4.1 5.129124e+03 5.165996e+03 4.454229e+03 4.417356e+03
5.1 5.162326e+03 5.088223e+03 4.420068e+03 4.494171e+03
6.1 5.136133e+03 5.128398e+03 4.394528e+03 4.402263e+03
7.1 5.102595e+03 5.117191e+03 4.379910e+03 4.365314e+03
8.1 5.158117e+03 5.145241e+03 4.372865e+03 4.385740e+03
9.1 5.301152e+03 5.183706e+03 4.370638e+03 4.488084e+03
10.1 5.360519e+03 5.184720e+03 4.371249e+03 4.547048e+03
11.1 5.293171e+03 5.100247e+03 4.373111e+03 4.566035e+03
12.1 5.147676e+03 5.119546e+03 4.375116e+03 4.403245e+03
13.1 5.115609e+03 5.090781e+03 4.380200e+03 4.405028e+03
14.1 5.179065e+03 5.192086e+03 4.427718e+03 4.414696e+03
15.1 5.175229e+03 5.188328e+03 4.471271e+03 4.458172e+03
16.1 5.241164e+03 5.190645e+03 4.459395e+03 4.509915e+03
17.1 5.205386e+03 5.136315e+03 4.425475e+03 4.494546e+03
18.1 5.125791e+03 5.124631e+03 4.398005e+03 4.399165e+03
19.1 5.205567e+03 5.158691e+03 4.384782e+03 4.431658e+03
20.1 5.243634e+03 5.199581e+03 4.421800e+03 4.465854e+03
1.0 5.115609e+03 5.090781e+03 4.380200e+03 4.405028e+03
2.0 5.179065e+03 5.192086e+03 4.427718e+03 4.414696e+03
3.0 5.175229e+03 5.188328e+03 4.471271e+03 4.458172e+03
4.0 5.241164e+03 5.190645e+03 4.459395e+03 4.509915e+03
5.0 5.205386e+03 5.136315e+03 4.425475e+03 4.494546e+03
6.0 5.125791e+03 5.124631e+03 4.398005e+03 4.399165e+03
7.0 5.205567e+03 5.158691e+03 4.384782e+03 4.431658e+03
8.0 5.243634e+03 5.199581e+03 4.421800e+03 4.465854e+03
9.0 5.210291e+03 5.217314e+03 4.463225e+03 4.456202e+03
10.0 5.121458e+03 5.218599e+03 4.452545e+03 4.355404e+03
11.0 5.115893e+03 5.230538e+03 4.433537e+03 4.318892e+03
12.0 5.151399e+03 5.219216e+03 4.464700e+03 4.396883e+03
13.0 5.147019e+03 5.266775e+03 4.473541e+03 4.353785e+03
14.0 5.127582e+03 5.237424e+03 4.441819e+03 4.331976e+03
15.0 5.174085e+03 5.230463e+03 4.405931e+03 4.349553e+03
16.0 5.199751e+03 5.268191e+03 4.382970e+03 4.314531e+03
17.0 5.216518e+03 5.236376e+03 4.371796e+03 4.351938e+03
18.0 5.201204e+03 5.240282e+03 4.367865e+03 4.328787e+03
19.0 5.211792e+03 5.274750e+03 4.367988e+03 4.305030e+03
20.0 5.209729e+03 5.259990e+03 4.370097e+03 4.319836e+03
21.0 5.210678e+03 5.239048e+03 4.372754e+03 4.344384e+03
0.9 5.205567e+03 5.158691e+03 4.384782e+03 4.431658e+03
1.9 5.243634e+03 5.199581e+03 4.421800e+03 4.465854e+03
2.9 5.210291e+03 5.217314e+03 4.463225e+03 4.456202e+03
3.9 5.121458e+03 5.218599e+03 4.452545e+03 4.355404e+03
4.9 5.115893e+03 5.230538e+03 4.433537e+03 4.318892e+03
5.9 5.151399e+03 5.219216e+03 4.464700e+03 4.396883e+03
6.9 5.147019e+03 5.266775e+03 4.473541e+03 4.353785e+03
7.9 5.127582e+03 5.237424e+03 4.441819e+03 4.331976e+03
8.9 5.174085e+03 5.230463e+03 4.405931e+03 4.349553e+03
9.9 5.199751e+03 5.268191e+03 4.382970e+03 4.314531e+03
10.9 5.216518e+03 5.236376e+03 4.371796e+03 4.351938e+03
11.9 5.201204e+03 5.240282e+03 4.367865e+03 4.328787e+03
12.9 5.211792e+03 5.274750e+03 4.367988e+03 4.305030e+03
13.9 5.209729e+03 5.259990e+03 4.370097e+03 4.319836e+03
14.9 5.210678e+03 5.239048e+03 4.372754e+03 4.344384e+03
15.9 5.261954e+03 5.238003e+03 4.375093e+03 4.399044e+03
16.9 5.329255e+03 5.216511e+03 4.386837e+03 4.499582e+03
17.9 5.355911e+03 5.292467e+03 4.443364e+03 4.506808e+03
18.9 5.360859e+03 5.298425e+03 4.472774e+03 4.535208e+03
19.9 5.321407e+03 5.267921e+03 4.451092e+03 4.504578e+03
20.9 5.252975e+03 5.252381e+03 4.417306e+03 4.417900e+03
0.3 5.121458e+03 5.218599e+03 4.452545e+03 4.355404e+03
1.3 5.115893e+03 5.230538e+03 4.433537e+03 4.318892e+03
2.3 5.151399e+03 5.219216e+03 4.464700e+03 4.396883e+03
3.3 5.147019e+03 5.266775e+03 4.473541e+03 4.353785e+03
4.3 5.127582e+03 5.237424e+03 4.441819e+03 4.331976e+03
5.3 5.174085e+03 5.230463e+03 4.405931e+03 4.349553e+03
6.3 5.199751e+03 5.268191e+03 4.382970e+03 4.314531e+03
7.3 5.216518e+03 5.236376e+03 4.371796e+03 4.351938e+03
8.3 5.201204e+03 5.240282e+03 4.367865e+03 4.328787e+03
9.3 5.211792e+03 5.274750e+03 4.367988e+03 4.305030e+03
10.3 5.209729e+03 5.259990e+03 4.370097e+03 4.319836e+03
11.3 5.210678e+03 5.239048e+03 4.372754e+03 4.344384e+03
12.3 5.261954e+03 5.238003e+03 4.375093e+03 4.399044e+03
13.3 5.329255e+03 5.216511e+03 4.386837e+03 4.499582e+03
14.3 5.355911e+03 5.292467e+03 4.443364e+03 4.506808e+03
15.3 5.360859e+03 5.298425e+03 4.472774e+03 4.535208e+03
16.3 5.321407e+03 5.267921e+03 4.451092e+03 4.504578e+03
17.3 5.252975e+03 5.252381e+03 4.417306e+03 4.417900e+03
18.3 5.289003e+03 5.291921e+03 4.392845e+03 4.389927e+03
19.3 5.399719e+03 5.320747e+03 4.379039e+03 4.458010e+03
20.3 5.345541e+03 5.346188e+03 4.372510e+03 4.371863e+03
0.2 5.261954e+03 5.238003e+03 4.375093e+03 4.399044e+03
1.2 5.329255e+03 5.216511e+03 4.386837e+03 4.499582e+03
2.2 5.355911e+03 5.292467e+03 4.443364e+03 4.506808e+03
3.2 5.360859e+03 5.298425e+03 4.472774e+03 4.535208e+03
4.2 5.321407e+03 5.267921e+03 4.451092e+03 4.504578e+03
5.2 5.252975e+03 5.252381e+03 4.417306e+03 4.417900e+03
6.2 5.289003e+03 5.291921e+03 4.392845e+03 4.389927e+03
7.2 5.399719e+03 5.320747e+03 4.379039e+03 4.458010e+03
8.2 5.345541e+03 5.346188e+03 4.372510e+03 4.371863e+03
9.2 5.312977e+03 5.328513e+03 4.370604e+03 4.355068e+03
10.2 5.269453e+03 5.337712e+03 4.371379e+03 4.303120e+03
11.2 5.266838e+03 5.365732e+03 4.373288e+03 4.274394e+03
12.2 5.316750e+03 5.336324e+03 4.375273e+03 4.355698e+03
13.2 5.316149e+03 5.301027e+03 4.376825e+03 4.391947e+03
14.2 5.357883e+03 5.292515e+03 4.380871e+03 4.446239e+03
15.2 5.413775e+03 5.350839e+03 4.428035e+03 4.490971e+03
16.2 5.486673e+03 5.376856e+03 4.475494e+03 4.585310e+03
17.2 5.451824e+03 5.362105e+03 4.464910e+03 4.554629e+03
18.2 5.443734e+03 5.318718e+03 4.429390e+03 4.554406e+03
19.2 5.339581e+03 5.291075e+03 4.399989e+03 4.448495e+03
20.2 5.336010e+03 5.361991e+03 4.384676e+03 4.358695e+03
0.9 5.357883e+03 5.292515e+03 4.380871e+03 4.446239e+03
1.9 5.413775e+03 5.350839e+03 4.428035e+03 4.490971e+03
2.9 5.486673e+03 5.376856e+03 4.475494e+03 4.585310e+03
3.9 5.451824e+03 5.362105e+03 4.464910e+03 4.554629e+03
4.9 5.443734e+03 5.318718e+03 4.429390e+03 4.554406e+03
5.9 5.339581e+03 5.291075e+03 4.399989e+03 4.448495e+03
6.9 5.336010e+03 5.361991e+03 4.384676e+03 4.358695e+03
7.9 5.287931e+03 5.386460e+03 4.418176e+03 4.319647e+03
8.9 5.367147e+03 5.412159e+03 4.461880e+03 4.416868e+03
9.9 5.352178e+03 5.379935e+03 4.453749e+03 4.425992e+03
10.9 5.351318e+03 5.365552e+03 4.421805e+03 4.407571e+03
11.9 5.234176e+03 5.323928e+03 4.395429e+03 4.305677e+03
12.9 5.369146e+03 5.338345e+03 4.380079e+03 4.410880e+03
13.9 5.471670e+03 5.366715e+03 4.372629e+03 4.477585e+03
14.9 5.467207e+03 5.420960e+03 4.370112e+03 4.416360e+03
15.9 5.496692e+03 5.393043e+03 4.370560e+03 4.474210e+03
16.9 5.398690e+03 5.368434e+03 4.372427e+03 4.402683e+03
17.9 5.268457e+03 5.337041e+03 4.374561e+03 4.305977e+03
18.9 5.123396e+03 5.318691e+03 4.376327e+03 4.181032e+03
19.9 5.206371e+03 5.372686e+03 4.377541e+03 4.211226e+03
20.9 5.281205e+03 5.413627e+03 4.378271e+03 4.245848e+03
0.9 5.336010e+03 5.361991e+03 4.384676e+03 4.358695e+03
1.9 5.287931e+03 5.386460e+03 4.418176e+03 4.319647e+03
2.9 5.367147e+03 5.412159e+03 4.461880e+03 4.416868e+03
3.9 5.352178e+03 5.379935e+03 4.453749e+03 4.425992e+03
4.9 5.351318e+03 5.365552e+03 4.421805e+03 4.407571e+03
5.9 5.234176e+03 5.323928e+03 4.395429e+03 4.305677e+03
6.9 5.369146e+03 5.338345e+03 4.380079e+03 4.410880e+03
7.9 5.471670e+03 5.366715e+03 4.372629e+03 4.477585e+03
8.9 5.467207e+03 5.420960e+03 4.370112e+03 4.416360e+03
9.9 5.496692e+03 5.393043e+03 4.370560e+03 4.474210e+03
10.9 5.398690e+03 5.368434e+03 4.372427e+03 4.402683e+03
11.9 5.268457e+03 5.337041e+03 4.374561e+03 4.305977e+03
12.9 5.123396e+03 5.318691e+03 4.376327e+03 4.181032e+03
13.9 5.206371e+03 5.372686e+03 4.377541e+03 4.211226e+03
14.9 5.281205e+03 5.413627e+03 4.378271e+03 4.245848e+03
15.9 5.261173e+03 5.389852e+03 4.378665e+03 4.249987e+03
16.9 5.223675e+03 5.362929e+03 4.378859e+03 4.239606e+03
17.9 5.210447e+03 5.345199e+03 4.378949e+03 4.244198e+03
18.9 5.332876e+03 5.432641e+03 4.378988e+03 4.279223e+03
19.9 5.392891e+03 5.478651e+03 4.379004e+03 4.293245e+03
20.9 5.416733e+03 5.423666e+03 4.379012e+03 4.372079e+03
0.7 5.474341e+03 5.465308e+03 4.379744e+03 4.388778e+03
1.7 5.419083e+03 5.452928e+03 4.412908e+03 4.379062e+03
2.7 5.410717e+03 5.482232e+03 4.466245e+03 4.394731e+03
3.7 5.378753e+03 5.356916e+03 4.466678e+03 4.488514e+03
4.7 5.378027e+03 5.357707e+03 4.440214e+03 4.460534e+03
5.7 5.563461e+03 5.425841e+03 4.461051e+03 4.598670e+03
6.7 5.534038e+03 5.369993e+03 4.479057e+03 4.643103e+03
7.7 5.456492e+03 5.316572e+03 4.452242e+03 4.592162e+03
8.7 5.451036e+03 5.237936e+03 4.414005e+03 4.627105e+03
9.7 5.445214e+03 5.220072e+03 4.387403e+03 4.612544e+03
10.7 5.325369e+03 5.180792e+03 4.373738e+03 4.518316e+03
11.7 5.272709e+03 5.210321e+03 4.370271e+03 4.432659e+03
12.7 5.204678e+03 5.093880e+03 4.410484e+03 4.521282e+03
13.7 4.587978e+03 4.663784e+03 4.460432e+03 4.384625e+03
14.7 5.345087e+03 5.342798e+03 4.456142e+03 4.458430e+03
15.7 5.445279e+03 5.304484e+03 4.425029e+03 4.565823e+03
16.7 5.432186e+03 5.210212e+03 4.398043e+03 4.620016e+03
17.7 5.414896e+03 5.175459e+03 4.381802e+03 4.621239e+03
18.7 5.209350e+03 4.953799e+03 4.373614e+03 4.629165e+03
19.7 5.100876e+03 5.047725e+03 4.370622e+03 4.423773e+03
20.7 5.013674e+03 5.035890e+03 4.387681e+03 4.365464e+03
0.1 5.378753e+03 5.356916e+03 4.466678e+03 4.488514e+03
1.1 5.378027e+03 5.357707e+03 4.440214e+03 4.460534e+03
2.1 5.563461e+03 5.425841e+03 4.461051e+03 4.598670e+03
3.1 5.534038e+03 5.369993e+03 4.479057e+03 4.643103e+03
4.1 5.456492e+03 5.316572e+03 4.452242e+03 4.592162e+03
5.1 5.451036e+03 5.237936e+03 4.414005e+03 4.627105e+03
6.1 5.445214e+03 5.220072e+03 4.387403e+03 4.612544e+03
7.1 5.325369e+03 5.180792e+03 4.373738e+03 4.518316e+03
8.1 5.272709e+03 5.210321e+03 4.370271e+03 4.432659e+03
9.1 5.204678e+03 5.093880e+03 4.410484e+03 4.521282e+03
10.1 4.587978e+03 4.663784e+03 4.460432e+03 4.384625e+03
11.1 5.345087e+03 5.342798e+03 4.456142e+03 4.458430e+03
12.1 5.445279e+03 5.304484e+03 4.425029e+03 4.565823e+03
13.1 5.432186e+03 5.210212e+03 4.398043e+03 4.620016e+03
14.1 5.414896e+03 5.175459e+03 4.381802e+03 4.621239e+03
15.1 5.209350e+03 4.953799e+03 4.373614e+03 4.629165e+03
16.1 5.100876e+03 5.047725e+03 4.370622e+03 4.423773e+03
17.1 5.013674e+03 5.035890e+03 4.387681e+03 4.365464e+03
18.1 5.100412e+03 4.985461e+03 4.447112e+03 4.562063e+03
19.1 5.127297e+03 5.110291e+03 4.467758e+03 4.484765e+03
20.1 5.007442e+03 5.053798e+03 4.442699e+03 4.396342e+03
0.9 5.272709e+03 5.210321e+03 4.370271e+03 4.432659e+03
1.9 5.204678e+03 5.093880e+03 4.410484e+03 4.521282e+03
2.9 4.587978e+03 4.663784e+03 4.460432e+03 4.384625e+03
3.9 5.345087e+03 5.342798e+03 4.456142e+03 4.458430e+03
4.9 5.445279e+03 5.304484e+03 4.425029e+03 4.565823e+03
5.9 5.432186e+03 5.210212e+03 4.398043e+03 4.620016e+03
6.9 5.414896e+03 5.175459e+03 4.381802e+03 4.621239e+03
7.9 5.209350e+03 4.953799e+03 4.373614e+03 4.629165e+03
8.9 5.100876e+03 5.047725e+03 4.370622e+03 4.423773e+03
9.9 5.013674e+03 5.035890e+03 4.387681e+03 4.365464e+03
10.9 5.100412e+03 4.985461e+03 4.447112e+03 4.562063e+03
11.9 5.127297e+03 5.110291e+03 4.467758e+03 4.484765e+03
12.9 5.007442e+03 5.053798e+03 4.442699e+03 4.396342e+03
13.9 4.962787e+03 5.037363e+03 4.410866e+03 4.336289e+03
14.9 4.828497e+03 5.052067e+03 4.389109e+03 4.165539e+03
15.9 4.725423e+03 5.041253e+03 4.393025e+03 4.077195e+03
16.9 4.722074e+03 5.045200e+03 4.447799e+03 4.124673e+03
17.9 4.597913e+03 4.926389e+03 4.468765e+03 4.140290e+03
18.9 4.017094e+03 4.121506e+03 4.442920e+03 4.338507e+03
19.9 4.156060e+03 4.321149e+03 4.409955e+03 4.244866e+03
20.9 4.467165e+03 4.477250e+03 4.387733e+03 4.377648e+03
0.4 5.100876e+03 5.047725e+03 4.370622e+03 4.423773e+03
1.4 5.013674e+03 5.035890e+03 4.387681e+03 4.365464e+03
2.4 5.100412e+03 4.985461e+03 4.447112e+03 4.562063e+03
3.4 5.127297e+03 5.110291e+03 4.467758e+03 4.484765e+03
4.4 5.007442e+03 5.053798e+03 4.442699e+03 4.396342e+03
5.4 4.962787e+03 5.037363e+03 4.410866e+03 4.336289e+03
6.4 4.828497e+03 5.052067e+03 4.389109e+03 4.165539e+03
7.4 4.725423e+03 5.041253e+03 4.393025e+03 4.077195e+03
8.4 4.722074e+03 5.045200e+03 4.447799e+03 4.124673e+03
9.4 4.597913e+03 4.926389e+03 4.468765e+03 4.140290e+03
10.4 4.017094e+03 4.121506e+03 4.442920e+03 4.338507e+03
11.4 4.156060e+03 4.321149e+03 4.409955e+03 4.244866e+03
12.4 4.467165e+03 4.477250e+03 4.387733e+03 4.377648e+03
13.4 4.658989e+03 4.434448e+03 4.375848e+03 4.600389e+03
14.4 4.454863e+03 4.384314e+03 4.370674e+03 4.441222e+03
15.4 4.323957e+03 4.210356e+03 4.369664e+03 4.483266e+03
16.4 4.292302e+03 4.336168e+03 4.370987e+03 4.327121e+03
17.4 3.993825e+03 4.032402e+03 4.373182e+03 4.334605e+03
18.4 3.712182e+03 4.000609e+03 4.375285e+03 4.086858e+03
19.4 4.100946e+03 4.071402e+03 4.376866e+03 4.406410e+03
20.4 4.160530e+03 4.377797e+03 4.383775e+03 4.166508e+03
0.4 4.828497e+03 5.052067e+03 4.389109e+03 4.165539e+03
1.4 4.725423e+03 5.041253e+03 4.393025e+03 4.077195e+03
2.4 4.722074e+03 5.045200e+03 4.447799e+03 4.124673e+03
3.4 4.597913e+03 4.926389e+03 4.468765e+03 4.140290e+03
4.4 4.017094e+03 4.121506e+03 4.442920e+03 4.338507e+03
5.4 4.156060e+03 4.321149e+03 4.409955e+03 4.244866e+03
6.4 4.467165e+03 4.477250e+03 4.387733e+03 4.377648e+03
7.4 4.658989e+03 4.434448e+03 4.375848e+03 4.600389e+03
8.4 4.454863e+03 4.384314e+03 4.370674e+03 4.441222e+03
9.4 4.323957e+03 4.210356e+03 4.369664e+03 4.483266e+03
10.4 4.292302e+03 4.336168e+03 4.370987e+03 4.327121e+03
11.4 3.993825e+03 4.032402e+03 4.373182e+03 4.334605e+03
12.4 3.712182e+03 4.000609e+03 4.375285e+03 4.086858e+03
13.4 4.100946e+03 4.071402e+03 4.376866e+03 4.406410e+03
14.4 4.160530e+03 4.377797e+03 4.383775e+03 4.166508e+03
15.4 3.698396e+03 3.749522e+03 4.437416e+03 4.386290e+03
16.4 4.321062e+03 4.355343e+03 4.477282e+03 4.443000e+03
17.4 4.272263e+03 4.487662e+03 4.460303e+03 4.244904e+03
18.4 4.246376e+03 4.203084e+03 4.424474e+03 4.467767e+03
19.4 4.200221e+03 4.376504e+03 4.396804e+03 4.220522e+03
20.4 4.174656e+03 4.243811e+03 4.385320e+03 4.316165e+03
0.1 4.100946e+03 4.071402e+03 4.376866e+03 4.406410e+03
1.1 4.160530e+03 4.377797e+03 4.383775e+03 4.166508e+03
2.1 3.698396e+03 3.749522e+03 4.437416e+03 4.386290e+03
3.1 4.321062e+03 4.355343e+03 4.477282e+03 4.443000e+03
4.1 4.272263e+03 4.487662e+03 4.460303e+03 4.244904e+03
5.1 4.246376e+03 4.203084e+03 4.424474e+03 4.467767e+03
6.1 4.200221e+03 4.376504e+03 4.396804e+03 4.220522e+03
7.1 4.174656e+03 4.243811e+03 4.385320e+03 4.316165e+03
8.1 4.232081e+03 4.372443e+03 4.426418e+03 4.286055e+03
9.1 4.261482e+03 4.450889e+03 4.463813e+03 4.274406e+03
10.1 4.336637e+03 4.331671e+03 4.449659e+03 4.454625e+03
11.1 3.724240e+03 3.957269e+03 4.417371e+03 4.184342e+03
12.1 4.369812e+03 4.321841e+03 4.400815e+03 4.448786e+03
13.1 4.632635e+03 4.444261e+03 4.440820e+03 4.629194e+03
14.1 4.543244e+03 4.405202e+03 4.466364e+03 4.604406e+03
15.1 4.666096e+03 4.473483e+03 4.444458e+03 4.637071e+03
16.1 4.648133e+03 4.482124e+03 4.434992e+03 4.601001e+03
17.1 4.305431e+03 4.178115e+03 4.468792e+03 4.596108e+03
18.1 4.297498e+03 4.195713e+03 4.466635e+03 4.568420e+03
19.1 4.310100e+03 4.181899e+03 4.431625e+03 4.559825e+03
20.1 3.696370e+03 3.472017e+03 4.398676e+03 4.623029e+03
1.0 4.174656e+03 4.243811e+03 4.385320e+03 4.316165e+03
2.0 4.232081e+03 4.372443e+03 4.426418e+03 4.286055e+03
3.0 4.261482e+03 4.450889e+03 4.463813e+03 4.274406e+03
4.0 4.336637e+03 4.331671e+03 4.449659e+03 4.454625e+03
5.0 3.724240e+03 3.957269e+03 4.417371e+03 4.184342e+03
6.0 4.369812e+03 4.321841e+03 4.400815e+03 4.448786e+03
7.0 4.632635e+03 4.444261e+03 4.440820e+03 4.629194e+03
8.0 4.543244e+03 4.405202e+03 4.466364e+03 4.604406e+03
9.0 4.666096e+03 4.473483e+03 4.444458e+03 4.637071e+03
10.0 4.648133e+03 4.482124e+03 4.434992e+03 4.601001e+03
11.0 4.305431e+03 4.178115e+03 4.468792e+03 4.596108e+03
12.0 4.297498e+03 4.195713e+03 4.466635e+03 4.568420e+03
13.0 4.310100e+03 4.181899e+03 4.431625e+03 4.559825e+03
14.0 3.696370e+03 3.472017e+03 4.398676e+03 4.623029e+03
15.0 4.044043e+03 3.854070e+03 4.379271e+03 4.569243e+03
16.0 4.062319e+03 3.919949e+03 4.392750e+03 4.535120e+03
17.0 4.230854e+03 4.039926e+03 4.447434e+03 4.638362e+03
18.0 4.137582e+03 4.136458e+03 4.459981e+03 4.461104e+03
19.0 3.890089e+03 3.872549e+03 4.433049e+03 4.450589e+03
20.0 4.044749e+03 4.046229e+03 4.403492e+03 4.402013e+03
21.0 3.997729e+03 4.061782e+03 4.384515e+03 4.320462e+03
0.2 3.724240e+03 3.957269e+03 4.417371e+03 4.184342e+03
1.2 4.369812e+03 4.321841e+03 4.400815e+03 4.448786e+03
2.2 4.632635e+03 4.444261e+03 4.440820e+03 4.629194e+03
3.2 4.543244e+03 4.405202e+03 4.466364e+03 4.604406e+03
4.2 4.666096e+03 4.473483e+03 4.444458e+03 4.637071e+03
5.2 4.648133e+03 4.482124e+03 4.434992e+03 4.601001e+03
6.2 4.305431e+03 4.178115e+03 4.468792e+03 4.596108e+03
7.2 4.297498e+03 4.195713e+03 4.466635e+03 4.568420e+03
8.2 4.310100e+03 4.181899e+03 4.431625e+03 4.559825e+03
9.2 3.696370e+03 3.472017e+03 4.398676e+03 4.623029e+03
10.2 4.044043e+03 3.854070e+03 4.379271e+03 4.569243e+03
11.2 4.062319e+03 3.919949e+03 4.392750e+03 4.535120e+03
12.2 4.230854e+03 4.039926e+03 4.447434e+03 4.638362e+03
13.2 4.137582e+03 4.136458e+03 4.459981e+03 4.461104e+03
14.2 3.890089e+03 3.872549e+03 4.433049e+03 4.450589e+03
15.2 4.044749e+03 4.046229e+03 4.403492e+03 4.402013e+03
16.2 3.997729e+03 4.061782e+03 4.384515e+03 4.320462e+03
17.2 3.940077e+03 4.063983e+03 4.374646e+03 4.250740e+03
18.2 3.964155e+03 4.013365e+03 4.381657e+03 4.332447e+03
19.2 4.033397e+03 4.013435e+03 4.437276e+03 4.457238e+03
20.2 3.937007e+03 3.777323e+03 4.465900e+03 4.625583e+03
0.5 4.666096e+03 4.473483e+03 4.444458e+03 4.637071e+03
1.5 4.648133e+03 4.482124e+03 4.434992e+03 4.601001e+03
2.5 4.305431e+03 4.178115e+03 4.468792e+03 4.596108e+03
3.5 4.297498e+03 4.195713e+03 4.466635e+03 4.568420e+03
4.5 4.310100e+03 4.181899e+03 4.431625e+03 4.559825e+03
5.5 3.696370e+03 3.472017e+03 4.398676e+03 4.623029e+03
6.5 4.044043e+03 3.854070e+03 4.379271e+03 4.569243e+03
7.5 4.062319e+03 3.919949e+03 4.392750e+03 4.535120e+03
8.5 4.230854e+03 4.039926e+03 4.447434e+03 4.638362e+03
9.5 4.137582e+03 4.136458e+03 4.459981e+03 4.461104e+03
10.5 3.890089e+03 3.872549e+03 4.433049e+03 4.450589e+03
11.5 4.044749e+03 4.046229e+03 4.403492e+03 4.402013e+03
12.5 3.997729e+03 4.061782e+03 4.384515e+03 4.320462e+03
13.5 3.940077e+03 4.063983e+03 4.374646e+03 4.250740e+03
14.5 3.964155e+03 4.013365e+03 4.381657e+03 4.332447e+03
15.5 4.033397e+03 4.013435e+03 4.437276e+03 4.457238e+03
16.5 3.937007e+03 3.777323e+03 4.465900e+03 4.625583e+03
17.5 3.822530e+03 3.875580e+03 4.445151e+03 4.392101e+03
18.5 3.946917e+03 3.909437e+03 4.413269e+03 4.450749e+03
19.5 4.076852e+03 3.999672e+03 4.390500e+03 4.467681e+03
20.5 3.908897e+03 3.869113e+03 4.377815e+03 4.417599e+03
0.5 4.044043e+03 3.854070e+03 4.379271e+03 4.569243e+03
1.5 4.062319e+03 3.919949e+03 4.392750e+03 4.535120e+03
2.5 4.230854e+03 4.039926e+03 4.447434e+03 4.638362e+03
3.5 4.137582e+03 4.136458e+03 4.459981e+03 4.461104e+03
4.5 3.890089e+03 3.872549e+03 4.433049e+03 4.450589e+03
5.5 4.044749e+03 4.046229e+03 4.403492e+03 4.402013e+03
6.5 3.997729e+03 4.061782e+03 4.384515e+03 4.320462e+03
7.5 3.940077e+03 4.063983e+03 4.374646e+03 4.250740e+03
8.5 3.964155e+03 4.013365e+03 4.381657e+03 4.332447e+03
9.5 4.033397e+03 4.013435e+03 4.437276e+03 4.457238e+03
10.5 3.937007e+03 3.777323e+03 4.465900e+03 4.625583e+03
11.5 3.822530e+03 3.875580e+03 4.445151e+03 4.392101e+03
12.5 3.946917e+03 3.909437e+03 4.413269e+03 4.450749e+03
13.5 4.076852e+03 3.999672e+03 4.390500e+03 4.467681e+03
14.5 3.908897e+03 3.869113e+03 4.377815e+03 4.417599e+03
15.5 3.844996e+03 3.999848e+03 4.371942e+03 4.217090e+03
16.5 4.028377e+03 3.999844e+03 4.370386e+03 4.398920e+03
17.5 3.991944e+03 3.906946e+03 4.371334e+03 4.456332e+03
18.5 3.970616e+03 4.000365e+03 4.373311e+03 4.343562e+03
19.5 3.833039e+03 3.911830e+03 4.375310e+03 4.296520e+03
20.5 3.763972e+03 3.851552e+03 4.376856e+03 4.289275e+03
0.3 3.940077e+03 4.063983e+03 4.374646e+03 4.250740e+03
1.3 3.964155e+03 4.013365e+03 4.381657e+03 4.332447e+03
2.3 4.033397e+03 4.013435e+03 4.437276e+03 4.457238e+03
3.3 3.937007e+03 3.777323e+03 4.465900e+03 4.625583e+03
4.3 3.822530e+03 3.875580e+03 4.445151e+03 4.392101e+03
5.3 3.946917e+03 3.909437e+03 4.413269e+03 4.450749e+03
6.3 4.076852e+03 3.999672e+03 4.390500e+03 4.467681e+03
7.3 3.908897e+03 3.869113e+03 4.377815e+03 4.417599e+03
8.3 3.844996e+03 3.999848e+03 4.371942e+03 4.217090e+03
9.3 4.028377e+03 3.999844e+03 4.370386e+03 4.398920e+03
10.3 3.991944e+03 3.906946e+03 4.371334e+03 4.456332e+03
11.3 3.970616e+03 4.000365e+03 4.373311e+03 4.343562e+03
12.3 3.833039e+03 3.911830e+03 4.375310e+03 4.296520e+03
13.3 3.763972e+03 3.851552e+03 4.376856e+03 4.289275e+03
14.3 3.809704e+03 3.844361e+03 4.377867e+03 4.343210e+03
15.3 3.808832e+03 3.835444e+03 4.378449e+03 4.351838e+03
16.3 3.761426e+03 3.806248e+03 4.378754e+03 4.333933e+03
17.3 3.813296e+03 3.869033e+03 4.378902e+03 4.323165e+03
18.3 3.975216e+03 3.974574e+03 4.378968e+03 4.379609e+03
19.3 4.038074e+03 4.022496e+03 4.378996e+03 4.394575e+03
20.3 4.073456e+03 4.028268e+03 4.379007e+03 4.424195e+03
0.6 4.079055e+03 3.940378e+03 4.379228e+03 4.517904e+03
1.6 3.972369e+03 3.913181e+03 4.404629e+03 4.463816e+03
2.6 3.909803e+03 3.790678e+03 4.461262e+03 4.580386e+03
3.6 3.808263e+03 3.867817e+03 4.469691e+03 4.410137e+03
4.6 3.867098e+03 3.847856e+03 4.439366e+03 4.458608e+03
5.6 3.806690e+03 3.633618e+03 4.407649e+03 4.580721e+03
6.6 3.741145e+03 3.744690e+03 4.387111e+03 4.383565e+03
7.6 3.692349e+03 3.782171e+03 4.376149e+03 4.286328e+03
8.6 3.654903e+03 3.684904e+03 4.371446e+03 4.341445e+03
9.6 3.693826e+03 3.777044e+03 4.376514e+03 4.293296e+03
10.6 3.963603e+03 4.058852e+03 4.429022e+03 4.333773e+03
11.6 3.890948e+03 4.020019e+03 4.468009e+03 4.338938e+03
12.6 3.831733e+03 3.964218e+03 4.452948e+03 4.320463e+03
13.6 3.838941e+03 3.893566e+03 4.420097e+03 4.365472e+03
14.6 3.820530e+03 3.853990e+03 4.394741e+03 4.361281e+03
15.6 3.778864e+03 3.860453e+03 4.380063e+03 4.298475e+03
16.6 3.832853e+03 3.832901e+03 4.372915e+03 4.372867e+03
17.6 3.834744e+03 3.870903e+03 4.370586e+03 4.334427e+03
18.6 3.770822e+03 3.776414e+03 4.371132e+03 4.365540e+03
19.6 3.797523e+03 3.830755e+03 4.372979e+03 4.339747e+03
20.6 3.846514e+03 3.860210e+03 4.375005e+03 4.361308e+03
0.1 3.654903e+03 3.684904e+03 4.371446e+03 4.341445e+03
1.1 3.693826e+03 3.777044e+03 4.376514e+03 4.293296e+03
2.1 3.963603e+03 4.058852e+03 4.429022e+03 4.333773e+03
3.1 3.890948e+03 4.020019e+03 4.468009e+03 4.338938e+03
4.1 3.831733e+03 3.964218e+03 4.452948e+03 4.320463e+03
5.1 3.838941e+03 3.893566e+03 4.420097e+03 4.365472e+03
6.1 3.820530e+03 3.853990e+03 4.394741e+03 4.361281e+03
7.1 3.778864e+03 3.860453e+03 4.380063e+03 4.298475e+03
8.1 3.832853e+03 3.832901e+03 4.372915e+03 4.372867e+03
9.1 3.834744e+03 3.870903e+03 4.370586e+03 4.334427e+03
10.1 3.770822e+03 3.776414e+03 4.371132e+03 4.365540e+03
11.1 3.797523e+03 3.830755e+03 4.372979e+03 4.339747e+03
12.1 3.846514e+03 3.860210e+03 4.375005e+03 4.361308e+03
13.1 3.858940e+03 3.854093e+03 4.376636e+03 4.381484e+03
14.1 3.914326e+03 3.890689e+03 4.377729e+03 4.401366e+03
15.1 3.932349e+03 3.909022e+03 4.378373e+03 4.401700e+03
16.1 3.882425e+03 3.906996e+03 4.378716e+03 4.354145e+03
17.1 3.752412e+03 3.775067e+03 4.378884e+03 4.356229e+03
18.1 3.688473e+03 3.676338e+03 4.378960e+03 4.391095e+03
19.1 3.627870e+03 3.624545e+03 4.378993e+03 4.382318e+03
20.1 3.603408e+03 3.606670e+03 4.379006e+03 4.375745e+03
0.3 3.592115e+03 3.594371e+03 4.379017e+03 4.376761e+03
1.3 3.669719e+03 3.655766e+03 4.391140e+03 4.405093e+03
2.3 3.590972e+03 3.673319e+03 4.447717e+03 4.365370e+03
3.3 3.834258e+03 3.793651e+03 4.473140e+03 4.513747e+03
4.3 3.830265e+03 3.783210e+03 4.449391e+03 4.496446e+03
5.3 3.780594e+03 3.733730e+03 4.415692e+03 4.462556e+03
6.3 3.768268e+03 3.725081e+03 4.391841e+03 4.435028e+03
7.3 3.760326e+03 3.741369e+03 4.378516e+03 4.397474e+03
8.3 3.745069e+03 3.707989e+03 4.372303e+03 4.409383e+03
9.3 3.742481e+03 3.684457e+03 4.370592e+03 4.428615e+03
10.3 3.726102e+03 3.650818e+03 4.371834e+03 4.447118e+03
11.3 3.728830e+03 3.668217e+03 4.402241e+03 4.462855e+03
12.3 3.746522e+03 3.714380e+03 4.459771e+03 4.491913e+03
13.3 3.729983e+03 3.738980e+03 4.466457e+03 4.457460e+03
14.3 3.941059e+03 3.947396e+03 4.436228e+03 4.429892e+03
15.3 4.003908e+03 3.959466e+03 4.406701e+03 4.451143e+03
16.3 4.055870e+03 3.956737e+03 4.423391e+03 4.522524e+03
17.3 4.020667e+03 3.965893e+03 4.464486e+03 4.519260e+03
18.3 4.001913e+03 3.955893e+03 4.457533e+03 4.503554e+03
19.3 4.032531e+03 4.017051e+03 4.424026e+03 4.439507e+03
20.3 3.977709e+03 3.936638e+03 4.395667e+03 4.436738e+03
0.6 3.726102e+03 3.650818e+03 4.371834e+03 4.447118e+03
1.6 3.728830e+03 3.668217e+03 4.402241e+03 4.462855e+03
2.6 3.746522e+03 3.714380e+03 4.459771e+03 4.491913e+03
3.6 3.729983e+03 3.738980e+03 4.466457e+03 4.457460e+03
4.6 3.941059e+03 3.947396e+03 4.436228e+03 4.429892e+03
5.6 4.003908e+03 3.959466e+03 4.406701e+03 4.451143e+03
6.6 4.055870e+03 3.956737e+03 4.423391e+03 4.522524e+03
7.6 4.020667e+03 3.965893e+03 4.464486e+03 4.519260e+03
8.6 4.001913e+03 3.955893e+03 4.457533e+03 4.503554e+03
9.6 4.032531e+03 4.017051e+03 4.424026e+03 4.439507e+03
10.6 3.977709e+03 3.936638e+03 4.395667e+03 4.436738e+03
11.6 4.011596e+03 3.882884e+03 4.380268e+03 4.508980e+03
12.6 4.104484e+03 3.910054e+03 4.407368e+03 4.601799e+03
13.6 3.938198e+03 3.856494e+03 4.457387e+03 4.539091e+03
14.6 3.861493e+03 3.798506e+03 4.456887e+03 4.519874e+03
15.6 3.945069e+03 3.902410e+03 4.432904e+03 4.475562e+03
16.6 3.923575e+03 3.951452e+03 4.459278e+03 4.431401e+03
17.6 3.710484e+03 3.813799e+03 4.480454e+03 4.377139e+03
18.6 3.720717e+03 3.787004e+03 4.453798e+03 4.387511e+03
19.6 3.845614e+03 3.887986e+03 4.414815e+03 4.372442e+03
20.6 3.775107e+03 3.819376e+03 4.387587e+03 4.343317e+03
0.8 4.003908e+03 3.959466e+03 4.406701e+03 4.451143e+03
1.8 4.055870e+03 3.956737e+03 4.423391e+03 4.522524e+03
2.8 4.020667e+03 3.965893e+03 4.464486e+03 4.519260e+03
3.8 4.001913e+03 3.955893e+03 4.457533e+03 4.503554e+03
4.8 4.032531e+03 4.017051e+03 4.424026e+03 4.439507e+03
5.8 3.977709e+03 3.936638e+03 4.395667e+03 4.436738e+03
6.8 4.011596e+03 3.882884e+03 4.380268e+03 4.508980e+03
7.8 4.104484e+03 3.910054e+03 4.407368e+03 4.601799e+03
8.8 3.938198e+03 3.856494e+03 4.457387e+03 4.539091e+03
9.8 3.861493e+03 3.798506e+03 4.456887e+03 4.519874e+03
10.8 3.945069e+03 3.902410e+03 4.432904e+03 4.475562e+03
11.8 3.923575e+03 3.951452e+03 4.459278e+03 4.431401e+03
12.8 3.710484e+03 3.813799e+03 4.480454e+03 4.377139e+03
13.8 3.720717e+03 3.787004e+03 4.453798e+03 4.387511e+03
14.8 3.845614e+03 3.887986e+03 4.414815e+03 4.372442e+03
15.8 3.775107e+03 3.819376e+03 4.387587e+03 4.343317e+03
16.8 3.708639e+03 3.836648e+03 4.373549e+03 4.245541e+03
17.8 3.653343e+03 3.714083e+03 4.368018e+03 4.307278e+03
18.8 3.777421e+03 3.848726e+03 4.367344e+03 4.296039e+03
19.8 3.780446e+03 3.868774e+03 4.369223e+03 4.280896e+03
20.8 3.704498e+03 3.824222e+03 4.390161e+03 4.270437e+03
0.7 4.011596e+03 3.882884e+03 4.380268e+03 4.508980e+03
1.7 4.104484e+03 3.910054e+03 4.407368e+03 4.601799e+03
2.7 3.938198e+03 3.856494e+03 4.457387e+03 4.539091e+03
3.7 3.861493e+03 3.798506e+03 4.456887e+03 4.519874e+03
4.7 3.945069e+03 3.902410e+03 4.432904e+03 4.475562e+03
5.7 3.923575e+03 3.951452e+03 4.459278e+03 4.431401e+03
6.7 3.710484e+03 3.813799e+03 4.480454e+03 4.377139e+03
7.7 3.720717e+03 3.787004e+03 4.453798e+03 4.387511e+03
8.7 3.845614e+03 3.887986e+03 4.414815e+03 4.372442e+03
9.7 3.775107e+03 3.819376e+03 4.387587e+03 4.343317e+03
10.7 3.708639e+03 3.836648e+03 4.373549e+03 4.245541e+03
11.7 3.653343e+03 3.714083e+03 4.368018e+03 4.307278e+03
12.7 3.777421e+03 3.848726e+03 4.367344e+03 4.296039e+03
13.7 3.780446e+03 3.868774e+03 4.369223e+03 4.280896e+03
14.7 3.704498e+03 3.824222e+03 4.390161e+03 4.270437e+03
15.7 3.746825e+03 3.769472e+03 4.450468e+03 4.427822e+03
16.7 3.922674e+03 3.791146e+03 4.469241e+03 4.600769e+03
17.7 3.921899e+03 3.808286e+03 4.442994e+03 4.556606e+03
18.7 3.765194e+03 3.724704e+03 4.411133e+03 4.451623e+03
19.7 3.880867e+03 3.771100e+03 4.416258e+03 4.526024e+03
20.7 3.955399e+03 3.835129e+03 4.460474e+03 4.580744e+03
0.1 3.861493e+03 3.798506e+03 4.456887e+03 4.519874e+03
1.1 3.945069e+03 3.902410e+03 4.432904e+03 4.475562e+03
2.1 3.923575e+03 3.951452e+03 4.459278e+03 4.431401e+03
3.1 3.710484e+03 3.813799e+03 4.480454e+03 4.377139e+03
4.1 3.720717e+03 3.787004e+03 4.453798e+03 4.387511e+03
5.1 3.845614e+03 3.887986e+03 4.414815e+03 4.372442e+03
6.1 3.775107e+03 3.819376e+03 4.387587e+03 4.343317e+03
7.1 3.708639e+03 3.836648e+03 4.373549e+03 4.245541e+03
8.1 3.653343e+03 3.714083e+03 4.368018e+03 4.307278e+03
9.1 3.777421e+03 3.848726e+03 4.367344e+03 4.296039e+03
10.1 3.780446e+03 3.868774e+03 4.369223e+03 4.280896e+03
11.1 3.704498e+03 3.824222e+03 4.390161e+03 4.270437e+03
12.1 3.746825e+03 3.769472e+03 4.450468e+03 4.427822e+03
13.1 3.922674e+03 3.791146e+03 4.469241e+03 4.600769e+03
14.1 3.921899e+03 3.808286e+03 4.442994e+03 4.556606e+03
15.1 3.765194e+03 3.724704e+03 4.411133e+03 4.451623e+03
16.1 3.880867e+03 3.771100e+03 4.416258e+03 4.526024e+03
17.1 3.955399e+03 3.835129e+03 4.460474e+03 4.580744e+03
18.1 3.825911e+03 3.824975e+03 4.461910e+03 4.462846e+03
19.1 3.711700e+03 3.750540e+03 4.429921e+03 4.391082e+03
20.1 3.735863e+03 3.772307e+03 4.399588e+03 4.363145e+03
0.4 3.780446e+03 3.868774e+03 4.369223e+03 4.280896e+03
1.4 3.704498e+03 3.824222e+03 4.390161e+03 4.270437e+03
2.4 3.746825e+03 3.769472e+03 4.450468e+03 4.427822e+03
3.4 3.922674e+03 3.791146e+03 4.469241e+03 4.600769e+03
4.4 3.921899e+03 3.808286e+03 4.442994e+03 4.556606e+03
5.4 3.765194e+03 3.724704e+03 4.411133e+03 4.451623e+03
6.4 3.880867e+03 3.771100e+03 4.416258e+03 4.526024e+03
7.4 3.955399e+03 3.835129e+03 4.460474e+03 4.580744e+03
8.4 3.825911e+03 3.824975e+03 4.461910e+03 4.462846e+03
9.4 3.711700e+03 3.750540e+03 4.429921e+03 4.391082e+03
10.4 3.735863e+03 3.772307e+03 4.399588e+03 4.363145e+03
11.4 3.652590e+03 3.759424e+03 4.381370e+03 4.274537e+03
12.4 3.568859e+03 3.727825e+03 4.372553e+03 4.213587e+03
13.4 3.597812e+03 3.738361e+03 4.369434e+03 4.228885e+03
14.4 3.672429e+03 3.750221e+03 4.369648e+03 4.291856e+03
15.4 3.704705e+03 3.802452e+03 4.371527e+03 4.273781e+03
16.4 3.665650e+03 3.756022e+03 4.373829e+03 4.283457e+03
17.4 3.704586e+03 3.772537e+03 4.375815e+03 4.307863e+03
18.4 3.726480e+03 3.762847e+03 4.377223e+03 4.340855e+03
19.4 3.809440e+03 3.827691e+03 4.378092e+03 4.359841e+03
20.4 3.833687e+03 3.856857e+03 4.378572e+03 4.355402e+03
0.6 3.765194e+03 3.724704e+03 4.411133e+03 4.451623e+03
1.6 3.880867e+03 3.771100e+03 4.416258e+03 4.526024e+03
2.6 3.955399e+03 3.835129e+03 4.460474e+03 4.580744e+03
3.6 3.825911e+03 3.824975e+03 4.461910e+03 4.462846e+03
4.6 3.711700e+03 3.750540e+03 4.429921e+03 4.391082e+03
5.6 3.735863e+03 3.772307e+03 4.399588e+03 4.363145e+03
6.6 3.652590e+03 3.759424e+03 4.381370e+03 4.274537e+03
7.6 3.568859e+03 3.727825e+03 4.372553e+03 4.213587e+03
8.6 3.597812e+03 3.738361e+03 4.369434e+03 4.228885e+03
9.6 3.672429e+03 3.750221e+03 4.369648e+03 4.291856e+03
10.6 3.704705e+03 3.802452e+03 4.371527e+03 4.273781e+03
11.6 3.665650e+03 3.756022e+03 4.373829e+03 4.283457e+03
12.6 3.704586e+03 3.772537e+03 4.375815e+03 4.307863e+03
13.6 3.726480e+03 3.762847e+03 4.377223e+03 4.340855e+03
14.6 3.809440e+03 3.827691e+03 4.378092e+03 4.359841e+03
15.6 3.833687e+03 3.856857e+03 4.378572e+03 4.355402e+03
16.6 3.813709e+03 3.772382e+03 4.378818e+03 4.420145e+03
17.6 3.910237e+03 3.830933e+03 4.378931e+03 4.458235e+03
18.6 3.949128e+03 3.921743e+03 4.378980e+03 4.406365e+03
19.6 3.815830e+03 3.811790e+03 4.379001e+03 4.383041e+03
20.6 3.804330e+03 3.814065e+03 4.379009e+03 4.369275e+03
1.0 3.758325e+03 3.759503e+03 4.383584e+03 4.382407e+03
2.0 3.700342e+03 3.779831e+03 4.432535e+03 4.353046e+03
3.0 3.696223e+03 3.827427e+03 4.472558e+03 4.341355e+03
4.0 3.691216e+03 3.785031e+03 4.457917e+03 4.364102e+03
5.0 3.690426e+03 3.731059e+03 4.423725e+03 4.383091e+03
6.0 3.736886e+03 3.754052e+03 4.396843e+03 4.379676e+03
7.0 3.757286e+03 3.730537e+03 4.384621e+03 4.411369e+03
8.0 3.839721e+03 3.789406e+03 4.423325e+03 4.473640e+03
9.0 3.829100e+03 3.812879e+03 4.463586e+03 4.479808e+03
10.0 3.815906e+03 3.787742e+03 4.451755e+03 4.479919e+03
11.0 3.804857e+03 3.759758e+03 4.419460e+03 4.464560e+03
12.0 3.772863e+03 3.704709e+03 4.400530e+03 4.468684e+03
13.0 3.877259e+03 3.801007e+03 4.438118e+03 4.514370e+03
14.0 3.958608e+03 3.932896e+03 4.466504e+03 4.492216e+03
15.0 3.963601e+03 3.989417e+03 4.446254e+03 4.420439e+03
16.0 3.835222e+03 3.726036e+03 4.412659e+03 4.521845e+03
17.0 3.968772e+03 3.876460e+03 4.388699e+03 4.481011e+03
18.0 3.953038e+03 3.850113e+03 4.375927e+03 4.478852e+03
19.0 3.811686e+03 3.797899e+03 4.370429e+03 4.384216e+03
20.0 3.839682e+03 3.796264e+03 4.369260e+03 4.412678e+03
21.0 3.838396e+03 3.815116e+03 4.370509e+03 4.393789e+03
1.0 3.757286e+03 3.730537e+03 4.384621e+03 4.411369e+03
2.0 3.839721e+03 3.789406e+03 4.423325e+03 4.473640e+03
3.0 3.829100e+03 3.812879e+03 4.463586e+03 4.479808e+03
4.0 3.815906e+03 3.787742e+03 4.451755e+03 4.479919e+03
5.0 3.804857e+03 3.759758e+03 4.419460e+03 4.464560e+03
6.0 3.772863e+03 3.704709e+03 4.400530e+03 4.468684e+03
7.0 3.877259e+03 3.801007e+03 4.438118e+03 4.514370e+03
8.0 3.958608e+03 3.932896e+03 4.466504e+03 4.492216e+03
9.0 3.963601e+03 3.989417e+03 4.446254e+03 4.420439e+03
10.0 3.835222e+03 3.726036e+03 4.412659e+03 4.521845e+03
11.0 3.968772e+03 3.876460e+03 4.388699e+03 4.481011e+03
12.0 3.953038e+03 3.850113e+03 4.375927e+03 4.478852e+03
13.0 3.811686e+03 3.797899e+03 4.370429e+03 4.384216e+03
14.0 3.839682e+03 3.796264e+03 4.369260e+03 4.412678e+03
15.0 3.838396e+03 3.815116e+03 4.370509e+03 4.393789e+03
16.0 3.752241e+03 3.772704e+03 4.372725e+03 4.352261e+03
17.0 3.722546e+03 3.762626e+03 4.374919e+03 4.334838e+03
0.1 3.804857e+03 3.759758e+03 4.419460e+03 4.464560e+03
1.1 3.772863e+03 3.704709e+03 4.400530e+03 4.468684e+03
2.1 3.877259e+03 3.801007e+03 4.438118e+03 4.514370e+03
3.1 3.958608e+03 3.932896e+03 4.466504e+03 4.492216e+03
4.1 3.963601e+03 3.989417e+03 4.446254e+03 4.420439e+03
5.1 3.835222e+03 3.726036e+03 4.412659e+03 4.521845e+03
6.1 3.968772e+03 3.876460e+03 4.388699e+03 4.481011e+03
7.1 3.953038e+03 3.850113e+03 4.375927e+03 4.478852e+03
8.1 3.811686e+03 3.797899e+03 4.370429e+03 4.384216e+03
9.1 3.839682e+03 3.796264e+03 4.369260e+03 4.412678e+03
10.1 3.838396e+03 3.815116e+03 4.370509e+03 4.393789e+03
11.1 3.752241e+03 3.772704e+03 4.372725e+03 4.352261e+03
12.1 3.722546e+03 3.762626e+03 4.374919e+03 4.334838e+03
