0.2 5.734764e+03 5.709303e+03 5.804063e+03 5.829523e+03
1.2 5.723858e+03 5.741438e+03 5.811717e+03 5.794137e+03
2.2 5.687900e+03 5.729723e+03 5.888818e+03 5.846994e+03
3.2 5.771196e+03 5.902626e+03 6.012579e+03 5.881148e+03
4.2 5.839515e+03 5.919074e+03 6.036685e+03 5.957126e+03
5.2 5.777772e+03 5.786960e+03 5.964959e+03 5.955771e+03
6.2 5.756346e+03 5.716677e+03 5.883022e+03 5.922690e+03
7.2 5.743278e+03 5.672117e+03 5.834440e+03 5.905600e+03
8.2 5.841372e+03 5.781195e+03 5.878829e+03 5.939006e+03
9.2 5.850438e+03 5.937148e+03 5.990390e+03 5.903680e+03
10.2 5.978081e+03 5.905816e+03 6.015776e+03 6.088041e+03
11.2 5.930362e+03 5.825269e+03 5.948752e+03 6.053845e+03
12.2 5.986611e+03 5.829191e+03 5.871564e+03 6.028984e+03
13.2 5.790628e+03 5.697925e+03 5.826328e+03 5.919032e+03
14.2 5.820656e+03 5.814439e+03 5.871126e+03 5.877343e+03
15.2 5.804620e+03 5.867072e+03 5.990377e+03 5.927926e+03
16.2 5.991595e+03 6.008083e+03 6.030854e+03 6.014367e+03
17.2 5.801125e+03 5.819097e+03 5.966800e+03 5.948828e+03
18.2 5.827225e+03 5.801136e+03 5.883725e+03 5.909814e+03
19.2 5.748689e+03 5.682046e+03 5.829267e+03 5.895910e+03
20.2 5.764137e+03 5.814494e+03 5.856741e+03 5.806385e+03
21.2 5.931969e+03 5.949569e+03 5.969696e+03 5.952095e+03
0.1 5.756346e+03 5.716677e+03 5.883022e+03 5.922690e+03
1.1 5.743278e+03 5.672117e+03 5.834440e+03 5.905600e+03
2.1 5.841372e+03 5.781195e+03 5.878829e+03 5.939006e+03
3.1 5.850438e+03 5.937148e+03 5.990390e+03 5.903680e+03
4.1 5.978081e+03 5.905816e+03 6.015776e+03 6.088041e+03
5.1 5.930362e+03 5.825269e+03 5.948752e+03 6.053845e+03
6.1 5.986611e+03 5.829191e+03 5.871564e+03 6.028984e+03
7.1 5.790628e+03 5.697925e+03 5.826328e+03 5.919032e+03
8.1 5.820656e+03 5.814439e+03 5.871126e+03 5.877343e+03
9.1 5.804620e+03 5.867072e+03 5.990377e+03 5.927926e+03
10.1 5.991595e+03 6.008083e+03 6.030854e+03 6.014367e+03
11.1 5.801125e+03 5.819097e+03 5.966800e+03 5.948828e+03
12.1 5.827225e+03 5.801136e+03 5.883725e+03 5.909814e+03
13.1 5.748689e+03 5.682046e+03 5.829267e+03 5.895910e+03
14.1 5.764137e+03 5.814494e+03 5.856741e+03 5.806385e+03
15.1 5.931969e+03 5.949569e+03 5.969696e+03 5.952095e+03
16.1 5.924566e+03 5.950651e+03 6.017585e+03 5.991500e+03
17.1 5.812459e+03 5.907192e+03 5.975315e+03 5.880583e+03
18.1 5.822505e+03 5.908584e+03 5.988996e+03 5.902917e+03
19.1 5.947578e+03 5.996397e+03 6.048895e+03 6.000076e+03
20.1 5.877782e+03 5.916947e+03 6.021527e+03 5.982363e+03
21.1 5.889223e+03 5.895239e+03 5.966312e+03 5.960296e+03
0.1 5.986611e+03 5.829191e+03 5.871564e+03 6.028984e+03
1.1 5.790628e+03 5.697925e+03 5.826328e+03 5.919032e+03
2.1 5.820656e+03 5.814439e+03 5.871126e+03 5.877343e+03
3.1 5.804620e+03 5.867072e+03 5.990377e+03 5.927926e+03
4.1 5.991595e+03 6.008083e+03 6.030854e+03 6.014367e+03
5.1 5.801125e+03 5.819097e+03 5.966800e+03 5.948828e+03
6.1 5.827225e+03 5.801136e+03 5.883725e+03 5.909814e+03
7.1 5.748689e+03 5.682046e+03 5.829267e+03 5.895910e+03
8.1 5.764137e+03 5.814494e+03 5.856741e+03 5.806385e+03
9.1 5.931969e+03 5.949569e+03 5.969696e+03 5.952095e+03
10.1 5.924566e+03 5.950651e+03 6.017585e+03 5.991500e+03
11.1 5.812459e+03 5.907192e+03 5.975315e+03 5.880583e+03
12.1 5.822505e+03 5.908584e+03 5.988996e+03 5.902917e+03
13.1 5.947578e+03 5.996397e+03 6.048895e+03 6.000076e+03
14.1 5.877782e+03 5.916947e+03 6.021527e+03 5.982363e+03
15.1 5.889223e+03 5.895239e+03 5.966312e+03 5.960296e+03
16.1 5.919600e+03 5.965343e+03 6.004210e+03 5.958467e+03
17.1 5.974269e+03 5.989125e+03 6.038841e+03 6.023985e+03
18.1 5.960009e+03 5.937789e+03 5.985068e+03 6.007288e+03
19.1 5.934788e+03 5.962275e+03 5.965791e+03 5.938304e+03
20.1 5.983186e+03 6.000575e+03 6.025160e+03 6.007771e+03
21.1 6.043654e+03 6.035442e+03 6.022531e+03 6.030743e+03
1.0 5.748689e+03 5.682046e+03 5.829267e+03 5.895910e+03
2.0 5.764137e+03 5.814494e+03 5.856741e+03 5.806385e+03
3.0 5.931969e+03 5.949569e+03 5.969696e+03 5.952095e+03
4.0 5.924566e+03 5.950651e+03 6.017585e+03 5.991500e+03
5.0 5.812459e+03 5.907192e+03 5.975315e+03 5.880583e+03
6.0 5.822505e+03 5.908584e+03 5.988996e+03 5.902917e+03
7.0 5.947578e+03 5.996397e+03 6.048895e+03 6.000076e+03
8.0 5.877782e+03 5.916947e+03 6.021527e+03 5.982363e+03
9.0 5.889223e+03 5.895239e+03 5.966312e+03 5.960296e+03
10.0 5.919600e+03 5.965343e+03 6.004210e+03 5.958467e+03
11.0 5.974269e+03 5.989125e+03 6.038841e+03 6.023985e+03
12.0 5.960009e+03 5.937789e+03 5.985068e+03 6.007288e+03
13.0 5.934788e+03 5.962275e+03 5.965791e+03 5.938304e+03
14.0 5.983186e+03 6.000575e+03 6.025160e+03 6.007771e+03
15.0 6.043654e+03 6.035442e+03 6.022531e+03 6.030743e+03
16.0 5.962354e+03 5.927675e+03 5.940735e+03 5.975413e+03
17.0 5.898892e+03 5.861616e+03 5.867266e+03 5.904542e+03
18.0 5.913516e+03 5.951726e+03 5.900159e+03 5.861949e+03
19.0 5.983895e+03 6.018154e+03 5.996276e+03 5.962016e+03
20.0 6.094539e+03 6.009604e+03 6.002059e+03 6.086994e+03
21.0 6.022622e+03 5.951740e+03 5.928506e+03 5.999388e+03
22.0 5.925708e+03 5.873738e+03 5.872596e+03 5.924566e+03
0.4 5.924566e+03 5.950651e+03 6.017585e+03 5.991500e+03
1.4 5.812459e+03 5.907192e+03 5.975315e+03 5.880583e+03
2.4 5.822505e+03 5.908584e+03 5.988996e+03 5.902917e+03
3.4 5.947578e+03 5.996397e+03 6.048895e+03 6.000076e+03
4.4 5.877782e+03 5.916947e+03 6.021527e+03 5.982363e+03
5.4 5.889223e+03 5.895239e+03 5.966312e+03 5.960296e+03
6.4 5.919600e+03 5.965343e+03 6.004210e+03 5.958467e+03
7.3 5.974269e+03 5.989125e+03 6.038841e+03 6.023985e+03
8.3 5.960009e+03 5.937789e+03 5.985068e+03 6.007288e+03
9.3 5.934788e+03 5.962275e+03 5.965791e+03 5.938304e+03
10.3 5.983186e+03 6.000575e+03 6.025160e+03 6.007771e+03
11.3 6.043654e+03 6.035442e+03 6.022531e+03 6.030743e+03
12.3 5.962354e+03 5.927675e+03 5.940735e+03 5.975413e+03
13.3 5.898892e+03 5.861616e+03 5.867266e+03 5.904542e+03
14.3 5.913516e+03 5.951726e+03 5.900159e+03 5.861949e+03
15.3 5.983895e+03 6.018154e+03 5.996276e+03 5.962016e+03
16.3 6.094539e+03 6.009604e+03 6.002059e+03 6.086994e+03
17.3 6.022622e+03 5.951740e+03 5.928506e+03 5.999388e+03
18.3 5.925708e+03 5.873738e+03 5.872596e+03 5.924566e+03
19.3 5.952332e+03 5.956199e+03 5.926568e+03 5.922701e+03
20.3 6.084878e+03 6.109738e+03 6.013914e+03 5.989055e+03
21.3 6.042149e+03 6.062036e+03 5.999347e+03 5.979461e+03
0.7 5.877782e+03 5.916947e+03 6.021527e+03 5.982363e+03
1.7 5.889223e+03 5.895239e+03 5.966312e+03 5.960296e+03
2.7 5.919600e+03 5.965343e+03 6.004210e+03 5.958467e+03
3.7 5.974269e+03 5.989125e+03 6.038841e+03 6.023985e+03
4.7 5.960009e+03 5.937789e+03 5.985068e+03 6.007288e+03
5.7 5.934788e+03 5.962275e+03 5.965791e+03 5.938304e+03
6.7 5.983186e+03 6.000575e+03 6.025160e+03 6.007771e+03
7.7 6.043654e+03 6.035442e+03 6.022531e+03 6.030743e+03
8.7 5.962354e+03 5.927675e+03 5.940735e+03 5.975413e+03
9.7 5.898892e+03 5.861616e+03 5.867266e+03 5.904542e+03
10.7 5.913516e+03 5.951726e+03 5.900159e+03 5.861949e+03
11.7 5.983895e+03 6.018154e+03 5.996276e+03 5.962016e+03
12.7 6.094539e+03 6.009604e+03 6.002059e+03 6.086994e+03
13.7 6.022622e+03 5.951740e+03 5.928506e+03 5.999388e+03
14.7 5.925708e+03 5.873738e+03 5.872596e+03 5.924566e+03
15.7 5.952332e+03 5.956199e+03 5.926568e+03 5.922701e+03
16.7 6.084878e+03 6.109738e+03 6.013914e+03 5.989055e+03
17.7 6.042149e+03 6.062036e+03 5.999347e+03 5.979461e+03
18.7 6.008796e+03 6.069928e+03 5.962462e+03 5.901330e+03
19.7 6.025968e+03 6.141518e+03 6.013657e+03 5.898107e+03
20.7 6.044243e+03 6.139066e+03 6.043367e+03 5.948544e+03
21.7 6.026417e+03 6.000724e+03 5.977122e+03 6.002814e+03
0.1 5.974269e+03 5.989125e+03 6.038841e+03 6.023985e+03
1.1 5.960009e+03 5.937789e+03 5.985068e+03 6.007288e+03
2.1 5.934788e+03 5.962275e+03 5.965791e+03 5.938304e+03
3.1 5.983186e+03 6.000575e+03 6.025160e+03 6.007771e+03
4.1 6.043654e+03 6.035442e+03 6.022531e+03 6.030743e+03
5.1 5.962354e+03 5.927675e+03 5.940735e+03 5.975413e+03
6.1 5.898892e+03 5.861616e+03 5.867266e+03 5.904542e+03
7.1 5.913516e+03 5.951726e+03 5.900159e+03 5.861949e+03
8.1 5.983895e+03 6.018154e+03 5.996276e+03 5.962016e+03
9.1 6.094539e+03 6.009604e+03 6.002059e+03 6.086994e+03
10.1 6.022622e+03 5.951740e+03 5.928506e+03 5.999388e+03
11.1 5.925708e+03 5.873738e+03 5.872596e+03 5.924566e+03
12.1 5.952332e+03 5.956199e+03 5.926568e+03 5.922701e+03
13.1 6.084878e+03 6.109738e+03 6.013914e+03 5.989055e+03
14.1 6.042149e+03 6.062036e+03 5.999347e+03 5.979461e+03
15.1 6.008796e+03 6.069928e+03 5.962462e+03 5.901330e+03
16.1 6.025968e+03 6.141518e+03 6.013657e+03 5.898107e+03
17.1 6.044243e+03 6.139066e+03 6.043367e+03 5.948544e+03
18.1 6.026417e+03 6.000724e+03 5.977122e+03 6.002814e+03
19.1 6.069746e+03 5.967282e+03 5.888534e+03 5.990998e+03
20.1 5.926743e+03 5.970393e+03 5.882564e+03 5.838913e+03
21.1 6.047776e+03 6.039950e+03 5.975663e+03 5.983489e+03
0.3 5.962354e+03 5.927675e+03 5.940735e+03 5.975413e+03
1.3 5.898892e+03 5.861616e+03 5.867266e+03 5.904542e+03
2.3 5.913516e+03 5.951726e+03 5.900159e+03 5.861949e+03
3.3 5.983895e+03 6.018154e+03 5.996276e+03 5.962016e+03
4.3 6.094539e+03 6.009604e+03 6.002059e+03 6.086994e+03
5.3 6.022622e+03 5.951740e+03 5.928506e+03 5.999388e+03
6.3 5.925708e+03 5.873738e+03 5.872596e+03 5.924566e+03
7.3 5.952332e+03 5.956199e+03 5.926568e+03 5.922701e+03
8.3 6.084878e+03 6.109738e+03 6.013914e+03 5.989055e+03
9.3 6.042149e+03 6.062036e+03 5.999347e+03 5.979461e+03
10.3 6.008796e+03 6.069928e+03 5.962462e+03 5.901330e+03
11.3 6.025968e+03 6.141518e+03 6.013657e+03 5.898107e+03
12.3 6.044243e+03 6.139066e+03 6.043367e+03 5.948544e+03
13.3 6.026417e+03 6.000724e+03 5.977122e+03 6.002814e+03
14.3 6.069746e+03 5.967282e+03 5.888534e+03 5.990998e+03
15.3 5.926743e+03 5.970393e+03 5.882564e+03 5.838913e+03
16.3 6.047776e+03 6.039950e+03 5.975663e+03 5.983489e+03
17.3 6.128946e+03 6.115385e+03 6.013399e+03 6.026961e+03
18.3 6.119946e+03 6.029320e+03 5.952733e+03 6.043359e+03
19.3 6.053565e+03 5.949573e+03 5.873054e+03 5.977046e+03
20.3 6.012582e+03 5.921337e+03 5.821083e+03 5.912328e+03
21.3 5.882871e+03 5.945878e+03 5.846437e+03 5.783430e+03
0.4 6.022622e+03 5.951740e+03 5.928506e+03 5.999388e+03
1.4 5.925708e+03 5.873738e+03 5.872596e+03 5.924566e+03
2.4 5.952332e+03 5.956199e+03 5.926568e+03 5.922701e+03
3.4 6.084878e+03 6.109738e+03 6.013914e+03 5.989055e+03
4.4 6.042149e+03 6.062036e+03 5.999347e+03 5.979461e+03
5.4 6.008796e+03 6.069928e+03 5.962462e+03 5.901330e+03
6.4 6.025968e+03 6.141518e+03 6.013657e+03 5.898107e+03
7.4 6.044243e+03 6.139066e+03 6.043367e+03 5.948544e+03
8.4 6.026417e+03 6.000724e+03 5.977122e+03 6.002814e+03
9.4 6.069746e+03 5.967282e+03 5.888534e+03 5.990998e+03
10.4 5.926743e+03 5.970393e+03 5.882564e+03 5.838913e+03
11.4 6.047776e+03 6.039950e+03 5.975663e+03 5.983489e+03
12.4 6.128946e+03 6.115385e+03 6.013399e+03 6.026961e+03
13.4 6.119946e+03 6.029320e+03 5.952733e+03 6.043359e+03
14.4 6.053565e+03 5.949573e+03 5.873054e+03 5.977046e+03
15.4 6.012582e+03 5.921337e+03 5.821083e+03 5.912328e+03
16.4 5.882871e+03 5.945878e+03 5.846437e+03 5.783430e+03
17.4 6.256381e+03 6.237242e+03 5.960949e+03 5.980088e+03
18.4 6.178616e+03 6.224143e+03 6.017457e+03 5.971930e+03
19.4 6.197740e+03 6.122918e+03 5.965916e+03 6.040738e+03
20.4 6.091249e+03 6.027071e+03 5.886690e+03 5.950868e+03
21.4 6.095608e+03 6.037508e+03 5.831318e+03 5.889418e+03
0.8 6.042149e+03 6.062036e+03 5.999347e+03 5.979461e+03
1.8 6.008796e+03 6.069928e+03 5.962462e+03 5.901330e+03
2.8 6.025968e+03 6.141518e+03 6.013657e+03 5.898107e+03
3.8 6.044243e+03 6.139066e+03 6.043367e+03 5.948544e+03
4.8 6.026417e+03 6.000724e+03 5.977122e+03 6.002814e+03
5.8 6.069746e+03 5.967282e+03 5.888534e+03 5.990998e+03
6.8 5.926743e+03 5.970393e+03 5.882564e+03 5.838913e+03
7.8 6.047776e+03 6.039950e+03 5.975663e+03 5.983489e+03
8.8 6.128946e+03 6.115385e+03 6.013399e+03 6.026961e+03
9.8 6.119946e+03 6.029320e+03 5.952733e+03 6.043359e+03
10.8 6.053565e+03 5.949573e+03 5.873054e+03 5.977046e+03
11.8 6.012582e+03 5.921337e+03 5.821083e+03 5.912328e+03
12.8 5.882871e+03 5.945878e+03 5.846437e+03 5.783430e+03
13.8 6.256381e+03 6.237242e+03 5.960949e+03 5.980088e+03
14.8 6.178616e+03 6.224143e+03 6.017457e+03 5.971930e+03
15.8 6.197740e+03 6.122918e+03 5.965916e+03 6.040738e+03
16.8 6.091249e+03 6.027071e+03 5.886690e+03 5.950868e+03
17.8 6.095608e+03 6.037508e+03 5.831318e+03 5.889418e+03
18.8 5.895943e+03 5.993223e+03 5.850605e+03 5.753326e+03
19.8 6.083335e+03 6.130867e+03 5.961627e+03 5.914095e+03
20.8 6.213112e+03 6.179423e+03 6.019709e+03 6.053398e+03
21.8 6.246451e+03 6.175056e+03 5.969129e+03 6.040524e+03
1.0 6.069746e+03 5.967282e+03 5.888534e+03 5.990998e+03
2.0 5.926743e+03 5.970393e+03 5.882564e+03 5.838913e+03
3.0 6.047776e+03 6.039950e+03 5.975663e+03 5.983489e+03
4.0 6.128946e+03 6.115385e+03 6.013399e+03 6.026961e+03
5.0 6.119946e+03 6.029320e+03 5.952733e+03 6.043359e+03
6.0 6.053565e+03 5.949573e+03 5.873054e+03 5.977046e+03
7.0 6.012582e+03 5.921337e+03 5.821083e+03 5.912328e+03
8.0 5.882871e+03 5.945878e+03 5.846437e+03 5.783430e+03
9.0 6.256381e+03 6.237242e+03 5.960949e+03 5.980088e+03
10.0 6.178616e+03 6.224143e+03 6.017457e+03 5.971930e+03
11.0 6.197740e+03 6.122918e+03 5.965916e+03 6.040738e+03
12.0 6.091249e+03 6.027071e+03 5.886690e+03 5.950868e+03
13.0 6.095608e+03 6.037508e+03 5.831318e+03 5.889418e+03
14.0 5.895943e+03 5.993223e+03 5.850605e+03 5.753326e+03
15.0 6.083335e+03 6.130867e+03 5.961627e+03 5.914095e+03
16.0 6.213112e+03 6.179423e+03 6.019709e+03 6.053398e+03
17.0 6.246451e+03 6.175056e+03 5.969129e+03 6.040524e+03
18.0 6.103543e+03 6.034604e+03 5.889113e+03 5.958052e+03
19.0 6.055160e+03 6.026595e+03 5.832090e+03 5.860655e+03
20.0 6.077692e+03 6.118379e+03 5.845735e+03 5.805048e+03
21.0 6.029729e+03 6.123097e+03 5.954829e+03 5.861461e+03
22.0 6.146967e+03 6.228382e+03 6.019806e+03 5.938391e+03
0.9 6.012582e+03 5.921337e+03 5.821083e+03 5.912328e+03
1.9 5.882871e+03 5.945878e+03 5.846437e+03 5.783430e+03
2.9 6.256381e+03 6.237242e+03 5.960949e+03 5.980088e+03
3.9 6.178616e+03 6.224143e+03 6.017457e+03 5.971930e+03
4.9 6.197740e+03 6.122918e+03 5.965916e+03 6.040738e+03
5.9 6.091249e+03 6.027071e+03 5.886690e+03 5.950868e+03
6.9 6.095608e+03 6.037508e+03 5.831318e+03 5.889418e+03
7.9 5.895943e+03 5.993223e+03 5.850605e+03 5.753326e+03
8.9 6.083335e+03 6.130867e+03 5.961627e+03 5.914095e+03
9.9 6.213112e+03 6.179423e+03 6.019709e+03 6.053398e+03
10.9 6.246451e+03 6.175056e+03 5.969129e+03 6.040524e+03
11.9 6.103543e+03 6.034604e+03 5.889113e+03 5.958052e+03
12.9 6.055160e+03 6.026595e+03 5.832090e+03 5.860655e+03
13.9 6.077692e+03 6.118379e+03 5.845735e+03 5.805048e+03
14.9 6.029729e+03 6.123097e+03 5.954829e+03 5.861461e+03
15.9 6.146967e+03 6.228382e+03 6.019806e+03 5.938391e+03
16.9 6.155063e+03 6.192171e+03 5.973728e+03 5.936620e+03
17.9 6.079308e+03 6.083154e+03 5.897105e+03 5.893259e+03
18.9 5.997089e+03 6.093319e+03 5.898191e+03 5.801962e+03
19.9 6.038397e+03 6.169804e+03 5.990876e+03 5.859469e+03
20.9 6.174006e+03 6.235360e+03 6.022107e+03 5.960753e+03
21.9 6.175546e+03 6.202877e+03 5.971701e+03 5.944370e+03
0.9 6.095608e+03 6.037508e+03 5.831318e+03 5.889418e+03
1.9 5.895943e+03 5.993223e+03 5.850605e+03 5.753326e+03
2.9 6.083335e+03 6.130867e+03 5.961627e+03 5.914095e+03
3.9 6.213112e+03 6.179423e+03 6.019709e+03 6.053398e+03
4.9 6.246451e+03 6.175056e+03 5.969129e+03 6.040524e+03
5.9 6.103543e+03 6.034604e+03 5.889113e+03 5.958052e+03
6.9 6.055160e+03 6.026595e+03 5.832090e+03 5.860655e+03
7.9 6.077692e+03 6.118379e+03 5.845735e+03 5.805048e+03
8.9 6.029729e+03 6.123097e+03 5.954829e+03 5.861461e+03
9.9 6.146967e+03 6.228382e+03 6.019806e+03 5.938391e+03
10.9 6.155063e+03 6.192171e+03 5.973728e+03 5.936620e+03
11.9 6.079308e+03 6.083154e+03 5.897105e+03 5.893259e+03
12.9 5.997089e+03 6.093319e+03 5.898191e+03 5.801962e+03
13.9 6.038397e+03 6.169804e+03 5.990876e+03 5.859469e+03
14.9 6.174006e+03 6.235360e+03 6.022107e+03 5.960753e+03
15.9 6.175546e+03 6.202877e+03 5.971701e+03 5.944370e+03
16.9 6.200614e+03 6.192423e+03 5.984962e+03 5.993153e+03
17.9 6.451959e+03 6.432246e+03 6.043637e+03 6.063350e+03
18.9 6.427314e+03 6.302924e+03 6.014818e+03 6.139208e+03
19.9 6.468441e+03 6.356467e+03 5.962885e+03 6.074858e+03
20.9 6.358408e+03 6.348598e+03 6.004301e+03 6.014111e+03
21.9 6.279981e+03 6.331381e+03 6.037403e+03 5.986003e+03
0.8 6.055160e+03 6.026595e+03 5.832090e+03 5.860655e+03
1.8 6.077692e+03 6.118379e+03 5.845735e+03 5.805048e+03
2.8 6.029729e+03 6.123097e+03 5.954829e+03 5.861461e+03
3.8 6.146967e+03 6.228382e+03 6.019806e+03 5.938391e+03
4.8 6.155063e+03 6.192171e+03 5.973728e+03 5.936620e+03
5.8 6.079308e+03 6.083154e+03 5.897105e+03 5.893259e+03
6.8 5.997089e+03 6.093319e+03 5.898191e+03 5.801962e+03
7.8 6.038397e+03 6.169804e+03 5.990876e+03 5.859469e+03
8.8 6.174006e+03 6.235360e+03 6.022107e+03 5.960753e+03
9.8 6.175546e+03 6.202877e+03 5.971701e+03 5.944370e+03
10.8 6.200614e+03 6.192423e+03 5.984962e+03 5.993153e+03
11.8 6.451959e+03 6.432246e+03 6.043637e+03 6.063350e+03
12.8 6.427314e+03 6.302924e+03 6.014818e+03 6.139208e+03
13.8 6.468441e+03 6.356467e+03 5.962885e+03 6.074858e+03
14.8 6.358408e+03 6.348598e+03 6.004301e+03 6.014111e+03
15.8 6.279981e+03 6.331381e+03 6.037403e+03 5.986003e+03
16.8 6.311864e+03 6.224465e+03 5.982029e+03 6.069428e+03
17.8 6.329432e+03 6.453232e+03 5.963227e+03 5.839427e+03
18.8 6.163122e+03 6.285476e+03 6.023693e+03 5.901339e+03
19.8 6.318097e+03 6.313965e+03 6.021878e+03 6.026010e+03
20.8 6.095743e+03 6.141662e+03 5.940553e+03 5.894634e+03
21.8 6.038733e+03 6.099307e+03 5.856840e+03 5.796265e+03
1.0 6.079308e+03 6.083154e+03 5.897105e+03 5.893259e+03
2.0 5.997089e+03 6.093319e+03 5.898191e+03 5.801962e+03
3.0 6.038397e+03 6.169804e+03 5.990876e+03 5.859469e+03
4.0 6.174006e+03 6.235360e+03 6.022107e+03 5.960753e+03
5.0 6.175546e+03 6.202877e+03 5.971701e+03 5.944370e+03
6.0 6.200614e+03 6.192423e+03 5.984962e+03 5.993153e+03
7.0 6.451959e+03 6.432246e+03 6.043637e+03 6.063350e+03
8.0 6.427314e+03 6.302924e+03 6.014818e+03 6.139208e+03
9.0 6.468441e+03 6.356467e+03 5.962885e+03 6.074858e+03
10.0 6.358408e+03 6.348598e+03 6.004301e+03 6.014111e+03
11.0 6.279981e+03 6.331381e+03 6.037403e+03 5.986003e+03
12.0 6.311864e+03 6.224465e+03 5.982029e+03 6.069428e+03
13.0 6.329432e+03 6.453232e+03 5.963227e+03 5.839427e+03
14.0 6.163122e+03 6.285476e+03 6.023693e+03 5.901339e+03
15.0 6.318097e+03 6.313965e+03 6.021878e+03 6.026010e+03
16.0 6.095743e+03 6.141662e+03 5.940553e+03 5.894634e+03
17.0 6.038733e+03 6.099307e+03 5.856840e+03 5.796265e+03
18.0 6.091459e+03 5.999618e+03 5.804848e+03 5.896690e+03
19.0 6.065174e+03 6.023892e+03 5.782603e+03 5.823886e+03
20.0 6.133342e+03 6.062611e+03 5.826205e+03 5.896937e+03
21.0 6.240961e+03 6.335708e+03 5.953222e+03 5.858475e+03
22.0 6.321383e+03 6.266764e+03 6.020631e+03 6.075250e+03
0.4 6.174006e+03 6.235360e+03 6.022107e+03 5.960753e+03
1.4 6.175546e+03 6.202877e+03 5.971701e+03 5.944370e+03
2.4 6.200614e+03 6.192423e+03 5.984962e+03 5.993153e+03
3.4 6.451959e+03 6.432246e+03 6.043637e+03 6.063350e+03
4.4 6.427314e+03 6.302924e+03 6.014818e+03 6.139208e+03
5.4 6.468441e+03 6.356467e+03 5.962885e+03 6.074858e+03
6.4 6.358408e+03 6.348598e+03 6.004301e+03 6.014111e+03
7.4 6.279981e+03 6.331381e+03 6.037403e+03 5.986003e+03
8.4 6.311864e+03 6.224465e+03 5.982029e+03 6.069428e+03
9.4 6.329432e+03 6.453232e+03 5.963227e+03 5.839427e+03
10.4 6.163122e+03 6.285476e+03 6.023693e+03 5.901339e+03
11.4 6.318097e+03 6.313965e+03 6.021878e+03 6.026010e+03
12.4 6.095743e+03 6.141662e+03 5.940553e+03 5.894634e+03
13.4 6.038733e+03 6.099307e+03 5.856840e+03 5.796265e+03
14.4 6.091459e+03 5.999618e+03 5.804848e+03 5.896690e+03
15.4 6.065174e+03 6.023892e+03 5.782603e+03 5.823886e+03
16.4 6.133342e+03 6.062611e+03 5.826205e+03 5.896937e+03
17.4 6.240961e+03 6.335708e+03 5.953222e+03 5.858475e+03
18.4 6.321383e+03 6.266764e+03 6.020631e+03 6.075250e+03
19.4 5.648431e+03 5.794065e+03 5.974096e+03 5.828462e+03
20.4 6.619648e+03 6.624745e+03 5.899387e+03 5.894290e+03
21.4 6.826111e+03 6.549306e+03 5.906279e+03 6.183085e+03
0.8 6.427314e+03 6.302924e+03 6.014818e+03 6.139208e+03
1.8 6.468441e+03 6.356467e+03 5.962885e+03 6.074858e+03
2.8 6.358408e+03 6.348598e+03 6.004301e+03 6.014111e+03
3.8 6.279981e+03 6.331381e+03 6.037403e+03 5.986003e+03
4.8 6.311864e+03 6.224465e+03 5.982029e+03 6.069428e+03
5.8 6.329432e+03 6.453232e+03 5.963227e+03 5.839427e+03
6.8 6.163122e+03 6.285476e+03 6.023693e+03 5.901339e+03
7.8 6.318097e+03 6.313965e+03 6.021878e+03 6.026010e+03
8.8 6.095743e+03 6.141662e+03 5.940553e+03 5.894634e+03
9.8 6.038733e+03 6.099307e+03 5.856840e+03 5.796265e+03
10.8 6.091459e+03 5.999618e+03 5.804848e+03 5.896690e+03
11.8 6.065174e+03 6.023892e+03 5.782603e+03 5.823886e+03
12.8 6.133342e+03 6.062611e+03 5.826205e+03 5.896937e+03
13.8 6.240961e+03 6.335708e+03 5.953222e+03 5.858475e+03
14.8 6.321383e+03 6.266764e+03 6.020631e+03 6.075250e+03
15.8 5.648431e+03 5.794065e+03 5.974096e+03 5.828462e+03
16.8 6.619648e+03 6.624745e+03 5.899387e+03 5.894290e+03
17.8 6.826111e+03 6.549306e+03 5.906279e+03 6.183085e+03
18.8 6.743225e+03 6.560693e+03 5.998558e+03 6.181090e+03
19.8 6.599049e+03 6.264848e+03 6.021971e+03 6.356172e+03
20.8 6.422408e+03 6.371495e+03 5.970486e+03 6.021399e+03
21.8 6.517036e+03 6.361583e+03 5.989023e+03 6.144476e+03
0.1 6.279981e+03 6.331381e+03 6.037403e+03 5.986003e+03
1.1 6.311864e+03 6.224465e+03 5.982029e+03 6.069428e+03
2.1 6.329432e+03 6.453232e+03 5.963227e+03 5.839427e+03
3.1 6.163122e+03 6.285476e+03 6.023693e+03 5.901339e+03
4.1 6.318097e+03 6.313965e+03 6.021878e+03 6.026010e+03
5.1 6.095743e+03 6.141662e+03 5.940553e+03 5.894634e+03
6.1 6.038733e+03 6.099307e+03 5.856840e+03 5.796265e+03
7.1 6.091459e+03 5.999618e+03 5.804848e+03 5.896690e+03
8.1 6.065174e+03 6.023892e+03 5.782603e+03 5.823886e+03
9.1 6.133342e+03 6.062611e+03 5.826205e+03 5.896937e+03
10.1 6.240961e+03 6.335708e+03 5.953222e+03 5.858475e+03
11.1 6.321383e+03 6.266764e+03 6.020631e+03 6.075250e+03
12.1 5.648431e+03 5.794065e+03 5.974096e+03 5.828462e+03
13.1 6.619648e+03 6.624745e+03 5.899387e+03 5.894290e+03
14.1 6.826111e+03 6.549306e+03 5.906279e+03 6.183085e+03
15.1 6.743225e+03 6.560693e+03 5.998558e+03 6.181090e+03
16.1 6.599049e+03 6.264848e+03 6.021971e+03 6.356172e+03
17.1 6.422408e+03 6.371495e+03 5.970486e+03 6.021399e+03
18.1 6.517036e+03 6.361583e+03 5.989023e+03 6.144476e+03
19.1 6.142983e+03 6.259415e+03 6.045068e+03 5.928637e+03
20.1 5.978818e+03 6.033688e+03 6.009689e+03 5.954820e+03
21.1 5.829098e+03 5.864733e+03 5.917855e+03 5.882220e+03
0.9 6.065174e+03 6.023892e+03 5.782603e+03 5.823886e+03
1.9 6.133342e+03 6.062611e+03 5.826205e+03 5.896937e+03
2.9 6.240961e+03 6.335708e+03 5.953222e+03 5.858475e+03
3.9 6.321383e+03 6.266764e+03 6.020631e+03 6.075250e+03
4.9 5.648431e+03 5.794065e+03 5.974096e+03 5.828462e+03
5.9 6.619648e+03 6.624745e+03 5.899387e+03 5.894290e+03
6.9 6.826111e+03 6.549306e+03 5.906279e+03 6.183085e+03
7.9 6.743225e+03 6.560693e+03 5.998558e+03 6.181090e+03
8.9 6.599049e+03 6.264848e+03 6.021971e+03 6.356172e+03
9.9 6.422408e+03 6.371495e+03 5.970486e+03 6.021399e+03
10.9 6.517036e+03 6.361583e+03 5.989023e+03 6.144476e+03
11.9 6.142983e+03 6.259415e+03 6.045068e+03 5.928637e+03
12.9 5.978818e+03 6.033688e+03 6.009689e+03 5.954820e+03
13.9 5.829098e+03 5.864733e+03 5.917855e+03 5.882220e+03
14.9 5.699571e+03 5.742051e+03 5.840793e+03 5.798313e+03
15.9 5.726599e+03 5.762943e+03 5.813698e+03 5.777354e+03
16.9 5.844135e+03 5.974670e+03 5.892274e+03 5.761739e+03
17.9 5.799166e+03 5.974574e+03 5.999746e+03 5.824338e+03
18.9 5.852622e+03 6.003844e+03 5.999493e+03 5.848271e+03
19.9 5.803634e+03 5.971717e+03 5.966818e+03 5.798736e+03
20.9 5.078595e+03 5.339143e+03 6.017991e+03 5.757442e+03
21.9 5.488264e+03 5.629583e+03 6.049710e+03 5.908391e+03
0.1 5.648431e+03 5.794065e+03 5.974096e+03 5.828462e+03
1.1 6.619648e+03 6.624745e+03 5.899387e+03 5.894290e+03
2.1 6.826111e+03 6.549306e+03 5.906279e+03 6.183085e+03
3.1 6.743225e+03 6.560693e+03 5.998558e+03 6.181090e+03
4.1 6.599049e+03 6.264848e+03 6.021971e+03 6.356172e+03
5.1 6.422408e+03 6.371495e+03 5.970486e+03 6.021399e+03
6.1 6.517036e+03 6.361583e+03 5.989023e+03 6.144476e+03
7.1 6.142983e+03 6.259415e+03 6.045068e+03 5.928637e+03
8.1 5.978818e+03 6.033688e+03 6.009689e+03 5.954820e+03
9.1 5.829098e+03 5.864733e+03 5.917855e+03 5.882220e+03
10.1 5.699571e+03 5.742051e+03 5.840793e+03 5.798313e+03
11.1 5.726599e+03 5.762943e+03 5.813698e+03 5.777354e+03
12.1 5.844135e+03 5.974670e+03 5.892274e+03 5.761739e+03
13.1 5.799166e+03 5.974574e+03 5.999746e+03 5.824338e+03
14.1 5.852622e+03 6.003844e+03 5.999493e+03 5.848271e+03
15.1 5.803634e+03 5.971717e+03 5.966818e+03 5.798736e+03
16.1 5.078595e+03 5.339143e+03 6.017991e+03 5.757442e+03
17.1 5.488264e+03 5.629583e+03 6.049710e+03 5.908391e+03
18.1 5.728825e+03 5.690965e+03 5.990730e+03 6.028591e+03
19.1 6.008500e+03 5.824469e+03 5.971573e+03 6.155604e+03
20.1 6.172527e+03 5.983294e+03 6.029490e+03 6.218723e+03
21.1 5.970310e+03 5.768935e+03 6.022706e+03 6.224081e+03
0.4 6.599049e+03 6.264848e+03 6.021971e+03 6.356172e+03
1.4 6.422408e+03 6.371495e+03 5.970486e+03 6.021399e+03
2.4 6.517036e+03 6.361583e+03 5.989023e+03 6.144476e+03
3.4 6.142983e+03 6.259415e+03 6.045068e+03 5.928637e+03
4.4 5.978818e+03 6.033688e+03 6.009689e+03 5.954820e+03
5.4 5.829098e+03 5.864733e+03 5.917855e+03 5.882220e+03
6.4 5.699571e+03 5.742051e+03 5.840793e+03 5.798313e+03
7.4 5.726599e+03 5.762943e+03 5.813698e+03 5.777354e+03
8.4 5.844135e+03 5.974670e+03 5.892274e+03 5.761739e+03
9.4 5.799166e+03 5.974574e+03 5.999746e+03 5.824338e+03
10.4 5.852622e+03 6.003844e+03 5.999493e+03 5.848271e+03
11.4 5.803634e+03 5.971717e+03 5.966818e+03 5.798736e+03
12.4 5.078595e+03 5.339143e+03 6.017991e+03 5.757442e+03
13.4 5.488264e+03 5.629583e+03 6.049710e+03 5.908391e+03
14.4 5.728825e+03 5.690965e+03 5.990730e+03 6.028591e+03
15.4 6.008500e+03 5.824469e+03 5.971573e+03 6.155604e+03
16.4 6.172527e+03 5.983294e+03 6.029490e+03 6.218723e+03
17.4 5.970310e+03 5.768935e+03 6.022706e+03 6.224081e+03
18.4 5.746776e+03 5.748659e+03 5.939101e+03 5.937218e+03
19.4 5.894053e+03 5.669552e+03 5.855445e+03 6.079946e+03
20.4 5.813297e+03 5.881327e+03 5.810155e+03 5.742125e+03
21.4 5.901967e+03 5.710615e+03 5.858166e+03 6.049518e+03
0.4 5.699571e+03 5.742051e+03 5.840793e+03 5.798313e+03
1.4 5.726599e+03 5.762943e+03 5.813698e+03 5.777354e+03
2.4 5.844135e+03 5.974670e+03 5.892274e+03 5.761739e+03
3.4 5.799166e+03 5.974574e+03 5.999746e+03 5.824338e+03
4.4 5.852622e+03 6.003844e+03 5.999493e+03 5.848271e+03
5.4 5.803634e+03 5.971717e+03 5.966818e+03 5.798736e+03
6.4 5.078595e+03 5.339143e+03 6.017991e+03 5.757442e+03
7.4 5.488264e+03 5.629583e+03 6.049710e+03 5.908391e+03
8.4 5.728825e+03 5.690965e+03 5.990730e+03 6.028591e+03
9.4 6.008500e+03 5.824469e+03 5.971573e+03 6.155604e+03
10.4 6.172527e+03 5.983294e+03 6.029490e+03 6.218723e+03
11.4 5.970310e+03 5.768935e+03 6.022706e+03 6.224081e+03
12.4 5.746776e+03 5.748659e+03 5.939101e+03 5.937218e+03
13.4 5.894053e+03 5.669552e+03 5.855445e+03 6.079946e+03
14.4 5.813297e+03 5.881327e+03 5.810155e+03 5.742125e+03
15.4 5.901967e+03 5.710615e+03 5.858166e+03 6.049518e+03
16.4 5.998800e+03 5.912625e+03 5.976392e+03 6.062567e+03
17.4 5.063708e+03 4.987437e+03 6.010072e+03 6.086343e+03
18.4 5.912207e+03 5.920964e+03 5.947575e+03 5.938818e+03
19.4 5.845609e+03 5.993690e+03 5.871695e+03 5.723614e+03
20.4 5.808077e+03 5.950003e+03 5.825271e+03 5.683345e+03
21.4 5.845688e+03 6.023965e+03 5.864616e+03 5.686340e+03
0.8 5.852622e+03 6.003844e+03 5.999493e+03 5.848271e+03
1.8 5.803634e+03 5.971717e+03 5.966818e+03 5.798736e+03
2.8 5.078595e+03 5.339143e+03 6.017991e+03 5.757442e+03
3.8 5.488264e+03 5.629583e+03 6.049710e+03 5.908391e+03
4.8 5.728825e+03 5.690965e+03 5.990730e+03 6.028591e+03
5.8 6.008500e+03 5.824469e+03 5.971573e+03 6.155604e+03
6.8 6.172527e+03 5.983294e+03 6.029490e+03 6.218723e+03
7.8 5.970310e+03 5.768935e+03 6.022706e+03 6.224081e+03
8.8 5.746776e+03 5.748659e+03 5.939101e+03 5.937218e+03
9.8 5.894053e+03 5.669552e+03 5.855445e+03 6.079946e+03
10.8 5.813297e+03 5.881327e+03 5.810155e+03 5.742125e+03
11.8 5.901967e+03 5.710615e+03 5.858166e+03 6.049518e+03
12.8 5.998800e+03 5.912625e+03 5.976392e+03 6.062567e+03
13.8 5.063708e+03 4.987437e+03 6.010072e+03 6.086343e+03
14.8 5.912207e+03 5.920964e+03 5.947575e+03 5.938818e+03
15.8 5.845609e+03 5.993690e+03 5.871695e+03 5.723614e+03
16.8 5.808077e+03 5.950003e+03 5.825271e+03 5.683345e+03
17.8 5.845688e+03 6.023965e+03 5.864616e+03 5.686340e+03
18.8 5.937776e+03 6.053644e+03 5.979497e+03 5.863629e+03
19.8 5.789509e+03 6.044478e+03 6.017068e+03 5.762098e+03
20.8 5.614594e+03 5.939575e+03 5.955391e+03 5.630410e+03
21.8 6.002346e+03 6.061730e+03 5.885741e+03 5.826357e+03
0.1 5.488264e+03 5.629583e+03 6.049710e+03 5.908391e+03
1.1 5.728825e+03 5.690965e+03 5.990730e+03 6.028591e+03
2.1 6.008500e+03 5.824469e+03 5.971573e+03 6.155604e+03
3.1 6.172527e+03 5.983294e+03 6.029490e+03 6.218723e+03
4.1 5.970310e+03 5.768935e+03 6.022706e+03 6.224081e+03
5.1 5.746776e+03 5.748659e+03 5.939101e+03 5.937218e+03
6.1 5.894053e+03 5.669552e+03 5.855445e+03 6.079946e+03
7.1 5.813297e+03 5.881327e+03 5.810155e+03 5.742125e+03
8.1 5.901967e+03 5.710615e+03 5.858166e+03 6.049518e+03
9.1 5.998800e+03 5.912625e+03 5.976392e+03 6.062567e+03
10.1 5.063708e+03 4.987437e+03 6.010072e+03 6.086343e+03
11.1 5.912207e+03 5.920964e+03 5.947575e+03 5.938818e+03
12.1 5.845609e+03 5.993690e+03 5.871695e+03 5.723614e+03
13.1 5.808077e+03 5.950003e+03 5.825271e+03 5.683345e+03
14.1 5.845688e+03 6.023965e+03 5.864616e+03 5.686340e+03
15.1 5.937776e+03 6.053644e+03 5.979497e+03 5.863629e+03
16.1 5.789509e+03 6.044478e+03 6.017068e+03 5.762098e+03
17.1 5.614594e+03 5.939575e+03 5.955391e+03 5.630410e+03
18.1 6.002346e+03 6.061730e+03 5.885741e+03 5.826357e+03
19.1 5.435523e+03 5.570568e+03 5.911880e+03 5.776835e+03
20.1 6.331792e+03 6.104887e+03 6.005947e+03 6.232852e+03
21.1 6.432852e+03 6.167734e+03 6.014368e+03 6.279486e+03
0.1 5.894053e+03 5.669552e+03 5.855445e+03 6.079946e+03
1.1 5.813297e+03 5.881327e+03 5.810155e+03 5.742125e+03
2.1 5.901967e+03 5.710615e+03 5.858166e+03 6.049518e+03
3.1 5.998800e+03 5.912625e+03 5.976392e+03 6.062567e+03
4.1 5.063708e+03 4.987437e+03 6.010072e+03 6.086343e+03
5.1 5.912207e+03 5.920964e+03 5.947575e+03 5.938818e+03
6.1 5.845609e+03 5.993690e+03 5.871695e+03 5.723614e+03
7.1 5.808077e+03 5.950003e+03 5.825271e+03 5.683345e+03
8.1 5.845688e+03 6.023965e+03 5.864616e+03 5.686340e+03
9.1 5.937776e+03 6.053644e+03 5.979497e+03 5.863629e+03
10.1 5.789509e+03 6.044478e+03 6.017068e+03 5.762098e+03
11.1 5.614594e+03 5.939575e+03 5.955391e+03 5.630410e+03
12.1 6.002346e+03 6.061730e+03 5.885741e+03 5.826357e+03
13.1 5.435523e+03 5.570568e+03 5.911880e+03 5.776835e+03
14.1 6.331792e+03 6.104887e+03 6.005947e+03 6.232852e+03
15.1 6.432852e+03 6.167734e+03 6.014368e+03 6.279486e+03
16.1 6.108194e+03 6.043381e+03 5.965816e+03 6.030629e+03
17.1 6.174550e+03 6.099217e+03 5.998480e+03 6.073812e+03
18.1 6.011984e+03 5.851747e+03 6.046501e+03 6.206738e+03
19.1 5.546120e+03 5.457277e+03 5.997965e+03 6.086808e+03
20.1 5.492786e+03 5.625099e+03 5.905022e+03 5.772709e+03
21.1 5.635952e+03 5.693936e+03 5.832743e+03 5.774759e+03
0.1 5.845609e+03 5.993690e+03 5.871695e+03 5.723614e+03
1.1 5.808077e+03 5.950003e+03 5.825271e+03 5.683345e+03
2.1 5.845688e+03 6.023965e+03 5.864616e+03 5.686340e+03
3.1 5.937776e+03 6.053644e+03 5.979497e+03 5.863629e+03
4.1 5.789509e+03 6.044478e+03 6.017068e+03 5.762098e+03
5.1 5.614594e+03 5.939575e+03 5.955391e+03 5.630410e+03
6.1 6.002346e+03 6.061730e+03 5.885741e+03 5.826357e+03
7.1 5.435523e+03 5.570568e+03 5.911880e+03 5.776835e+03
8.1 6.331792e+03 6.104887e+03 6.005947e+03 6.232852e+03
9.1 6.432852e+03 6.167734e+03 6.014368e+03 6.279486e+03
10.1 6.108194e+03 6.043381e+03 5.965816e+03 6.030629e+03
11.1 6.174550e+03 6.099217e+03 5.998480e+03 6.073812e+03
12.1 6.011984e+03 5.851747e+03 6.046501e+03 6.206738e+03
13.1 5.546120e+03 5.457277e+03 5.997965e+03 6.086808e+03
14.1 5.492786e+03 5.625099e+03 5.905022e+03 5.772709e+03
15.1 5.635952e+03 5.693936e+03 5.832743e+03 5.774759e+03
16.1 4.910775e+03 4.949879e+03 5.817941e+03 5.778838e+03
17.1 5.753059e+03 5.568028e+03 5.910205e+03 6.095236e+03
18.1 5.539233e+03 5.495645e+03 6.007193e+03 6.050782e+03
19.1 5.690683e+03 5.607740e+03 5.992518e+03 6.075462e+03
20.1 5.620369e+03 5.666738e+03 5.968986e+03 5.922617e+03
21.1 5.693456e+03 5.603751e+03 6.027759e+03 6.117463e+03
0.2 5.614594e+03 5.939575e+03 5.955391e+03 5.630410e+03
1.2 6.002346e+03 6.061730e+03 5.885741e+03 5.826357e+03
2.2 5.435523e+03 5.570568e+03 5.911880e+03 5.776835e+03
3.2 6.331792e+03 6.104887e+03 6.005947e+03 6.232852e+03
4.2 6.432852e+03 6.167734e+03 6.014368e+03 6.279486e+03
5.2 6.108194e+03 6.043381e+03 5.965816e+03 6.030629e+03
6.2 6.174550e+03 6.099217e+03 5.998480e+03 6.073812e+03
7.2 6.011984e+03 5.851747e+03 6.046501e+03 6.206738e+03
8.2 5.546120e+03 5.457277e+03 5.997965e+03 6.086808e+03
9.2 5.492786e+03 5.625099e+03 5.905022e+03 5.772709e+03
10.2 5.635952e+03 5.693936e+03 5.832743e+03 5.774759e+03
11.2 4.910775e+03 4.949879e+03 5.817941e+03 5.778838e+03
12.2 5.753059e+03 5.568028e+03 5.910205e+03 6.095236e+03
13.2 5.539233e+03 5.495645e+03 6.007193e+03 6.050782e+03
14.2 5.690683e+03 5.607740e+03 5.992518e+03 6.075462e+03
15.2 5.620369e+03 5.666738e+03 5.968986e+03 5.922617e+03
16.2 5.693456e+03 5.603751e+03 6.027759e+03 6.117463e+03
17.2 5.905337e+03 5.906881e+03 6.045432e+03 6.043889e+03
18.2 5.758945e+03 5.745920e+03 5.981865e+03 5.994891e+03
19.2 5.728043e+03 5.791574e+03 5.977786e+03 5.914256e+03
20.2 5.834437e+03 5.850730e+03 6.035065e+03 6.018772e+03
21.2 5.882689e+03 5.831713e+03 6.014040e+03 6.065016e+03
0.6 6.432852e+03 6.167734e+03 6.014368e+03 6.279486e+03
1.6 6.108194e+03 6.043381e+03 5.965816e+03 6.030629e+03
2.6 6.174550e+03 6.099217e+03 5.998480e+03 6.073812e+03
3.6 6.011984e+03 5.851747e+03 6.046501e+03 6.206738e+03
4.6 5.546120e+03 5.457277e+03 5.997965e+03 6.086808e+03
5.6 5.492786e+03 5.625099e+03 5.905022e+03 5.772709e+03
6.6 5.635952e+03 5.693936e+03 5.832743e+03 5.774759e+03
7.6 4.910775e+03 4.949879e+03 5.817941e+03 5.778838e+03
8.6 5.753059e+03 5.568028e+03 5.910205e+03 6.095236e+03
9.6 5.539233e+03 5.495645e+03 6.007193e+03 6.050782e+03
10.6 5.690683e+03 5.607740e+03 5.992518e+03 6.075462e+03
11.6 5.620369e+03 5.666738e+03 5.968986e+03 5.922617e+03
12.6 5.693456e+03 5.603751e+03 6.027759e+03 6.117463e+03
13.6 5.905337e+03 5.906881e+03 6.045432e+03 6.043889e+03
14.6 5.758945e+03 5.745920e+03 5.981865e+03 5.994891e+03
15.6 5.728043e+03 5.791574e+03 5.977786e+03 5.914256e+03
16.6 5.834437e+03 5.850730e+03 6.035065e+03 6.018772e+03
17.6 5.882689e+03 5.831713e+03 6.014040e+03 6.065016e+03
18.6 5.629178e+03 5.515203e+03 5.958647e+03 6.072621e+03
19.6 5.512341e+03 5.502111e+03 5.994819e+03 6.005049e+03
20.6 5.655989e+03 5.629528e+03 6.036323e+03 6.062785e+03
21.6 5.878205e+03 5.862403e+03 5.982384e+03 5.998185e+03
0.5 5.635952e+03 5.693936e+03 5.832743e+03 5.774759e+03
1.5 4.910775e+03 4.949879e+03 5.817941e+03 5.778838e+03
2.5 5.753059e+03 5.568028e+03 5.910205e+03 6.095236e+03
3.5 5.539233e+03 5.495645e+03 6.007193e+03 6.050782e+03
4.5 5.690683e+03 5.607740e+03 5.992518e+03 6.075462e+03
5.5 5.620369e+03 5.666738e+03 5.968986e+03 5.922617e+03
6.5 5.693456e+03 5.603751e+03 6.027759e+03 6.117463e+03
7.5 5.905337e+03 5.906881e+03 6.045432e+03 6.043889e+03
8.5 5.758945e+03 5.745920e+03 5.981865e+03 5.994891e+03
9.5 5.728043e+03 5.791574e+03 5.977786e+03 5.914256e+03
10.5 5.834437e+03 5.850730e+03 6.035065e+03 6.018772e+03
11.5 5.882689e+03 5.831713e+03 6.014040e+03 6.065016e+03
12.5 5.629178e+03 5.515203e+03 5.958647e+03 6.072621e+03
13.5 5.512341e+03 5.502111e+03 5.994819e+03 6.005049e+03
14.5 5.655989e+03 5.629528e+03 6.036323e+03 6.062785e+03
15.5 5.878205e+03 5.862403e+03 5.982384e+03 5.998185e+03
16.5 5.699824e+03 5.793652e+03 5.893325e+03 5.799497e+03
17.5 6.358939e+03 6.078412e+03 5.871945e+03 6.152472e+03
18.5 6.186468e+03 6.241016e+03 5.959947e+03 5.905399e+03
19.5 6.002927e+03 6.046254e+03 6.014405e+03 5.971077e+03
20.5 5.875812e+03 6.074975e+03 5.971578e+03 5.772414e+03
21.5 5.888729e+03 5.984460e+03 5.967816e+03 5.872084e+03
0.9 5.690683e+03 5.607740e+03 5.992518e+03 6.075462e+03
1.9 5.620369e+03 5.666738e+03 5.968986e+03 5.922617e+03
2.9 5.693456e+03 5.603751e+03 6.027759e+03 6.117463e+03
3.9 5.905337e+03 5.906881e+03 6.045432e+03 6.043889e+03
4.9 5.758945e+03 5.745920e+03 5.981865e+03 5.994891e+03
5.9 5.728043e+03 5.791574e+03 5.977786e+03 5.914256e+03
6.9 5.834437e+03 5.850730e+03 6.035065e+03 6.018772e+03
7.9 5.882689e+03 5.831713e+03 6.014040e+03 6.065016e+03
8.9 5.629178e+03 5.515203e+03 5.958647e+03 6.072621e+03
9.9 5.512341e+03 5.502111e+03 5.994819e+03 6.005049e+03
10.9 5.655989e+03 5.629528e+03 6.036323e+03 6.062785e+03
11.9 5.878205e+03 5.862403e+03 5.982384e+03 5.998185e+03
12.9 5.699824e+03 5.793652e+03 5.893325e+03 5.799497e+03
13.9 6.358939e+03 6.078412e+03 5.871945e+03 6.152472e+03
14.9 6.186468e+03 6.241016e+03 5.959947e+03 5.905399e+03
15.9 6.002927e+03 6.046254e+03 6.014405e+03 5.971077e+03
16.9 5.875812e+03 6.074975e+03 5.971578e+03 5.772414e+03
17.9 5.888729e+03 5.984460e+03 5.967816e+03 5.872084e+03
18.9 5.897951e+03 5.916347e+03 6.033113e+03 6.014717e+03
19.9 5.776718e+03 5.860089e+03 6.026008e+03 5.942637e+03
20.9 5.578715e+03 5.714592e+03 5.941297e+03 5.805420e+03
21.9 5.692732e+03 5.729271e+03 5.871179e+03 5.834641e+03
0.3 5.905337e+03 5.906881e+03 6.045432e+03 6.043889e+03
1.3 5.758945e+03 5.745920e+03 5.981865e+03 5.994891e+03
2.3 5.728043e+03 5.791574e+03 5.977786e+03 5.914256e+03
3.3 5.834437e+03 5.850730e+03 6.035065e+03 6.018772e+03
4.3 5.882689e+03 5.831713e+03 6.014040e+03 6.065016e+03
5.3 5.629178e+03 5.515203e+03 5.958647e+03 6.072621e+03
6.3 5.512341e+03 5.502111e+03 5.994819e+03 6.005049e+03
7.3 5.655989e+03 5.629528e+03 6.036323e+03 6.062785e+03
8.3 5.878205e+03 5.862403e+03 5.982384e+03 5.998185e+03
9.3 5.699824e+03 5.793652e+03 5.893325e+03 5.799497e+03
10.3 6.358939e+03 6.078412e+03 5.871945e+03 6.152472e+03
11.3 6.186468e+03 6.241016e+03 5.959947e+03 5.905399e+03
12.3 6.002927e+03 6.046254e+03 6.014405e+03 5.971077e+03
13.3 5.875812e+03 6.074975e+03 5.971578e+03 5.772414e+03
14.3 5.888729e+03 5.984460e+03 5.967816e+03 5.872084e+03
15.3 5.897951e+03 5.916347e+03 6.033113e+03 6.014717e+03
16.3 5.776718e+03 5.860089e+03 6.026008e+03 5.942637e+03
17.3 5.578715e+03 5.714592e+03 5.941297e+03 5.805420e+03
18.3 5.692732e+03 5.729271e+03 5.871179e+03 5.834641e+03
19.3 5.802193e+03 5.738492e+03 5.912095e+03 5.975796e+03
20.3 6.136958e+03 6.121087e+03 6.003618e+03 6.019489e+03
21.3 6.012123e+03 6.119799e+03 5.998596e+03 5.890921e+03
0.7 5.882689e+03 5.831713e+03 6.014040e+03 6.065016e+03
1.7 5.629178e+03 5.515203e+03 5.958647e+03 6.072621e+03
2.7 5.512341e+03 5.502111e+03 5.994819e+03 6.005049e+03
3.7 5.655989e+03 5.629528e+03 6.036323e+03 6.062785e+03
4.7 5.878205e+03 5.862403e+03 5.982384e+03 5.998185e+03
5.7 5.699824e+03 5.793652e+03 5.893325e+03 5.799497e+03
6.7 6.358939e+03 6.078412e+03 5.871945e+03 6.152472e+03
7.7 6.186468e+03 6.241016e+03 5.959947e+03 5.905399e+03
8.7 6.002927e+03 6.046254e+03 6.014405e+03 5.971077e+03
9.7 5.875812e+03 6.074975e+03 5.971578e+03 5.772414e+03
10.7 5.888729e+03 5.984460e+03 5.967816e+03 5.872084e+03
11.7 5.897951e+03 5.916347e+03 6.033113e+03 6.014717e+03
12.7 5.776718e+03 5.860089e+03 6.026008e+03 5.942637e+03
13.7 5.578715e+03 5.714592e+03 5.941297e+03 5.805420e+03
14.7 5.692732e+03 5.729271e+03 5.871179e+03 5.834641e+03
15.7 5.802193e+03 5.738492e+03 5.912095e+03 5.975796e+03
16.7 6.136958e+03 6.121087e+03 6.003618e+03 6.019489e+03
17.7 6.012123e+03 6.119799e+03 5.998596e+03 5.890921e+03
18.7 5.909664e+03 6.056437e+03 5.921726e+03 5.774953e+03
19.7 6.025530e+03 6.155735e+03 5.849405e+03 5.719200e+03
20.7 5.958628e+03 5.786631e+03 5.817367e+03 5.989365e+03
21.7 5.692892e+03 5.715811e+03 5.884182e+03 5.861263e+03
0.8 5.699824e+03 5.793652e+03 5.893325e+03 5.799497e+03
1.8 6.358939e+03 6.078412e+03 5.871945e+03 6.152472e+03
2.8 6.186468e+03 6.241016e+03 5.959947e+03 5.905399e+03
3.8 6.002927e+03 6.046254e+03 6.014405e+03 5.971077e+03
4.8 5.875812e+03 6.074975e+03 5.971578e+03 5.772414e+03
5.8 5.888729e+03 5.984460e+03 5.967816e+03 5.872084e+03
6.8 5.897951e+03 5.916347e+03 6.033113e+03 6.014717e+03
7.8 5.776718e+03 5.860089e+03 6.026008e+03 5.942637e+03
8.8 5.578715e+03 5.714592e+03 5.941297e+03 5.805420e+03
9.8 5.692732e+03 5.729271e+03 5.871179e+03 5.834641e+03
10.8 5.802193e+03 5.738492e+03 5.912095e+03 5.975796e+03
11.8 6.136958e+03 6.121087e+03 6.003618e+03 6.019489e+03
12.8 6.012123e+03 6.119799e+03 5.998596e+03 5.890921e+03
13.8 5.909664e+03 6.056437e+03 5.921726e+03 5.774953e+03
14.8 6.025530e+03 6.155735e+03 5.849405e+03 5.719200e+03
15.8 5.958628e+03 5.786631e+03 5.817367e+03 5.989365e+03
16.8 5.692892e+03 5.715811e+03 5.884182e+03 5.861263e+03
17.8 6.016404e+03 5.853079e+03 5.996417e+03 6.159742e+03
18.8 5.978171e+03 5.931550e+03 6.007212e+03 6.053833e+03
19.8 5.654828e+03 5.699177e+03 5.935695e+03 5.891345e+03
20.8 5.515585e+03 5.591314e+03 5.862032e+03 5.786302e+03
21.8 5.618493e+03 5.663693e+03 5.825477e+03 5.780277e+03
0.2 6.002927e+03 6.046254e+03 6.014405e+03 5.971077e+03
1.2 5.875812e+03 6.074975e+03 5.971578e+03 5.772414e+03
2.2 5.888729e+03 5.984460e+03 5.967816e+03 5.872084e+03
3.2 5.897951e+03 5.916347e+03 6.033113e+03 6.014717e+03
4.2 5.776718e+03 5.860089e+03 6.026008e+03 5.942637e+03
5.2 5.578715e+03 5.714592e+03 5.941297e+03 5.805420e+03
6.2 5.692732e+03 5.729271e+03 5.871179e+03 5.834641e+03
7.2 5.802193e+03 5.738492e+03 5.912095e+03 5.975796e+03
8.2 6.136958e+03 6.121087e+03 6.003618e+03 6.019489e+03
9.2 6.012123e+03 6.119799e+03 5.998596e+03 5.890921e+03
10.2 5.909664e+03 6.056437e+03 5.921726e+03 5.774953e+03
11.2 6.025530e+03 6.155735e+03 5.849405e+03 5.719200e+03
12.2 5.958628e+03 5.786631e+03 5.817367e+03 5.989365e+03
13.2 5.692892e+03 5.715811e+03 5.884182e+03 5.861263e+03
14.2 6.016404e+03 5.853079e+03 5.996417e+03 6.159742e+03
15.2 5.978171e+03 5.931550e+03 6.007212e+03 6.053833e+03
16.2 5.654828e+03 5.699177e+03 5.935695e+03 5.891345e+03
17.2 5.515585e+03 5.591314e+03 5.862032e+03 5.786302e+03
18.2 5.618493e+03 5.663693e+03 5.825477e+03 5.780277e+03
19.2 5.752403e+03 5.865924e+03 5.886334e+03 5.772813e+03
20.2 5.759910e+03 5.648228e+03 5.997382e+03 6.109063e+03
21.2 6.071312e+03 5.986326e+03 6.010335e+03 6.095321e+03
0.4 5.578715e+03 5.714592e+03 5.941297e+03 5.805420e+03
1.4 5.692732e+03 5.729271e+03 5.871179e+03 5.834641e+03
2.4 5.802193e+03 5.738492e+03 5.912095e+03 5.975796e+03
3.4 6.136958e+03 6.121087e+03 6.003618e+03 6.019489e+03
4.4 6.012123e+03 6.119799e+03 5.998596e+03 5.890921e+03
5.4 5.909664e+03 6.056437e+03 5.921726e+03 5.774953e+03
6.4 6.025530e+03 6.155735e+03 5.849405e+03 5.719200e+03
7.4 5.958628e+03 5.786631e+03 5.817367e+03 5.989365e+03
8.4 5.692892e+03 5.715811e+03 5.884182e+03 5.861263e+03
9.4 6.016404e+03 5.853079e+03 5.996417e+03 6.159742e+03
10.4 5.978171e+03 5.931550e+03 6.007212e+03 6.053833e+03
11.4 5.654828e+03 5.699177e+03 5.935695e+03 5.891345e+03
12.4 5.515585e+03 5.591314e+03 5.862032e+03 5.786302e+03
13.4 5.618493e+03 5.663693e+03 5.825477e+03 5.780277e+03
14.4 5.752403e+03 5.865924e+03 5.886334e+03 5.772813e+03
15.4 5.759910e+03 5.648228e+03 5.997382e+03 6.109063e+03
16.4 6.071312e+03 5.986326e+03 6.010335e+03 6.095321e+03
17.4 6.202824e+03 6.084911e+03 5.967447e+03 6.085361e+03
18.4 6.275018e+03 6.095259e+03 6.005177e+03 6.184936e+03
19.4 6.000612e+03 6.029734e+03 6.051423e+03 6.022301e+03
20.4 5.973213e+03 5.867370e+03 6.002122e+03 6.107965e+03
21.4 5.699173e+03 5.801894e+03 5.963861e+03 5.861141e+03
0.3 6.025530e+03 6.155735e+03 5.849405e+03 5.719200e+03
1.3 5.958628e+03 5.786631e+03 5.817367e+03 5.989365e+03
2.3 5.692892e+03 5.715811e+03 5.884182e+03 5.861263e+03
3.3 6.016404e+03 5.853079e+03 5.996417e+03 6.159742e+03
4.3 5.978171e+03 5.931550e+03 6.007212e+03 6.053833e+03
5.3 5.654828e+03 5.699177e+03 5.935695e+03 5.891345e+03
6.3 5.515585e+03 5.591314e+03 5.862032e+03 5.786302e+03
7.3 5.618493e+03 5.663693e+03 5.825477e+03 5.780277e+03
8.3 5.752403e+03 5.865924e+03 5.886334e+03 5.772813e+03
9.3 5.759910e+03 5.648228e+03 5.997382e+03 6.109063e+03
10.3 6.071312e+03 5.986326e+03 6.010335e+03 6.095321e+03
11.3 6.202824e+03 6.084911e+03 5.967447e+03 6.085361e+03
12.3 6.275018e+03 6.095259e+03 6.005177e+03 6.184936e+03
13.3 6.000612e+03 6.029734e+03 6.051423e+03 6.022301e+03
14.3 5.973213e+03 5.867370e+03 6.002122e+03 6.107965e+03
15.3 5.699173e+03 5.801894e+03 5.963861e+03 5.861141e+03
16.3 6.033968e+03 5.875691e+03 6.017394e+03 6.175670e+03
17.3 5.861837e+03 5.678226e+03 6.031936e+03 6.215547e+03
18.3 5.736232e+03 5.584681e+03 5.957851e+03 6.109402e+03
19.3 5.619435e+03 5.682418e+03 5.876087e+03 5.813104e+03
20.3 5.796965e+03 5.791261e+03 5.889888e+03 5.895593e+03
21.3 5.808912e+03 5.786873e+03 5.986762e+03 6.008801e+03
0.3 5.515585e+03 5.591314e+03 5.862032e+03 5.786302e+03
1.3 5.618493e+03 5.663693e+03 5.825477e+03 5.780277e+03
2.3 5.752403e+03 5.865924e+03 5.886334e+03 5.772813e+03
3.3 5.759910e+03 5.648228e+03 5.997382e+03 6.109063e+03
4.3 6.071312e+03 5.986326e+03 6.010335e+03 6.095321e+03
5.3 6.202824e+03 6.084911e+03 5.967447e+03 6.085361e+03
6.3 6.275018e+03 6.095259e+03 6.005177e+03 6.184936e+03
7.3 6.000612e+03 6.029734e+03 6.051423e+03 6.022301e+03
8.3 5.973213e+03 5.867370e+03 6.002122e+03 6.107965e+03
9.3 5.699173e+03 5.801894e+03 5.963861e+03 5.861141e+03
10.3 6.033968e+03 5.875691e+03 6.017394e+03 6.175670e+03
11.3 5.861837e+03 5.678226e+03 6.031936e+03 6.215547e+03
12.3 5.736232e+03 5.584681e+03 5.957851e+03 6.109402e+03
13.3 5.619435e+03 5.682418e+03 5.876087e+03 5.813104e+03
14.3 5.796965e+03 5.791261e+03 5.889888e+03 5.895593e+03
15.3 5.808912e+03 5.786873e+03 5.986762e+03 6.008801e+03
16.3 6.113945e+03 6.177095e+03 6.008632e+03 5.945482e+03
17.3 5.744376e+03 5.881957e+03 5.940570e+03 5.802989e+03
18.3 5.730829e+03 5.862249e+03 5.863358e+03 5.731937e+03
19.3 5.773590e+03 5.835873e+03 5.818060e+03 5.755778e+03
20.3 5.879144e+03 5.911169e+03 5.859432e+03 5.827407e+03
21.3 5.946033e+03 6.046317e+03 5.976245e+03 5.875961e+03
0.6 6.071312e+03 5.986326e+03 6.010335e+03 6.095321e+03
1.6 6.202824e+03 6.084911e+03 5.967447e+03 6.085361e+03
2.6 6.275018e+03 6.095259e+03 6.005177e+03 6.184936e+03
3.6 6.000612e+03 6.029734e+03 6.051423e+03 6.022301e+03
4.6 5.973213e+03 5.867370e+03 6.002122e+03 6.107965e+03
5.6 5.699173e+03 5.801894e+03 5.963861e+03 5.861141e+03
6.6 6.033968e+03 5.875691e+03 6.017394e+03 6.175670e+03
7.6 5.861837e+03 5.678226e+03 6.031936e+03 6.215547e+03
8.6 5.736232e+03 5.584681e+03 5.957851e+03 6.109402e+03
9.6 5.619435e+03 5.682418e+03 5.876087e+03 5.813104e+03
10.6 5.796965e+03 5.791261e+03 5.889888e+03 5.895593e+03
11.6 5.808912e+03 5.786873e+03 5.986762e+03 6.008801e+03
12.6 6.113945e+03 6.177095e+03 6.008632e+03 5.945482e+03
13.6 5.744376e+03 5.881957e+03 5.940570e+03 5.802989e+03
14.6 5.730829e+03 5.862249e+03 5.863358e+03 5.731937e+03
15.6 5.773590e+03 5.835873e+03 5.818060e+03 5.755778e+03
16.6 5.879144e+03 5.911169e+03 5.859432e+03 5.827407e+03
17.6 5.946033e+03 6.046317e+03 5.976245e+03 5.875961e+03
18.6 5.917229e+03 5.896606e+03 6.015238e+03 6.035861e+03
19.6 5.875139e+03 5.863568e+03 5.954446e+03 5.966016e+03
20.6 5.610587e+03 5.732425e+03 5.876749e+03 5.754912e+03
21.6 5.802101e+03 5.849151e+03 5.827037e+03 5.779987e+03
1.0 5.973213e+03 5.867370e+03 6.002122e+03 6.107965e+03
2.0 5.699173e+03 5.801894e+03 5.963861e+03 5.861141e+03
3.0 6.033968e+03 5.875691e+03 6.017394e+03 6.175670e+03
4.0 5.861837e+03 5.678226e+03 6.031936e+03 6.215547e+03
5.0 5.736232e+03 5.584681e+03 5.957851e+03 6.109402e+03
6.0 5.619435e+03 5.682418e+03 5.876087e+03 5.813104e+03
7.0 5.796965e+03 5.791261e+03 5.889888e+03 5.895593e+03
8.0 5.808912e+03 5.786873e+03 5.986762e+03 6.008801e+03
9.0 6.113945e+03 6.177095e+03 6.008632e+03 5.945482e+03
10.0 5.744376e+03 5.881957e+03 5.940570e+03 5.802989e+03
11.0 5.730829e+03 5.862249e+03 5.863358e+03 5.731937e+03
12.0 5.773590e+03 5.835873e+03 5.818060e+03 5.755778e+03
13.0 5.879144e+03 5.911169e+03 5.859432e+03 5.827407e+03
14.0 5.946033e+03 6.046317e+03 5.976245e+03 5.875961e+03
15.0 5.917229e+03 5.896606e+03 6.015238e+03 6.035861e+03
16.0 5.875139e+03 5.863568e+03 5.954446e+03 5.966016e+03
17.0 5.610587e+03 5.732425e+03 5.876749e+03 5.754912e+03
18.0 5.802101e+03 5.849151e+03 5.827037e+03 5.779987e+03
19.0 5.950186e+03 5.978751e+03 5.859616e+03 5.831051e+03
20.0 6.001640e+03 5.943698e+03 5.973846e+03 6.031788e+03
21.0 6.036385e+03 6.113258e+03 6.018374e+03 5.941500e+03
22.0 5.921135e+03 6.027598e+03 5.960091e+03 5.853628e+03
0.1 5.736232e+03 5.584681e+03 5.957851e+03 6.109402e+03
1.1 5.619435e+03 5.682418e+03 5.876087e+03 5.813104e+03
2.1 5.796965e+03 5.791261e+03 5.889888e+03 5.895593e+03
3.1 5.808912e+03 5.786873e+03 5.986762e+03 6.008801e+03
4.1 6.113945e+03 6.177095e+03 6.008632e+03 5.945482e+03
5.1 5.744376e+03 5.881957e+03 5.940570e+03 5.802989e+03
6.1 5.730829e+03 5.862249e+03 5.863358e+03 5.731937e+03
7.1 5.773590e+03 5.835873e+03 5.818060e+03 5.755778e+03
8.1 5.879144e+03 5.911169e+03 5.859432e+03 5.827407e+03
9.1 5.946033e+03 6.046317e+03 5.976245e+03 5.875961e+03
10.1 5.917229e+03 5.896606e+03 6.015238e+03 6.035861e+03
11.1 5.875139e+03 5.863568e+03 5.954446e+03 5.966016e+03
12.1 5.610587e+03 5.732425e+03 5.876749e+03 5.754912e+03
13.1 5.802101e+03 5.849151e+03 5.827037e+03 5.779987e+03
14.1 5.950186e+03 5.978751e+03 5.859616e+03 5.831051e+03
15.1 6.001640e+03 5.943698e+03 5.973846e+03 6.031788e+03
16.1 6.036385e+03 6.113258e+03 6.018374e+03 5.941500e+03
17.1 5.921135e+03 6.027598e+03 5.960091e+03 5.853628e+03
18.1 6.151008e+03 6.148500e+03 5.881146e+03 5.883654e+03
19.1 5.980136e+03 5.894574e+03 5.825911e+03 5.911473e+03
20.1 5.714031e+03 5.713336e+03 5.795997e+03 5.796692e+03
21.1 5.555884e+03 5.598391e+03 5.783074e+03 5.740567e+03
0.1 5.730829e+03 5.862249e+03 5.863358e+03 5.731937e+03
1.1 5.773590e+03 5.835873e+03 5.818060e+03 5.755778e+03
2.1 5.879144e+03 5.911169e+03 5.859432e+03 5.827407e+03
3.1 5.946033e+03 6.046317e+03 5.976245e+03 5.875961e+03
4.1 5.917229e+03 5.896606e+03 6.015238e+03 6.035861e+03
5.1 5.875139e+03 5.863568e+03 5.954446e+03 5.966016e+03
6.1 5.610587e+03 5.732425e+03 5.876749e+03 5.754912e+03
7.1 5.802101e+03 5.849151e+03 5.827037e+03 5.779987e+03
8.1 5.950186e+03 5.978751e+03 5.859616e+03 5.831051e+03
9.1 6.001640e+03 5.943698e+03 5.973846e+03 6.031788e+03
10.1 6.036385e+03 6.113258e+03 6.018374e+03 5.941500e+03
11.1 5.921135e+03 6.027598e+03 5.960091e+03 5.853628e+03
12.1 6.151008e+03 6.148500e+03 5.881146e+03 5.883654e+03
13.1 5.980136e+03 5.894574e+03 5.825911e+03 5.911473e+03
14.1 5.714031e+03 5.713336e+03 5.795997e+03 5.796692e+03
15.1 5.555884e+03 5.598391e+03 5.783074e+03 5.740567e+03
16.1 5.606823e+03 5.606858e+03 5.780624e+03 5.780589e+03
17.1 5.549362e+03 5.585171e+03 5.796687e+03 5.760879e+03
18.1 5.678468e+03 5.638401e+03 5.892275e+03 5.932343e+03
19.1 5.896777e+03 5.877598e+03 6.014898e+03 6.034076e+03
20.1 5.660034e+03 5.649317e+03 6.024701e+03 6.035418e+03
21.1 5.909217e+03 5.841969e+03 5.949541e+03 6.016788e+03
1.0 5.802101e+03 5.849151e+03 5.827037e+03 5.779987e+03
2.0 5.950186e+03 5.978751e+03 5.859616e+03 5.831051e+03
3.0 6.001640e+03 5.943698e+03 5.973846e+03 6.031788e+03
4.0 6.036385e+03 6.113258e+03 6.018374e+03 5.941500e+03
5.0 5.921135e+03 6.027598e+03 5.960091e+03 5.853628e+03
6.0 6.151008e+03 6.148500e+03 5.881146e+03 5.883654e+03
7.0 5.980136e+03 5.894574e+03 5.825911e+03 5.911473e+03
8.0 5.714031e+03 5.713336e+03 5.795997e+03 5.796692e+03
9.0 5.555884e+03 5.598391e+03 5.783074e+03 5.740567e+03
10.0 5.606823e+03 5.606858e+03 5.780624e+03 5.780589e+03
11.0 5.549362e+03 5.585171e+03 5.796687e+03 5.760879e+03
12.0 5.678468e+03 5.638401e+03 5.892275e+03 5.932343e+03
13.0 5.896777e+03 5.877598e+03 6.014898e+03 6.034076e+03
14.0 5.660034e+03 5.649317e+03 6.024701e+03 6.035418e+03
15.0 5.909217e+03 5.841969e+03 5.949541e+03 6.016788e+03
16.0 5.985893e+03 5.886955e+03 5.893223e+03 5.992162e+03
17.0 5.948737e+03 5.894355e+03 5.947028e+03 6.001410e+03
18.0 5.945974e+03 5.921544e+03 6.025268e+03 6.049698e+03
19.0 5.832748e+03 5.836291e+03 5.999527e+03 5.995985e+03
20.0 5.651341e+03 5.683880e+03 5.915994e+03 5.883455e+03
21.0 5.775777e+03 5.717755e+03 5.877274e+03 5.935297e+03
22.0 5.733257e+03 5.724859e+03 5.951903e+03 5.960301e+03
0.3 5.606823e+03 5.606858e+03 5.780624e+03 5.780589e+03
1.3 5.549362e+03 5.585171e+03 5.796687e+03 5.760879e+03
2.3 5.678468e+03 5.638401e+03 5.892275e+03 5.932343e+03
3.3 5.896777e+03 5.877598e+03 6.014898e+03 6.034076e+03
4.3 5.660034e+03 5.649317e+03 6.024701e+03 6.035418e+03
5.3 5.909217e+03 5.841969e+03 5.949541e+03 6.016788e+03
6.3 5.985893e+03 5.886955e+03 5.893223e+03 5.992162e+03
7.3 5.948737e+03 5.894355e+03 5.947028e+03 6.001410e+03
8.3 5.945974e+03 5.921544e+03 6.025268e+03 6.049698e+03
9.3 5.832748e+03 5.836291e+03 5.999527e+03 5.995985e+03
10.3 5.651341e+03 5.683880e+03 5.915994e+03 5.883455e+03
11.3 5.775777e+03 5.717755e+03 5.877274e+03 5.935297e+03
12.3 5.733257e+03 5.724859e+03 5.951903e+03 5.960301e+03
13.3 5.688931e+03 5.759833e+03 6.021097e+03 5.950195e+03
14.3 5.727862e+03 5.726218e+03 5.982285e+03 5.983928e+03
15.3 5.708336e+03 5.708067e+03 5.900292e+03 5.900561e+03
16.3 5.837026e+03 5.810087e+03 5.878975e+03 5.905914e+03
17.3 6.100533e+03 6.045380e+03 5.965423e+03 6.020576e+03
18.3 6.163369e+03 6.179837e+03 6.021297e+03 6.004829e+03
19.3 5.968164e+03 6.050097e+03 5.970928e+03 5.888995e+03
20.3 5.978827e+03 5.969009e+03 5.888126e+03 5.897943e+03
21.3 6.195083e+03 6.107008e+03 5.828550e+03 5.916626e+03
0.5 5.909217e+03 5.841969e+03 5.949541e+03 6.016788e+03
1.5 5.985893e+03 5.886955e+03 5.893223e+03 5.992162e+03
2.5 5.948737e+03 5.894355e+03 5.947028e+03 6.001410e+03
3.5 5.945974e+03 5.921544e+03 6.025268e+03 6.049698e+03
4.5 5.832748e+03 5.836291e+03 5.999527e+03 5.995985e+03
5.5 5.651341e+03 5.683880e+03 5.915994e+03 5.883455e+03
6.5 5.775777e+03 5.717755e+03 5.877274e+03 5.935297e+03
7.5 5.733257e+03 5.724859e+03 5.951903e+03 5.960301e+03
8.5 5.688931e+03 5.759833e+03 6.021097e+03 5.950195e+03
9.5 5.727862e+03 5.726218e+03 5.982285e+03 5.983928e+03
10.5 5.708336e+03 5.708067e+03 5.900292e+03 5.900561e+03
11.5 5.837026e+03 5.810087e+03 5.878975e+03 5.905914e+03
12.5 6.100533e+03 6.045380e+03 5.965423e+03 6.020576e+03
13.5 6.163369e+03 6.179837e+03 6.021297e+03 6.004829e+03
14.5 5.968164e+03 6.050097e+03 5.970928e+03 5.888995e+03
15.5 5.978827e+03 5.969009e+03 5.888126e+03 5.897943e+03
16.5 6.195083e+03 6.107008e+03 5.828550e+03 5.916626e+03
17.5 5.973873e+03 5.896519e+03 5.837156e+03 5.914510e+03
18.5 5.710194e+03 5.852091e+03 5.944797e+03 5.802899e+03
19.5 6.295395e+03 6.310440e+03 6.017413e+03 6.002368e+03
20.5 6.125516e+03 6.041669e+03 5.983713e+03 6.067560e+03
21.5 5.637882e+03 5.763168e+03 5.978311e+03 5.853025e+03
0.7 5.651341e+03 5.683880e+03 5.915994e+03 5.883455e+03
1.7 5.775777e+03 5.717755e+03 5.877274e+03 5.935297e+03
2.7 5.733257e+03 5.724859e+03 5.951903e+03 5.960301e+03
3.7 5.688931e+03 5.759833e+03 6.021097e+03 5.950195e+03
4.7 5.727862e+03 5.726218e+03 5.982285e+03 5.983928e+03
5.7 5.708336e+03 5.708067e+03 5.900292e+03 5.900561e+03
6.7 5.837026e+03 5.810087e+03 5.878975e+03 5.905914e+03
7.7 6.100533e+03 6.045380e+03 5.965423e+03 6.020576e+03
8.7 6.163369e+03 6.179837e+03 6.021297e+03 6.004829e+03
9.7 5.968164e+03 6.050097e+03 5.970928e+03 5.888995e+03
10.7 5.978827e+03 5.969009e+03 5.888126e+03 5.897943e+03
11.7 6.195083e+03 6.107008e+03 5.828550e+03 5.916626e+03
12.7 5.973873e+03 5.896519e+03 5.837156e+03 5.914510e+03
13.7 5.710194e+03 5.852091e+03 5.944797e+03 5.802899e+03
14.7 6.295395e+03 6.310440e+03 6.017413e+03 6.002368e+03
15.7 6.125516e+03 6.041669e+03 5.983713e+03 6.067560e+03
16.7 5.637882e+03 5.763168e+03 5.978311e+03 5.853025e+03
17.7 5.821522e+03 6.046561e+03 6.041503e+03 5.816464e+03
18.7 6.298648e+03 6.371114e+03 6.034528e+03 5.962063e+03
19.7 6.136533e+03 5.997350e+03 5.948213e+03 6.087397e+03
20.7 5.870548e+03 5.762268e+03 5.861444e+03 5.969724e+03
21.7 6.083119e+03 6.020937e+03 5.812970e+03 5.875152e+03
0.8 5.708336e+03 5.708067e+03 5.900292e+03 5.900561e+03
1.8 5.837026e+03 5.810087e+03 5.878975e+03 5.905914e+03
2.8 6.100533e+03 6.045380e+03 5.965423e+03 6.020576e+03
3.8 6.163369e+03 6.179837e+03 6.021297e+03 6.004829e+03
4.8 5.968164e+03 6.050097e+03 5.970928e+03 5.888995e+03
5.8 5.978827e+03 5.969009e+03 5.888126e+03 5.897943e+03
6.8 6.195083e+03 6.107008e+03 5.828550e+03 5.916626e+03
7.8 5.973873e+03 5.896519e+03 5.837156e+03 5.914510e+03
8.8 5.710194e+03 5.852091e+03 5.944797e+03 5.802899e+03
9.8 6.295395e+03 6.310440e+03 6.017413e+03 6.002368e+03
10.8 6.125516e+03 6.041669e+03 5.983713e+03 6.067560e+03
11.8 5.637882e+03 5.763168e+03 5.978311e+03 5.853025e+03
12.8 5.821522e+03 6.046561e+03 6.041503e+03 5.816464e+03
13.8 6.298648e+03 6.371114e+03 6.034528e+03 5.962063e+03
14.8 6.136533e+03 5.997350e+03 5.948213e+03 6.087397e+03
15.8 5.870548e+03 5.762268e+03 5.861444e+03 5.969724e+03
16.8 6.083119e+03 6.020937e+03 5.812970e+03 5.875152e+03
17.8 5.957587e+03 5.968168e+03 5.856669e+03 5.846088e+03
18.8 6.253899e+03 6.274850e+03 5.974452e+03 5.953502e+03
19.8 5.823915e+03 5.813624e+03 6.011434e+03 6.021725e+03
20.8 5.885083e+03 5.937445e+03 5.969980e+03 5.917618e+03
21.8 5.947592e+03 6.130561e+03 5.995714e+03 5.812746e+03
0.8 6.195083e+03 6.107008e+03 5.828550e+03 5.916626e+03
1.8 5.973873e+03 5.896519e+03 5.837156e+03 5.914510e+03
2.8 5.710194e+03 5.852091e+03 5.944797e+03 5.802899e+03
3.8 6.295395e+03 6.310440e+03 6.017413e+03 6.002368e+03
4.8 6.125516e+03 6.041669e+03 5.983713e+03 6.067560e+03
5.8 5.637882e+03 5.763168e+03 5.978311e+03 5.853025e+03
6.8 5.821522e+03 6.046561e+03 6.041503e+03 5.816464e+03
7.8 6.298648e+03 6.371114e+03 6.034528e+03 5.962063e+03
8.8 6.136533e+03 5.997350e+03 5.948213e+03 6.087397e+03
9.8 5.870548e+03 5.762268e+03 5.861444e+03 5.969724e+03
10.8 6.083119e+03 6.020937e+03 5.812970e+03 5.875152e+03
11.8 5.957587e+03 5.968168e+03 5.856669e+03 5.846088e+03
12.8 6.253899e+03 6.274850e+03 5.974452e+03 5.953502e+03
13.8 5.823915e+03 5.813624e+03 6.011434e+03 6.021725e+03
14.8 5.885083e+03 5.937445e+03 5.969980e+03 5.917618e+03
15.8 5.947592e+03 6.130561e+03 5.995714e+03 5.812746e+03
16.8 6.167435e+03 6.175698e+03 6.051052e+03 6.042790e+03
17.8 6.040369e+03 5.864349e+03 6.011848e+03 6.187868e+03
18.8 6.169406e+03 5.927280e+03 5.918518e+03 6.160644e+03
19.8 6.260459e+03 6.123853e+03 5.871549e+03 6.008156e+03
20.8 6.058137e+03 5.922532e+03 5.942059e+03 6.077664e+03
21.8 6.179172e+03 5.991669e+03 6.014522e+03 6.202025e+03
0.1 6.295395e+03 6.310440e+03 6.017413e+03 6.002368e+03
1.1 6.125516e+03 6.041669e+03 5.983713e+03 6.067560e+03
2.1 5.637882e+03 5.763168e+03 5.978311e+03 5.853025e+03
3.1 5.821522e+03 6.046561e+03 6.041503e+03 5.816464e+03
4.1 6.298648e+03 6.371114e+03 6.034528e+03 5.962063e+03
5.1 6.136533e+03 5.997350e+03 5.948213e+03 6.087397e+03
6.1 5.870548e+03 5.762268e+03 5.861444e+03 5.969724e+03
7.1 6.083119e+03 6.020937e+03 5.812970e+03 5.875152e+03
8.1 5.957587e+03 5.968168e+03 5.856669e+03 5.846088e+03
9.1 6.253899e+03 6.274850e+03 5.974452e+03 5.953502e+03
10.1 5.823915e+03 5.813624e+03 6.011434e+03 6.021725e+03
11.1 5.885083e+03 5.937445e+03 5.969980e+03 5.917618e+03
12.1 5.947592e+03 6.130561e+03 5.995714e+03 5.812746e+03
13.1 6.167435e+03 6.175698e+03 6.051052e+03 6.042790e+03
14.1 6.040369e+03 5.864349e+03 6.011848e+03 6.187868e+03
15.1 6.169406e+03 5.927280e+03 5.918518e+03 6.160644e+03
16.1 6.260459e+03 6.123853e+03 5.871549e+03 6.008156e+03
17.1 6.058137e+03 5.922532e+03 5.942059e+03 6.077664e+03
18.1 6.179172e+03 5.991669e+03 6.014522e+03 6.202025e+03
19.1 6.052110e+03 6.017841e+03 5.983626e+03 6.017895e+03
20.1 6.003833e+03 6.023259e+03 5.963379e+03 5.943952e+03
21.1 5.879387e+03 5.947071e+03 6.025200e+03 5.957516e+03
0.1 5.870548e+03 5.762268e+03 5.861444e+03 5.969724e+03
1.1 6.083119e+03 6.020937e+03 5.812970e+03 5.875152e+03
2.1 5.957587e+03 5.968168e+03 5.856669e+03 5.846088e+03
3.1 6.253899e+03 6.274850e+03 5.974452e+03 5.953502e+03
4.1 5.823915e+03 5.813624e+03 6.011434e+03 6.021725e+03
5.1 5.885083e+03 5.937445e+03 5.969980e+03 5.917618e+03
6.1 5.947592e+03 6.130561e+03 5.995714e+03 5.812746e+03
7.1 6.167435e+03 6.175698e+03 6.051052e+03 6.042790e+03
8.1 6.040369e+03 5.864349e+03 6.011848e+03 6.187868e+03
9.1 6.169406e+03 5.927280e+03 5.918518e+03 6.160644e+03
10.1 6.260459e+03 6.123853e+03 5.871549e+03 6.008156e+03
11.1 6.058137e+03 5.922532e+03 5.942059e+03 6.077664e+03
12.1 6.179172e+03 5.991669e+03 6.014522e+03 6.202025e+03
13.1 6.052110e+03 6.017841e+03 5.983626e+03 6.017895e+03
14.1 6.003833e+03 6.023259e+03 5.963379e+03 5.943952e+03
15.1 5.879387e+03 5.947071e+03 6.025200e+03 5.957516e+03
16.1 5.993054e+03 5.984121e+03 6.035646e+03 6.044578e+03
17.1 5.827433e+03 5.919127e+03 5.973142e+03 5.881448e+03
18.1 5.767087e+03 5.907693e+03 5.979896e+03 5.839289e+03
19.1 6.021836e+03 6.045339e+03 6.036122e+03 6.012620e+03
20.1 5.910789e+03 5.945970e+03 6.007624e+03 5.972442e+03
21.1 5.949080e+03 6.041194e+03 5.957358e+03 5.865243e+03
0.5 5.823915e+03 5.813624e+03 6.011434e+03 6.021725e+03
1.5 5.885083e+03 5.937445e+03 5.969980e+03 5.917618e+03
2.5 5.947592e+03 6.130561e+03 5.995714e+03 5.812746e+03
3.5 6.167435e+03 6.175698e+03 6.051052e+03 6.042790e+03
4.5 6.040369e+03 5.864349e+03 6.011848e+03 6.187868e+03
5.5 6.169406e+03 5.927280e+03 5.918518e+03 6.160644e+03
6.5 6.260459e+03 6.123853e+03 5.871549e+03 6.008156e+03
7.5 6.058137e+03 5.922532e+03 5.942059e+03 6.077664e+03
8.5 6.179172e+03 5.991669e+03 6.014522e+03 6.202025e+03
9.5 6.052110e+03 6.017841e+03 5.983626e+03 6.017895e+03
10.5 6.003833e+03 6.023259e+03 5.963379e+03 5.943952e+03
11.5 5.879387e+03 5.947071e+03 6.025200e+03 5.957516e+03
12.5 5.993054e+03 5.984121e+03 6.035646e+03 6.044578e+03
13.5 5.827433e+03 5.919127e+03 5.973142e+03 5.881448e+03
14.5 5.767087e+03 5.907693e+03 5.979896e+03 5.839289e+03
15.5 6.021836e+03 6.045339e+03 6.036122e+03 6.012620e+03
16.5 5.910789e+03 5.945970e+03 6.007624e+03 5.972442e+03
17.5 5.949080e+03 6.041194e+03 5.957358e+03 5.865243e+03
18.5 5.885533e+03 6.000493e+03 6.000655e+03 5.885695e+03
19.5 6.153256e+03 6.142403e+03 6.035262e+03 6.046116e+03
20.5 5.917972e+03 5.950029e+03 5.974804e+03 5.942746e+03
21.5 5.975693e+03 5.962100e+03 5.886814e+03 5.900408e+03
0.6 6.169406e+03 5.927280e+03 5.918518e+03 6.160644e+03
1.6 6.260459e+03 6.123853e+03 5.871549e+03 6.008156e+03
2.6 6.058137e+03 5.922532e+03 5.942059e+03 6.077664e+03
3.6 6.179172e+03 5.991669e+03 6.014522e+03 6.202025e+03
4.6 6.052110e+03 6.017841e+03 5.983626e+03 6.017895e+03
5.6 6.003833e+03 6.023259e+03 5.963379e+03 5.943952e+03
6.6 5.879387e+03 5.947071e+03 6.025200e+03 5.957516e+03
7.6 5.993054e+03 5.984121e+03 6.035646e+03 6.044578e+03
8.6 5.827433e+03 5.919127e+03 5.973142e+03 5.881448e+03
9.6 5.767087e+03 5.907693e+03 5.979896e+03 5.839289e+03
10.6 6.021836e+03 6.045339e+03 6.036122e+03 6.012620e+03
11.6 5.910789e+03 5.945970e+03 6.007624e+03 5.972442e+03
12.6 5.949080e+03 6.041194e+03 5.957358e+03 5.865243e+03
13.6 5.885533e+03 6.000493e+03 6.000655e+03 5.885695e+03
14.6 6.153256e+03 6.142403e+03 6.035262e+03 6.046116e+03
15.6 5.917972e+03 5.950029e+03 5.974804e+03 5.942746e+03
16.6 5.975693e+03 5.962100e+03 5.886814e+03 5.900408e+03
17.6 6.027884e+03 6.132793e+03 5.873253e+03 5.768345e+03
18.6 5.993486e+03 6.019554e+03 5.965071e+03 5.939004e+03
19.6 6.084926e+03 6.029731e+03 6.013768e+03 6.068963e+03
20.6 6.111434e+03 6.168934e+03 5.959410e+03 5.901909e+03
21.6 5.810883e+03 5.916076e+03 5.883858e+03 5.778665e+03
1.0 6.052110e+03 6.017841e+03 5.983626e+03 6.017895e+03
2.0 6.003833e+03 6.023259e+03 5.963379e+03 5.943952e+03
3.0 5.879387e+03 5.947071e+03 6.025200e+03 5.957516e+03
4.0 5.993054e+03 5.984121e+03 6.035646e+03 6.044578e+03
5.0 5.827433e+03 5.919127e+03 5.973142e+03 5.881448e+03
6.0 5.767087e+03 5.907693e+03 5.979896e+03 5.839289e+03
7.0 6.021836e+03 6.045339e+03 6.036122e+03 6.012620e+03
8.0 5.910789e+03 5.945970e+03 6.007624e+03 5.972442e+03
9.0 5.949080e+03 6.041194e+03 5.957358e+03 5.865243e+03
10.0 5.885533e+03 6.000493e+03 6.000655e+03 5.885695e+03
11.0 6.153256e+03 6.142403e+03 6.035262e+03 6.046116e+03
12.0 5.917972e+03 5.950029e+03 5.974804e+03 5.942746e+03
13.0 5.975693e+03 5.962100e+03 5.886814e+03 5.900408e+03
14.0 6.027884e+03 6.132793e+03 5.873253e+03 5.768345e+03
15.0 5.993486e+03 6.019554e+03 5.965071e+03 5.939004e+03
16.0 6.084926e+03 6.029731e+03 6.013768e+03 6.068963e+03
17.0 6.111434e+03 6.168934e+03 5.959410e+03 5.901909e+03
18.0 5.810883e+03 5.916076e+03 5.883858e+03 5.778665e+03
19.0 5.972484e+03 6.019822e+03 5.893567e+03 5.846229e+03
20.0 6.077093e+03 6.077021e+03 5.989720e+03 5.989793e+03
21.0 5.877014e+03 5.989594e+03 6.016513e+03 5.903934e+03
22.0 5.928053e+03 6.007432e+03 5.949310e+03 5.869931e+03
0.4 5.993054e+03 5.984121e+03 6.035646e+03 6.044578e+03
1.4 5.827433e+03 5.919127e+03 5.973142e+03 5.881448e+03
2.4 5.767087e+03 5.907693e+03 5.979896e+03 5.839289e+03
3.4 6.021836e+03 6.045339e+03 6.036122e+03 6.012620e+03
4.4 5.910789e+03 5.945970e+03 6.007624e+03 5.972442e+03
5.4 5.949080e+03 6.041194e+03 5.957358e+03 5.865243e+03
6.4 5.885533e+03 6.000493e+03 6.000655e+03 5.885695e+03
7.4 6.153256e+03 6.142403e+03 6.035262e+03 6.046116e+03
8.4 5.917972e+03 5.950029e+03 5.974804e+03 5.942746e+03
9.4 5.975693e+03 5.962100e+03 5.886814e+03 5.900408e+03
10.4 6.027884e+03 6.132793e+03 5.873253e+03 5.768345e+03
11.4 5.993486e+03 6.019554e+03 5.965071e+03 5.939004e+03
12.4 6.084926e+03 6.029731e+03 6.013768e+03 6.068963e+03
13.4 6.111434e+03 6.168934e+03 5.959410e+03 5.901909e+03
14.4 5.810883e+03 5.916076e+03 5.883858e+03 5.778665e+03
15.4 5.972484e+03 6.019822e+03 5.893567e+03 5.846229e+03
16.4 6.077093e+03 6.077021e+03 5.989720e+03 5.989793e+03
17.4 5.877014e+03 5.989594e+03 6.016513e+03 5.903934e+03
18.4 5.928053e+03 6.007432e+03 5.949310e+03 5.869931e+03
19.4 5.879309e+03 5.950006e+03 5.869453e+03 5.798756e+03
20.4 5.831779e+03 5.847584e+03 5.820290e+03 5.804485e+03
21.4 6.043797e+03 5.999755e+03 5.854591e+03 5.898633e+03
0.7 5.910789e+03 5.945970e+03 6.007624e+03 5.972442e+03
1.7 5.949080e+03 6.041194e+03 5.957358e+03 5.865243e+03
2.7 5.885533e+03 6.000493e+03 6.000655e+03 5.885695e+03
3.7 6.153256e+03 6.142403e+03 6.035262e+03 6.046116e+03
4.7 5.917972e+03 5.950029e+03 5.974804e+03 5.942746e+03
5.7 5.975693e+03 5.962100e+03 5.886814e+03 5.900408e+03
6.7 6.027884e+03 6.132793e+03 5.873253e+03 5.768345e+03
7.7 5.993486e+03 6.019554e+03 5.965071e+03 5.939004e+03
8.7 6.084926e+03 6.029731e+03 6.013768e+03 6.068963e+03
9.7 6.111434e+03 6.168934e+03 5.959410e+03 5.901909e+03
10.7 5.810883e+03 5.916076e+03 5.883858e+03 5.778665e+03
11.7 5.972484e+03 6.019822e+03 5.893567e+03 5.846229e+03
12.7 6.077093e+03 6.077021e+03 5.989720e+03 5.989793e+03
13.7 5.877014e+03 5.989594e+03 6.016513e+03 5.903934e+03
14.7 5.928053e+03 6.007432e+03 5.949310e+03 5.869931e+03
15.7 5.879309e+03 5.950006e+03 5.869453e+03 5.798756e+03
16.7 5.831779e+03 5.847584e+03 5.820290e+03 5.804485e+03
17.7 6.043797e+03 5.999755e+03 5.854591e+03 5.898633e+03
18.7 6.069038e+03 6.049294e+03 5.970622e+03 5.990366e+03
19.7 6.231359e+03 6.112934e+03 6.016525e+03 6.134950e+03
20.7 6.108297e+03 6.022633e+03 5.959124e+03 6.044788e+03
21.7 5.917400e+03 5.956173e+03 5.887521e+03 5.848748e+03
0.9 5.975693e+03 5.962100e+03 5.886814e+03 5.900408e+03
1.9 6.027884e+03 6.132793e+03 5.873253e+03 5.768345e+03
2.9 5.993486e+03 6.019554e+03 5.965071e+03 5.939004e+03
3.9 6.084926e+03 6.029731e+03 6.013768e+03 6.068963e+03
4.9 6.111434e+03 6.168934e+03 5.959410e+03 5.901909e+03
5.9 5.810883e+03 5.916076e+03 5.883858e+03 5.778665e+03
6.9 5.972484e+03 6.019822e+03 5.893567e+03 5.846229e+03
7.9 6.077093e+03 6.077021e+03 5.989720e+03 5.989793e+03
8.9 5.877014e+03 5.989594e+03 6.016513e+03 5.903934e+03
9.9 5.928053e+03 6.007432e+03 5.949310e+03 5.869931e+03
10.9 5.879309e+03 5.950006e+03 5.869453e+03 5.798756e+03
11.9 5.831779e+03 5.847584e+03 5.820290e+03 5.804485e+03
12.9 6.043797e+03 5.999755e+03 5.854591e+03 5.898633e+03
13.9 6.069038e+03 6.049294e+03 5.970622e+03 5.990366e+03
14.9 6.231359e+03 6.112934e+03 6.016525e+03 6.134950e+03
15.9 6.108297e+03 6.022633e+03 5.959124e+03 6.044788e+03
16.9 5.917400e+03 5.956173e+03 5.887521e+03 5.848748e+03
17.9 6.096886e+03 6.033732e+03 5.906984e+03 5.970138e+03
18.9 6.051217e+03 5.996894e+03 6.001767e+03 6.056090e+03
19.9 6.078852e+03 5.969069e+03 6.016830e+03 6.126613e+03
20.9 6.032877e+03 6.145342e+03 5.967083e+03 5.854619e+03
21.9 6.351285e+03 6.350067e+03 5.994493e+03 5.995710e+03
0.1 6.111434e+03 6.168934e+03 5.959410e+03 5.901909e+03
1.1 5.810883e+03 5.916076e+03 5.883858e+03 5.778665e+03
2.1 5.972484e+03 6.019822e+03 5.893567e+03 5.846229e+03
3.1 6.077093e+03 6.077021e+03 5.989720e+03 5.989793e+03
4.1 5.877014e+03 5.989594e+03 6.016513e+03 5.903934e+03
5.1 5.928053e+03 6.007432e+03 5.949310e+03 5.869931e+03
6.1 5.879309e+03 5.950006e+03 5.869453e+03 5.798756e+03
7.1 5.831779e+03 5.847584e+03 5.820290e+03 5.804485e+03
8.1 6.043797e+03 5.999755e+03 5.854591e+03 5.898633e+03
9.1 6.069038e+03 6.049294e+03 5.970622e+03 5.990366e+03
10.1 6.231359e+03 6.112934e+03 6.016525e+03 6.134950e+03
11.1 6.108297e+03 6.022633e+03 5.959124e+03 6.044788e+03
12.1 5.917400e+03 5.956173e+03 5.887521e+03 5.848748e+03
13.1 6.096886e+03 6.033732e+03 5.906984e+03 5.970138e+03
14.1 6.051217e+03 5.996894e+03 6.001767e+03 6.056090e+03
15.1 6.078852e+03 5.969069e+03 6.016830e+03 6.126613e+03
16.1 6.032877e+03 6.145342e+03 5.967083e+03 5.854619e+03
17.1 6.351285e+03 6.350067e+03 5.994493e+03 5.995710e+03
18.1 6.111975e+03 5.920120e+03 6.046199e+03 6.238055e+03
19.1 6.223260e+03 6.141292e+03 6.004804e+03 6.086772e+03
20.1 6.149099e+03 6.114471e+03 5.963041e+03 5.997668e+03
21.1 6.024867e+03 6.073729e+03 6.013772e+03 5.964910e+03
1.0 5.831779e+03 5.847584e+03 5.820290e+03 5.804485e+03
2.0 6.043797e+03 5.999755e+03 5.854591e+03 5.898633e+03
3.0 6.069038e+03 6.049294e+03 5.970622e+03 5.990366e+03
4.0 6.231359e+03 6.112934e+03 6.016525e+03 6.134950e+03
5.0 6.108297e+03 6.022633e+03 5.959124e+03 6.044788e+03
6.0 5.917400e+03 5.956173e+03 5.887521e+03 5.848748e+03
7.0 6.096886e+03 6.033732e+03 5.906984e+03 5.970138e+03
8.0 6.051217e+03 5.996894e+03 6.001767e+03 6.056090e+03
9.0 6.078852e+03 5.969069e+03 6.016830e+03 6.126613e+03
10.0 6.032877e+03 6.145342e+03 5.967083e+03 5.854619e+03
11.0 6.351285e+03 6.350067e+03 5.994493e+03 5.995710e+03
12.0 6.111975e+03 5.920120e+03 6.046199e+03 6.238055e+03
13.0 6.223260e+03 6.141292e+03 6.004804e+03 6.086772e+03
14.0 6.149099e+03 6.114471e+03 5.963041e+03 5.997668e+03
15.0 6.024867e+03 6.073729e+03 6.013772e+03 5.964910e+03
16.0 6.104999e+03 6.101666e+03 6.033781e+03 6.037113e+03
17.0 6.070613e+03 6.050306e+03 5.962868e+03 5.983175e+03
18.0 5.928353e+03 5.926701e+03 5.874018e+03 5.875670e+03
19.0 5.978452e+03 5.906204e+03 5.814111e+03 5.886359e+03
0.2 6.108297e+03 6.022633e+03 5.959124e+03 6.044788e+03
1.2 5.917400e+03 5.956173e+03 5.887521e+03 5.848748e+03
2.2 6.096886e+03 6.033732e+03 5.906984e+03 5.970138e+03
3.2 6.051217e+03 5.996894e+03 6.001767e+03 6.056090e+03
4.2 6.078852e+03 5.969069e+03 6.016830e+03 6.126613e+03
5.2 6.032877e+03 6.145342e+03 5.967083e+03 5.854619e+03
6.2 6.351285e+03 6.350067e+03 5.994493e+03 5.995710e+03
7.2 6.111975e+03 5.920120e+03 6.046199e+03 6.238055e+03
8.2 6.223260e+03 6.141292e+03 6.004804e+03 6.086772e+03
9.2 6.149099e+03 6.114471e+03 5.963041e+03 5.997668e+03
10.2 6.024867e+03 6.073729e+03 6.013772e+03 5.964910e+03
11.2 6.104999e+03 6.101666e+03 6.033781e+03 6.037113e+03
12.2 6.070613e+03 6.050306e+03 5.962868e+03 5.983175e+03
13.2 5.928353e+03 5.926701e+03 5.874018e+03 5.875670e+03
14.2 5.978452e+03 5.906204e+03 5.814111e+03 5.886359e+03
0.5 6.078852e+03 5.969069e+03 6.016830e+03 6.126613e+03
1.5 6.032877e+03 6.145342e+03 5.967083e+03 5.854619e+03
2.5 6.351285e+03 6.350067e+03 5.994493e+03 5.995710e+03
3.5 6.111975e+03 5.920120e+03 6.046199e+03 6.238055e+03
4.5 6.223260e+03 6.141292e+03 6.004804e+03 6.086772e+03
5.5 6.149099e+03 6.114471e+03 5.963041e+03 5.997668e+03
6.5 6.024867e+03 6.073729e+03 6.013772e+03 5.964910e+03
7.5 6.104999e+03 6.101666e+03 6.033781e+03 6.037113e+03
8.5 6.070613e+03 6.050306e+03 5.962868e+03 5.983175e+03
9.5 5.928353e+03 5.926701e+03 5.874018e+03 5.875670e+03
10.5 5.978452e+03 5.906204e+03 5.814111e+03 5.886359e+03
0.9 6.223260e+03 6.141292e+03 6.004804e+03 6.086772e+03
1.9 6.149099e+03 6.114471e+03 5.963041e+03 5.997668e+03
2.9 6.024867e+03 6.073729e+03 6.013772e+03 5.964910e+03
3.9 6.104999e+03 6.101666e+03 6.033781e+03 6.037113e+03
4.9 6.070613e+03 6.050306e+03 5.962868e+03 5.983175e+03
5.9 5.928353e+03 5.926701e+03 5.874018e+03 5.875670e+03
6.9 5.978452e+03 5.906204e+03 5.814111e+03 5.886359e+03
