0.1 2.266857e+03 2.374669e+03 2.979048e+03 2.871237e+03
1.1 2.425618e+03 2.333138e+03 2.983025e+03 3.075505e+03
2.1 2.154918e+03 2.377690e+03 3.014545e+03 2.791773e+03
3.1 2.321890e+03 2.430358e+03 3.035907e+03 2.927440e+03
4.1 2.455681e+03 2.416599e+03 3.025029e+03 3.064111e+03
5.1 2.333500e+03 2.457246e+03 3.004380e+03 2.880634e+03
6.1 2.105320e+03 2.400568e+03 2.988756e+03 2.693508e+03
7.1 2.328064e+03 2.349115e+03 2.979768e+03 2.958717e+03
8.1 2.209399e+03 2.303118e+03 2.975410e+03 2.881691e+03
9.1 2.147598e+03 2.241375e+03 2.974000e+03 2.880223e+03
10.1 2.252906e+03 2.307230e+03 2.974334e+03 2.920011e+03
11.1 2.367978e+03 2.290020e+03 2.975448e+03 3.053405e+03
12.1 2.627291e+03 2.323533e+03 2.976662e+03 3.280420e+03
13.1 2.520190e+03 2.340750e+03 2.977635e+03 3.157075e+03
14.1 2.184535e+03 2.236954e+03 2.978286e+03 2.925868e+03
15.1 2.429443e+03 2.226526e+03 2.978669e+03 3.181586e+03
16.1 2.285292e+03 2.271494e+03 2.978872e+03 2.992670e+03
17.1 2.356033e+03 2.211505e+03 2.978971e+03 3.123499e+03
18.1 2.408575e+03 2.228644e+03 2.979016e+03 3.158946e+03
19.1 2.231836e+03 2.203539e+03 2.979035e+03 3.007333e+03
20.1 2.286880e+03 2.212872e+03 2.979397e+03 3.053405e+03
0.7 2.286880e+03 2.212872e+03 2.979397e+03 3.053405e+03
1.7 2.205359e+03 2.283673e+03 2.998478e+03 2.920163e+03
2.7 2.230568e+03 2.286460e+03 3.031178e+03 2.975285e+03
3.7 2.407407e+03 2.336014e+03 3.032376e+03 3.103770e+03
4.7 2.377338e+03 2.319425e+03 3.016621e+03 3.074535e+03
5.7 2.407386e+03 2.298239e+03 3.030157e+03 3.139303e+03
6.7 2.465630e+03 2.361528e+03 3.042414e+03 3.146515e+03
7.7 2.322728e+03 2.329787e+03 3.025980e+03 3.018921e+03
8.7 2.414570e+03 2.300790e+03 3.001802e+03 3.115582e+03
9.7 2.311451e+03 2.289050e+03 2.984796e+03 3.007197e+03
10.7 2.231105e+03 2.197231e+03 2.975978e+03 3.009852e+03
11.7 2.272651e+03 2.199459e+03 2.972465e+03 3.045657e+03
12.7 2.363064e+03 2.260197e+03 2.971978e+03 3.074844e+03
13.7 2.278520e+03 2.235943e+03 2.973074e+03 3.015652e+03
14.7 2.496091e+03 2.241551e+03 2.984918e+03 3.239458e+03
15.7 2.426810e+03 2.317012e+03 3.021312e+03 3.131110e+03
16.7 2.391342e+03 2.349517e+03 3.033695e+03 3.075520e+03
17.7 2.123320e+03 2.296212e+03 3.018928e+03 2.846036e+03
18.7 2.399604e+03 2.361166e+03 3.021322e+03 3.059759e+03
19.7 2.334006e+03 2.347156e+03 3.039042e+03 3.025892e+03
20.7 2.179230e+03 2.382600e+03 3.030135e+03 2.826766e+03
0.1 2.407407e+03 2.336014e+03 3.032376e+03 3.103770e+03
1.1 2.377338e+03 2.319425e+03 3.016621e+03 3.074535e+03
2.1 2.407386e+03 2.298239e+03 3.030157e+03 3.139303e+03
3.1 2.465630e+03 2.361528e+03 3.042414e+03 3.146515e+03
4.1 2.322728e+03 2.329787e+03 3.025980e+03 3.018921e+03
5.1 2.414570e+03 2.300790e+03 3.001802e+03 3.115582e+03
6.1 2.311451e+03 2.289050e+03 2.984796e+03 3.007197e+03
7.1 2.231105e+03 2.197231e+03 2.975978e+03 3.009852e+03
8.1 2.272651e+03 2.199459e+03 2.972465e+03 3.045657e+03
9.1 2.363064e+03 2.260197e+03 2.971978e+03 3.074844e+03
10.1 2.278520e+03 2.235943e+03 2.973074e+03 3.015652e+03
11.1 2.496091e+03 2.241551e+03 2.984918e+03 3.239458e+03
12.1 2.426810e+03 2.317012e+03 3.021312e+03 3.131110e+03
13.1 2.391342e+03 2.349517e+03 3.033695e+03 3.075520e+03
14.1 2.123320e+03 2.296212e+03 3.018928e+03 2.846036e+03
15.1 2.399604e+03 2.361166e+03 3.021322e+03 3.059759e+03
16.1 2.334006e+03 2.347156e+03 3.039042e+03 3.025892e+03
17.1 2.179230e+03 2.382600e+03 3.030135e+03 2.826766e+03
18.1 2.492328e+03 2.385096e+03 3.006945e+03 3.114177e+03
19.1 2.403953e+03 2.330895e+03 2.988197e+03 3.061255e+03
20.1 2.412474e+03 2.271306e+03 2.977777e+03 3.118945e+03
0.4 2.278520e+03 2.235943e+03 2.973074e+03 3.015652e+03
1.4 2.496091e+03 2.241551e+03 2.984918e+03 3.239458e+03
2.4 2.426810e+03 2.317012e+03 3.021312e+03 3.131110e+03
3.4 2.391342e+03 2.349517e+03 3.033695e+03 3.075520e+03
4.4 2.123320e+03 2.296212e+03 3.018928e+03 2.846036e+03
5.4 2.399604e+03 2.361166e+03 3.021322e+03 3.059759e+03
6.4 2.334006e+03 2.347156e+03 3.039042e+03 3.025892e+03
7.4 2.179230e+03 2.382600e+03 3.030135e+03 2.826766e+03
8.4 2.492328e+03 2.385096e+03 3.006945e+03 3.114177e+03
9.4 2.403953e+03 2.330895e+03 2.988197e+03 3.061255e+03
10.4 2.412474e+03 2.271306e+03 2.977777e+03 3.118945e+03
11.4 2.377503e+03 2.290748e+03 2.973258e+03 3.060013e+03
12.4 2.184919e+03 2.287069e+03 2.972156e+03 2.870006e+03
13.4 2.276762e+03 2.346379e+03 2.972893e+03 2.903277e+03
14.4 2.408376e+03 2.407633e+03 2.974399e+03 2.975142e+03
15.4 2.399515e+03 2.387832e+03 2.975956e+03 2.987639e+03
16.4 2.367283e+03 2.334299e+03 2.977198e+03 3.010182e+03
17.4 2.277150e+03 2.321221e+03 2.978037e+03 2.933966e+03
18.4 2.504151e+03 2.366607e+03 2.978538e+03 3.116082e+03
19.4 2.452205e+03 2.417715e+03 2.978808e+03 3.013297e+03
20.4 2.584555e+03 2.427790e+03 2.978942e+03 3.135707e+03
0.8 2.123320e+03 2.296212e+03 3.018928e+03 2.846036e+03
1.8 2.399604e+03 2.361166e+03 3.021322e+03 3.059759e+03
2.8 2.334006e+03 2.347156e+03 3.039042e+03 3.025892e+03
3.8 2.179230e+03 2.382600e+03 3.030135e+03 2.826766e+03
4.8 2.492328e+03 2.385096e+03 3.006945e+03 3.114177e+03
5.8 2.403953e+03 2.330895e+03 2.988197e+03 3.061255e+03
6.8 2.412474e+03 2.271306e+03 2.977777e+03 3.118945e+03
7.8 2.377503e+03 2.290748e+03 2.973258e+03 3.060013e+03
8.8 2.184919e+03 2.287069e+03 2.972156e+03 2.870006e+03
9.8 2.276762e+03 2.346379e+03 2.972893e+03 2.903277e+03
10.8 2.408376e+03 2.407633e+03 2.974399e+03 2.975142e+03
11.8 2.399515e+03 2.387832e+03 2.975956e+03 2.987639e+03
12.8 2.367283e+03 2.334299e+03 2.977198e+03 3.010182e+03
13.8 2.277150e+03 2.321221e+03 2.978037e+03 2.933966e+03
14.8 2.504151e+03 2.366607e+03 2.978538e+03 3.116082e+03
15.8 2.452205e+03 2.417715e+03 2.978808e+03 3.013297e+03
16.8 2.584555e+03 2.427790e+03 2.978942e+03 3.135707e+03
17.8 2.307426e+03 2.391899e+03 2.980142e+03 2.895669e+03
18.8 2.339174e+03 2.440996e+03 3.005562e+03 2.903739e+03
19.8 2.511620e+03 2.539277e+03 3.036415e+03 3.008757e+03
20.8 2.487200e+03 2.559724e+03 3.032518e+03 2.959994e+03
0.9 2.307426e+03 2.391899e+03 2.980142e+03 2.895669e+03
1.9 2.339174e+03 2.440996e+03 3.005562e+03 2.903739e+03
2.9 2.511620e+03 2.539277e+03 3.036415e+03 3.008757e+03
3.9 2.487200e+03 2.559724e+03 3.032518e+03 2.959994e+03
4.9 2.444631e+03 2.547931e+03 3.011327e+03 2.908027e+03
5.9 2.365411e+03 2.575410e+03 2.992952e+03 2.782953e+03
6.9 2.475389e+03 2.527969e+03 2.982599e+03 2.930019e+03
7.9 2.352856e+03 2.488422e+03 2.999748e+03 2.864183e+03
8.9 2.456383e+03 2.597245e+03 3.028017e+03 2.887154e+03
9.9 2.262053e+03 2.565919e+03 3.025526e+03 2.721661e+03
10.9 2.278507e+03 2.581271e+03 3.006538e+03 2.703774e+03
11.9 2.466346e+03 2.556764e+03 2.992154e+03 2.901736e+03
12.9 2.365595e+03 2.486759e+03 3.010421e+03 2.889257e+03
13.9 2.671032e+03 2.410916e+03 3.031515e+03 3.291632e+03
14.9 2.624531e+03 2.444221e+03 3.022430e+03 3.202739e+03
15.9 2.424304e+03 2.434554e+03 3.010709e+03 3.000460e+03
16.9 2.346321e+03 2.434271e+03 3.029778e+03 2.941828e+03
17.9 2.354529e+03 2.457495e+03 3.034531e+03 2.931565e+03
18.9 2.563805e+03 2.497777e+03 3.015414e+03 3.081442e+03
19.9 2.467739e+03 2.400900e+03 2.994256e+03 3.061095e+03
20.9 2.396671e+03 2.332303e+03 2.980874e+03 3.045242e+03
0.8 2.475389e+03 2.527969e+03 2.982599e+03 2.930019e+03
1.8 2.352856e+03 2.488422e+03 2.999748e+03 2.864183e+03
2.8 2.456383e+03 2.597245e+03 3.028017e+03 2.887154e+03
3.8 2.262053e+03 2.565919e+03 3.025526e+03 2.721661e+03
4.8 2.278507e+03 2.581271e+03 3.006538e+03 2.703774e+03
5.8 2.466346e+03 2.556764e+03 2.992154e+03 2.901736e+03
6.8 2.365595e+03 2.486759e+03 3.010421e+03 2.889257e+03
7.8 2.671032e+03 2.410916e+03 3.031515e+03 3.291632e+03
8.8 2.624531e+03 2.444221e+03 3.022430e+03 3.202739e+03
9.8 2.424304e+03 2.434554e+03 3.010709e+03 3.000460e+03
10.8 2.346321e+03 2.434271e+03 3.029778e+03 2.941828e+03
11.8 2.354529e+03 2.457495e+03 3.034531e+03 2.931565e+03
12.8 2.563805e+03 2.497777e+03 3.015414e+03 3.081442e+03
13.8 2.467739e+03 2.400900e+03 2.994256e+03 3.061095e+03
14.8 2.396671e+03 2.332303e+03 2.980874e+03 3.045242e+03
15.8 2.612143e+03 2.643331e+03 2.974432e+03 2.943243e+03
16.8 2.341872e+03 2.537667e+03 2.972226e+03 2.776431e+03
17.8 2.390577e+03 2.379991e+03 2.972387e+03 2.982972e+03
18.8 2.356552e+03 2.390679e+03 2.973697e+03 2.939569e+03
19.8 2.466645e+03 2.425617e+03 2.975307e+03 3.016336e+03
20.8 2.373031e+03 2.508082e+03 2.976713e+03 2.841663e+03
1.0 2.466346e+03 2.556764e+03 2.992154e+03 2.901736e+03
2.0 2.365595e+03 2.486759e+03 3.010421e+03 2.889257e+03
3.0 2.671032e+03 2.410916e+03 3.031515e+03 3.291632e+03
4.0 2.624531e+03 2.444221e+03 3.022430e+03 3.202739e+03
5.0 2.424304e+03 2.434554e+03 3.010709e+03 3.000460e+03
6.0 2.346321e+03 2.434271e+03 3.029778e+03 2.941828e+03
7.0 2.354529e+03 2.457495e+03 3.034531e+03 2.931565e+03
8.0 2.563805e+03 2.497777e+03 3.015414e+03 3.081442e+03
9.0 2.467739e+03 2.400900e+03 2.994256e+03 3.061095e+03
10.0 2.396671e+03 2.332303e+03 2.980874e+03 3.045242e+03
11.0 2.612143e+03 2.643331e+03 2.974432e+03 2.943243e+03
12.0 2.341872e+03 2.537667e+03 2.972226e+03 2.776431e+03
13.0 2.390577e+03 2.379991e+03 2.972387e+03 2.982972e+03
14.0 2.356552e+03 2.390679e+03 2.973697e+03 2.939569e+03
15.0 2.466645e+03 2.425617e+03 2.975307e+03 3.016336e+03
16.0 2.373031e+03 2.508082e+03 2.976713e+03 2.841663e+03
17.0 2.445994e+03 2.557801e+03 2.977725e+03 2.865917e+03
18.0 2.449071e+03 2.613134e+03 2.978358e+03 2.814295e+03
19.0 2.381572e+03 2.579947e+03 2.978714e+03 2.780339e+03
20.0 2.706437e+03 2.792584e+03 2.978896e+03 2.892749e+03
21.0 2.235542e+03 2.709995e+03 2.978984e+03 2.504530e+03
0.3 2.624531e+03 2.444221e+03 3.022430e+03 3.202739e+03
1.3 2.424304e+03 2.434554e+03 3.010709e+03 3.000460e+03
2.3 2.346321e+03 2.434271e+03 3.029778e+03 2.941828e+03
3.3 2.354529e+03 2.457495e+03 3.034531e+03 2.931565e+03
4.3 2.563805e+03 2.497777e+03 3.015414e+03 3.081442e+03
5.3 2.467739e+03 2.400900e+03 2.994256e+03 3.061095e+03
6.3 2.396671e+03 2.332303e+03 2.980874e+03 3.045242e+03
7.3 2.612143e+03 2.643331e+03 2.974432e+03 2.943243e+03
8.3 2.341872e+03 2.537667e+03 2.972226e+03 2.776431e+03
9.3 2.390577e+03 2.379991e+03 2.972387e+03 2.982972e+03
10.3 2.356552e+03 2.390679e+03 2.973697e+03 2.939569e+03
11.3 2.466645e+03 2.425617e+03 2.975307e+03 3.016336e+03
12.3 2.373031e+03 2.508082e+03 2.976713e+03 2.841663e+03
13.3 2.445994e+03 2.557801e+03 2.977725e+03 2.865917e+03
14.3 2.449071e+03 2.613134e+03 2.978358e+03 2.814295e+03
15.3 2.381572e+03 2.579947e+03 2.978714e+03 2.780339e+03
16.3 2.706437e+03 2.792584e+03 2.978896e+03 2.892749e+03
17.3 2.235542e+03 2.709995e+03 2.978984e+03 2.504530e+03
18.3 2.542316e+03 2.216495e+03 2.979022e+03 3.304842e+03
19.3 2.435398e+03 2.320586e+03 2.979038e+03 3.093850e+03
20.3 2.485700e+03 2.468037e+03 2.981804e+03 2.999466e+03
1.0 2.485700e+03 2.468037e+03 2.981804e+03 2.999466e+03
2.0 2.899192e+03 2.471673e+03 3.011363e+03 3.438881e+03
3.0 3.422309e+03 3.081192e+03 3.035528e+03 3.376645e+03
4.0 2.654735e+03 2.940002e+03 3.026688e+03 2.741422e+03
5.0 2.878158e+03 2.791512e+03 3.006043e+03 3.092690e+03
6.0 2.854305e+03 2.571748e+03 2.989813e+03 3.272369e+03
7.0 2.823776e+03 2.548450e+03 2.980328e+03 3.255654e+03
8.0 2.742641e+03 2.549461e+03 2.975648e+03 3.168828e+03
9.0 2.573200e+03 2.509259e+03 2.974037e+03 3.037978e+03
10.0 2.384474e+03 2.498670e+03 2.974263e+03 2.860067e+03
11.0 2.565698e+03 2.412352e+03 2.975341e+03 3.128687e+03
12.0 2.500610e+03 2.350501e+03 2.976565e+03 3.126674e+03
13.0 2.769823e+03 2.656804e+03 2.977565e+03 3.090584e+03
14.0 4.156468e+03 4.324811e+03 2.978785e+03 2.810442e+03
15.0 3.613619e+03 3.456947e+03 3.000157e+03 3.156828e+03
16.0 3.281003e+03 3.275119e+03 3.032035e+03 3.037919e+03
17.0 3.154935e+03 3.301006e+03 3.031480e+03 2.885409e+03
18.0 3.581151e+03 3.571321e+03 3.015803e+03 3.025633e+03
19.0 2.977198e+03 3.488174e+03 3.029194e+03 2.518218e+03
20.0 3.422479e+03 3.538537e+03 3.039307e+03 2.923250e+03
21.0 3.807497e+03 3.657186e+03 3.022589e+03 3.172900e+03
0.8 4.156468e+03 4.324811e+03 2.978785e+03 2.810442e+03
1.8 3.613619e+03 3.456947e+03 3.000157e+03 3.156828e+03
2.8 3.281003e+03 3.275119e+03 3.032035e+03 3.037919e+03
3.8 3.154935e+03 3.301006e+03 3.031480e+03 2.885409e+03
4.8 3.581151e+03 3.571321e+03 3.015803e+03 3.025633e+03
5.8 2.977198e+03 3.488174e+03 3.029194e+03 2.518218e+03
6.8 3.422479e+03 3.538537e+03 3.039307e+03 2.923250e+03
7.8 3.807497e+03 3.657186e+03 3.022589e+03 3.172900e+03
8.8 4.167593e+03 3.590341e+03 2.999594e+03 3.576846e+03
9.8 3.275182e+03 3.653172e+03 2.983781e+03 2.605791e+03
10.8 4.430739e+03 3.272626e+03 2.975713e+03 4.133827e+03
11.8 4.032083e+03 3.915748e+03 2.972590e+03 3.088925e+03
12.8 2.665075e+03 2.632577e+03 2.972263e+03 3.004762e+03
13.8 3.182279e+03 2.994619e+03 2.973367e+03 3.161027e+03
14.8 2.381541e+03 2.701012e+03 2.974952e+03 2.655480e+03
15.8 3.236159e+03 3.059243e+03 2.976426e+03 3.153343e+03
16.8 2.852850e+03 2.926257e+03 2.977530e+03 2.904123e+03
17.8 2.426037e+03 2.762584e+03 2.978242e+03 2.641694e+03
18.8 2.308740e+03 2.645814e+03 2.978651e+03 2.641577e+03
19.8 2.678085e+03 2.750799e+03 2.978865e+03 2.906151e+03
20.8 3.223009e+03 3.007373e+03 2.978969e+03 3.194605e+03
0.1 3.154935e+03 3.301006e+03 3.031480e+03 2.885409e+03
1.1 3.581151e+03 3.571321e+03 3.015803e+03 3.025633e+03
2.1 2.977198e+03 3.488174e+03 3.029194e+03 2.518218e+03
3.1 3.422479e+03 3.538537e+03 3.039307e+03 2.923250e+03
4.1 3.807497e+03 3.657186e+03 3.022589e+03 3.172900e+03
5.1 4.167593e+03 3.590341e+03 2.999594e+03 3.576846e+03
6.1 3.275182e+03 3.653172e+03 2.983781e+03 2.605791e+03
7.1 4.430739e+03 3.272626e+03 2.975713e+03 4.133827e+03
8.1 4.032083e+03 3.915748e+03 2.972590e+03 3.088925e+03
9.1 2.665075e+03 2.632577e+03 2.972263e+03 3.004762e+03
10.1 3.182279e+03 2.994619e+03 2.973367e+03 3.161027e+03
11.1 2.381541e+03 2.701012e+03 2.974952e+03 2.655480e+03
12.1 3.236159e+03 3.059243e+03 2.976426e+03 3.153343e+03
13.1 2.852850e+03 2.926257e+03 2.977530e+03 2.904123e+03
14.1 2.426037e+03 2.762584e+03 2.978242e+03 2.641694e+03
15.1 2.308740e+03 2.645814e+03 2.978651e+03 2.641577e+03
16.1 2.678085e+03 2.750799e+03 2.978865e+03 2.906151e+03
17.1 3.223009e+03 3.007373e+03 2.978969e+03 3.194605e+03
18.1 2.642529e+03 2.633898e+03 2.979016e+03 2.987647e+03
19.1 2.491592e+03 2.700085e+03 2.979035e+03 2.770543e+03
20.1 2.888999e+03 2.690957e+03 2.979043e+03 3.177085e+03
0.9 2.824002e+03 3.426358e+03 2.980388e+03 2.378032e+03
1.9 2.725500e+03 3.071656e+03 3.005937e+03 2.659782e+03
2.9 3.089106e+03 3.122037e+03 3.034276e+03 3.001345e+03
3.9 3.168294e+03 3.227455e+03 3.029274e+03 2.970112e+03
4.9 3.034421e+03 3.237034e+03 3.008906e+03 2.806293e+03
5.9 3.395893e+03 3.183913e+03 2.991688e+03 3.203668e+03
6.9 3.330873e+03 3.630159e+03 2.981339e+03 2.682053e+03
7.9 3.533128e+03 3.380788e+03 2.976316e+03 3.128655e+03
8.9 3.472128e+03 3.372706e+03 2.991539e+03 3.090961e+03
9.9 3.217675e+03 3.473064e+03 3.025115e+03 2.769726e+03
10.9 3.722789e+03 3.537426e+03 3.029240e+03 3.214603e+03
11.9 3.870829e+03 3.108828e+03 3.011623e+03 3.773623e+03
12.9 2.909368e+03 3.242029e+03 2.994630e+03 2.661970e+03
13.9 3.675556e+03 3.400165e+03 3.006816e+03 3.282207e+03
14.9 3.217625e+03 3.365053e+03 3.033134e+03 2.885706e+03
15.9 3.224680e+03 3.536991e+03 3.028620e+03 2.716309e+03
16.9 3.476308e+03 3.450874e+03 3.011895e+03 3.037329e+03
17.9 3.687368e+03 3.551522e+03 3.026109e+03 3.161955e+03
18.9 3.531590e+03 3.583306e+03 3.036219e+03 2.984503e+03
19.9 3.397876e+03 3.622448e+03 3.019884e+03 2.795313e+03
20.9 3.215818e+03 3.277389e+03 2.997730e+03 2.936159e+03
0.6 3.533128e+03 3.380788e+03 2.976316e+03 3.128655e+03
1.6 3.472128e+03 3.372706e+03 2.991539e+03 3.090961e+03
2.6 3.217675e+03 3.473064e+03 3.025115e+03 2.769726e+03
3.6 3.722789e+03 3.537426e+03 3.029240e+03 3.214603e+03
4.6 3.870829e+03 3.108828e+03 3.011623e+03 3.773623e+03
5.6 2.909368e+03 3.242029e+03 2.994630e+03 2.661970e+03
6.6 3.675556e+03 3.400165e+03 3.006816e+03 3.282207e+03
7.6 3.217625e+03 3.365053e+03 3.033134e+03 2.885706e+03
8.6 3.224680e+03 3.536991e+03 3.028620e+03 2.716309e+03
9.6 3.476308e+03 3.450874e+03 3.011895e+03 3.037329e+03
10.6 3.687368e+03 3.551522e+03 3.026109e+03 3.161955e+03
11.6 3.531590e+03 3.583306e+03 3.036219e+03 2.984503e+03
12.6 3.397876e+03 3.622448e+03 3.019884e+03 2.795313e+03
13.6 3.215818e+03 3.277389e+03 2.997730e+03 2.936159e+03
14.6 3.437451e+03 3.261689e+03 2.990780e+03 3.166542e+03
15.6 3.510841e+03 3.320389e+03 3.019135e+03 3.209586e+03
16.6 3.614413e+03 3.369814e+03 3.031889e+03 3.276488e+03
17.6 3.539580e+03 3.473592e+03 3.016457e+03 3.082445e+03
18.6 3.174384e+03 3.381057e+03 2.996343e+03 2.789670e+03
19.6 4.530387e+03 3.841971e+03 2.982950e+03 3.671366e+03
20.6 2.854427e+03 3.087870e+03 2.982737e+03 2.749294e+03
0.8 2.909368e+03 3.242029e+03 2.994630e+03 2.661970e+03
1.8 3.675556e+03 3.400165e+03 3.006816e+03 3.282207e+03
2.8 3.217625e+03 3.365053e+03 3.033134e+03 2.885706e+03
3.8 3.224680e+03 3.536991e+03 3.028620e+03 2.716309e+03
4.8 3.476308e+03 3.450874e+03 3.011895e+03 3.037329e+03
5.8 3.687368e+03 3.551522e+03 3.026109e+03 3.161955e+03
6.8 3.531590e+03 3.583306e+03 3.036219e+03 2.984503e+03
7.8 3.397876e+03 3.622448e+03 3.019884e+03 2.795313e+03
8.8 3.215818e+03 3.277389e+03 2.997730e+03 2.936159e+03
9.8 3.437451e+03 3.261689e+03 2.990780e+03 3.166542e+03
10.8 3.510841e+03 3.320389e+03 3.019135e+03 3.209586e+03
11.8 3.614413e+03 3.369814e+03 3.031889e+03 3.276488e+03
12.8 3.539580e+03 3.473592e+03 3.016457e+03 3.082445e+03
13.8 3.174384e+03 3.381057e+03 2.996343e+03 2.789670e+03
14.8 4.530387e+03 3.841971e+03 2.982950e+03 3.671366e+03
15.8 2.854427e+03 3.087870e+03 2.982737e+03 2.749294e+03
16.8 2.979262e+03 3.072323e+03 3.013797e+03 2.920737e+03
17.8 3.501441e+03 3.377974e+03 3.029823e+03 3.153290e+03
18.8 3.663458e+03 3.322099e+03 3.016977e+03 3.358335e+03
19.8 3.476692e+03 3.393164e+03 2.997995e+03 3.081524e+03
20.8 3.268139e+03 3.374610e+03 2.984739e+03 2.878267e+03
0.1 3.224680e+03 3.536991e+03 3.028620e+03 2.716309e+03
1.1 3.476308e+03 3.450874e+03 3.011895e+03 3.037329e+03
2.1 3.687368e+03 3.551522e+03 3.026109e+03 3.161955e+03
3.1 3.531590e+03 3.583306e+03 3.036219e+03 2.984503e+03
4.1 3.397876e+03 3.622448e+03 3.019884e+03 2.795313e+03
5.1 3.215818e+03 3.277389e+03 2.997730e+03 2.936159e+03
6.1 3.437451e+03 3.261689e+03 2.990780e+03 3.166542e+03
7.1 3.510841e+03 3.320389e+03 3.019135e+03 3.209586e+03
8.1 3.614413e+03 3.369814e+03 3.031889e+03 3.276488e+03
9.1 3.539580e+03 3.473592e+03 3.016457e+03 3.082445e+03
10.1 3.174384e+03 3.381057e+03 2.996343e+03 2.789670e+03
11.1 4.530387e+03 3.841971e+03 2.982950e+03 3.671366e+03
12.1 2.854427e+03 3.087870e+03 2.982737e+03 2.749294e+03
13.1 2.979262e+03 3.072323e+03 3.013797e+03 2.920737e+03
14.1 3.501441e+03 3.377974e+03 3.029823e+03 3.153290e+03
15.1 3.663458e+03 3.322099e+03 3.016977e+03 3.358335e+03
16.1 3.476692e+03 3.393164e+03 2.997995e+03 3.081524e+03
17.1 3.268139e+03 3.374610e+03 2.984739e+03 2.878267e+03
18.1 3.974353e+03 3.831429e+03 2.983676e+03 3.126600e+03
19.1 3.328781e+03 3.495561e+03 3.015324e+03 2.848544e+03
20.1 3.729333e+03 3.691132e+03 3.033377e+03 3.071578e+03
0.3 3.215818e+03 3.277389e+03 2.997730e+03 2.936159e+03
1.3 3.437451e+03 3.261689e+03 2.990780e+03 3.166542e+03
2.3 3.510841e+03 3.320389e+03 3.019135e+03 3.209586e+03
3.3 3.614413e+03 3.369814e+03 3.031889e+03 3.276488e+03
4.3 3.539580e+03 3.473592e+03 3.016457e+03 3.082445e+03
5.3 3.174384e+03 3.381057e+03 2.996343e+03 2.789670e+03
6.3 4.530387e+03 3.841971e+03 2.982950e+03 3.671366e+03
7.3 2.854427e+03 3.087870e+03 2.982737e+03 2.749294e+03
8.3 2.979262e+03 3.072323e+03 3.013797e+03 2.920737e+03
9.3 3.501441e+03 3.377974e+03 3.029823e+03 3.153290e+03
10.3 3.663458e+03 3.322099e+03 3.016977e+03 3.358335e+03
11.3 3.476692e+03 3.393164e+03 2.997995e+03 3.081524e+03
12.3 3.268139e+03 3.374610e+03 2.984739e+03 2.878267e+03
13.3 3.974353e+03 3.831429e+03 2.983676e+03 3.126600e+03
14.3 3.328781e+03 3.495561e+03 3.015324e+03 2.848544e+03
15.3 3.729333e+03 3.691132e+03 3.033377e+03 3.071578e+03
16.3 3.658128e+03 3.598602e+03 3.020463e+03 3.079989e+03
17.3 3.617974e+03 3.439307e+03 3.000189e+03 3.178856e+03
18.3 3.651199e+03 3.699019e+03 2.985767e+03 2.937948e+03
19.3 3.566622e+03 3.547143e+03 2.977857e+03 2.997336e+03
20.3 3.124755e+03 3.474090e+03 2.975839e+03 2.626504e+03
0.3 4.530387e+03 3.841971e+03 2.982950e+03 3.671366e+03
1.3 2.854427e+03 3.087870e+03 2.982737e+03 2.749294e+03
2.3 2.979262e+03 3.072323e+03 3.013797e+03 2.920737e+03
3.3 3.501441e+03 3.377974e+03 3.029823e+03 3.153290e+03
4.3 3.663458e+03 3.322099e+03 3.016977e+03 3.358335e+03
5.3 3.476692e+03 3.393164e+03 2.997995e+03 3.081524e+03
6.3 3.268139e+03 3.374610e+03 2.984739e+03 2.878267e+03
7.3 3.974353e+03 3.831429e+03 2.983676e+03 3.126600e+03
8.3 3.328781e+03 3.495561e+03 3.015324e+03 2.848544e+03
9.3 3.729333e+03 3.691132e+03 3.033377e+03 3.071578e+03
10.3 3.658128e+03 3.598602e+03 3.020463e+03 3.079989e+03
11.3 3.617974e+03 3.439307e+03 3.000189e+03 3.178856e+03
12.3 3.651199e+03 3.699019e+03 2.985767e+03 2.937948e+03
13.3 3.566622e+03 3.547143e+03 2.977857e+03 2.997336e+03
14.3 3.124755e+03 3.474090e+03 2.975839e+03 2.626504e+03
15.3 4.112946e+03 3.992185e+03 3.001357e+03 3.122118e+03
16.3 3.895761e+03 3.757979e+03 3.029579e+03 3.167361e+03
17.3 3.327364e+03 3.459805e+03 3.025061e+03 2.892620e+03
18.3 3.690278e+03 3.752994e+03 3.005908e+03 2.943192e+03
19.3 3.342605e+03 3.359844e+03 2.989890e+03 2.972651e+03
20.3 3.230770e+03 3.242216e+03 2.980376e+03 2.968930e+03
0.2 3.268139e+03 3.374610e+03 2.984739e+03 2.878267e+03
1.2 3.974353e+03 3.831429e+03 2.983676e+03 3.126600e+03
2.2 3.328781e+03 3.495561e+03 3.015324e+03 2.848544e+03
3.2 3.729333e+03 3.691132e+03 3.033377e+03 3.071578e+03
4.2 3.658128e+03 3.598602e+03 3.020463e+03 3.079989e+03
5.2 3.617974e+03 3.439307e+03 3.000189e+03 3.178856e+03
6.2 3.651199e+03 3.699019e+03 2.985767e+03 2.937948e+03
7.2 3.566622e+03 3.547143e+03 2.977857e+03 2.997336e+03
8.2 3.124755e+03 3.474090e+03 2.975839e+03 2.626504e+03
9.2 4.112946e+03 3.992185e+03 3.001357e+03 3.122118e+03
10.2 3.895761e+03 3.757979e+03 3.029579e+03 3.167361e+03
11.2 3.327364e+03 3.459805e+03 3.025061e+03 2.892620e+03
12.2 3.690278e+03 3.752994e+03 3.005908e+03 2.943192e+03
13.2 3.342605e+03 3.359844e+03 2.989890e+03 2.972651e+03
14.2 3.230770e+03 3.242216e+03 2.980376e+03 2.968930e+03
15.2 2.790928e+03 3.074608e+03 2.975631e+03 2.691952e+03
16.2 3.049954e+03 3.137641e+03 2.973937e+03 2.886249e+03
17.2 3.163290e+03 3.301613e+03 2.974103e+03 2.835780e+03
18.2 3.335018e+03 3.343402e+03 2.975170e+03 2.966785e+03
19.2 3.502064e+03 3.320726e+03 2.979180e+03 3.160518e+03
20.2 3.361719e+03 3.297788e+03 3.009777e+03 3.073709e+03
0.9 3.124755e+03 3.474090e+03 2.975839e+03 2.626504e+03
1.9 4.112946e+03 3.992185e+03 3.001357e+03 3.122118e+03
2.9 3.895761e+03 3.757979e+03 3.029579e+03 3.167361e+03
3.9 3.327364e+03 3.459805e+03 3.025061e+03 2.892620e+03
4.9 3.690278e+03 3.752994e+03 3.005908e+03 2.943192e+03
5.9 3.342605e+03 3.359844e+03 2.989890e+03 2.972651e+03
6.9 3.230770e+03 3.242216e+03 2.980376e+03 2.968930e+03
7.9 2.790928e+03 3.074608e+03 2.975631e+03 2.691952e+03
8.9 3.049954e+03 3.137641e+03 2.973937e+03 2.886249e+03
9.9 3.163290e+03 3.301613e+03 2.974103e+03 2.835780e+03
10.9 3.335018e+03 3.343402e+03 2.975170e+03 2.966785e+03
11.9 3.502064e+03 3.320726e+03 2.979180e+03 3.160518e+03
12.9 3.361719e+03 3.297788e+03 3.009777e+03 3.073709e+03
13.9 3.211124e+03 3.347497e+03 3.034661e+03 2.898288e+03
14.9 3.525253e+03 3.478590e+03 3.026250e+03 3.072913e+03
15.9 3.402276e+03 3.309393e+03 3.005837e+03 3.098720e+03
16.9 3.285728e+03 3.233450e+03 2.989721e+03 3.041999e+03
17.9 2.680218e+03 3.087689e+03 2.982395e+03 2.574923e+03
18.9 3.521492e+03 3.174955e+03 3.005787e+03 3.352324e+03
19.9 3.293609e+03 3.253766e+03 3.030105e+03 3.069948e+03
20.9 3.260301e+03 3.348707e+03 3.022967e+03 2.934560e+03
1.0 3.502064e+03 3.320726e+03 2.979180e+03 3.160518e+03
2.0 3.361719e+03 3.297788e+03 3.009777e+03 3.073709e+03
3.0 3.211124e+03 3.347497e+03 3.034661e+03 2.898288e+03
4.0 3.525253e+03 3.478590e+03 3.026250e+03 3.072913e+03
5.0 3.402276e+03 3.309393e+03 3.005837e+03 3.098720e+03
6.0 3.285728e+03 3.233450e+03 2.989721e+03 3.041999e+03
7.0 2.680218e+03 3.087689e+03 2.982395e+03 2.574923e+03
8.0 3.521492e+03 3.174955e+03 3.005787e+03 3.352324e+03
9.0 3.293609e+03 3.253766e+03 3.030105e+03 3.069948e+03
10.0 3.260301e+03 3.348707e+03 3.022967e+03 2.934560e+03
11.0 3.481288e+03 3.407784e+03 3.003469e+03 3.076973e+03
12.0 3.629986e+03 3.379528e+03 2.988062e+03 3.238519e+03
13.0 3.609954e+03 3.403843e+03 2.979237e+03 3.185348e+03
14.0 3.452283e+03 3.362766e+03 2.975014e+03 3.064531e+03
15.0 3.500089e+03 3.412722e+03 2.973666e+03 3.061033e+03
16.0 3.744023e+03 3.361648e+03 2.974030e+03 3.356405e+03
17.0 3.598024e+03 3.383004e+03 2.975188e+03 3.190208e+03
18.0 3.660763e+03 3.319127e+03 2.976465e+03 3.318101e+03
19.0 3.050079e+03 3.217191e+03 2.977503e+03 2.810390e+03
20.0 3.005972e+03 3.266952e+03 2.978207e+03 2.717226e+03
21.0 2.976813e+03 3.293497e+03 2.978662e+03 2.661978e+03
1.0 2.680218e+03 3.087689e+03 2.982395e+03 2.574923e+03
2.0 3.521492e+03 3.174955e+03 3.005787e+03 3.352324e+03
3.0 3.293609e+03 3.253766e+03 3.030105e+03 3.069948e+03
4.0 3.260301e+03 3.348707e+03 3.022967e+03 2.934560e+03
5.0 3.481288e+03 3.407784e+03 3.003469e+03 3.076973e+03
6.0 3.629986e+03 3.379528e+03 2.988062e+03 3.238519e+03
7.0 3.609954e+03 3.403843e+03 2.979237e+03 3.185348e+03
8.0 3.452283e+03 3.362766e+03 2.975014e+03 3.064531e+03
9.0 3.500089e+03 3.412722e+03 2.973666e+03 3.061033e+03
10.0 3.744023e+03 3.361648e+03 2.974030e+03 3.356405e+03
11.0 3.598024e+03 3.383004e+03 2.975188e+03 3.190208e+03
12.0 3.660763e+03 3.319127e+03 2.976465e+03 3.318101e+03
13.0 3.050079e+03 3.217191e+03 2.977503e+03 2.810390e+03
14.0 3.005972e+03 3.266952e+03 2.978207e+03 2.717226e+03
15.0 2.976813e+03 3.293497e+03 2.978662e+03 2.661978e+03
16.0 3.084414e+03 3.326872e+03 2.990711e+03 2.748253e+03
17.0 3.440006e+03 3.394204e+03 3.025670e+03 3.071473e+03
18.0 3.483257e+03 3.402116e+03 3.034868e+03 3.116008e+03
19.0 3.302137e+03 3.384863e+03 3.017908e+03 2.935181e+03
20.0 3.138931e+03 3.337048e+03 2.998203e+03 2.800085e+03
21.0 3.256941e+03 3.290595e+03 2.985018e+03 2.951364e+03
0.5 2.976813e+03 3.293497e+03 2.978662e+03 2.661978e+03
1.5 3.084414e+03 3.326872e+03 2.990711e+03 2.748253e+03
2.5 3.440006e+03 3.394204e+03 3.025670e+03 3.071473e+03
3.5 3.483257e+03 3.402116e+03 3.034868e+03 3.116008e+03
4.5 3.302137e+03 3.384863e+03 3.017908e+03 2.935181e+03
5.5 3.138931e+03 3.337048e+03 2.998203e+03 2.800085e+03
6.5 3.256941e+03 3.290595e+03 2.985018e+03 2.951364e+03
7.5 3.156613e+03 3.277898e+03 2.977851e+03 2.856566e+03
8.5 3.107908e+03 3.250400e+03 2.974661e+03 2.832169e+03
9.5 2.594694e+03 2.709362e+03 2.973971e+03 2.859304e+03
10.5 2.913346e+03 2.819323e+03 2.974669e+03 3.068692e+03
11.5 2.830080e+03 2.922330e+03 2.975877e+03 2.883627e+03
12.5 2.976416e+03 2.961201e+03 2.977031e+03 2.992246e+03
13.5 3.117095e+03 2.918474e+03 2.977894e+03 3.176515e+03
14.5 3.080673e+03 3.072467e+03 2.978443e+03 2.986649e+03
15.5 2.683903e+03 2.961473e+03 2.978754e+03 2.701184e+03
16.5 2.491316e+03 2.742563e+03 2.978915e+03 2.727667e+03
17.5 2.920354e+03 3.260487e+03 2.978991e+03 2.638857e+03
18.5 3.130996e+03 3.160017e+03 2.979025e+03 2.950004e+03
19.5 2.591456e+03 2.961593e+03 2.979039e+03 2.608902e+03
20.5 2.735569e+03 2.854617e+03 2.979045e+03 2.859997e+03
0.1 3.370743e+03 3.192734e+03 2.979048e+03 3.157058e+03
1.1 3.350441e+03 3.409022e+03 2.982181e+03 2.923600e+03
2.1 3.172954e+03 3.269996e+03 3.012433e+03 2.915391e+03
3.1 3.309834e+03 3.142129e+03 3.035685e+03 3.203390e+03
4.1 3.467158e+03 3.323010e+03 3.026143e+03 3.170291e+03
5.1 3.500538e+03 3.459610e+03 3.005484e+03 3.046412e+03
6.1 3.224711e+03 3.180208e+03 2.989455e+03 3.033958e+03
7.1 3.644073e+03 3.345351e+03 2.980137e+03 3.278858e+03
8.1 3.703664e+03 3.554773e+03 2.975566e+03 3.124457e+03
9.1 3.439704e+03 3.447641e+03 2.974023e+03 2.966087e+03
10.1 3.553095e+03 3.223535e+03 2.974286e+03 3.303846e+03
11.1 3.595848e+03 3.277202e+03 2.975377e+03 3.294023e+03
12.1 3.470516e+03 3.365936e+03 2.976598e+03 3.081178e+03
13.1 3.486087e+03 3.387888e+03 2.979694e+03 3.077893e+03
14.1 3.775262e+03 3.489573e+03 3.008411e+03 3.294100e+03
15.1 3.612955e+03 3.621958e+03 3.034727e+03 3.025723e+03
16.1 3.678891e+03 3.655445e+03 3.027575e+03 3.051020e+03
17.1 3.904533e+03 3.621702e+03 3.015802e+03 3.298633e+03
18.1 3.806594e+03 3.610054e+03 3.033833e+03 3.230373e+03
19.1 3.715315e+03 3.631497e+03 3.037312e+03 3.121130e+03
20.1 3.615658e+03 3.639325e+03 3.017551e+03 2.993883e+03
1.0 3.486087e+03 3.387888e+03 2.979694e+03 3.077893e+03
2.0 3.775262e+03 3.489573e+03 3.008411e+03 3.294100e+03
3.0 3.612955e+03 3.621958e+03 3.034727e+03 3.025723e+03
4.0 3.678891e+03 3.655445e+03 3.027575e+03 3.051020e+03
5.0 3.904533e+03 3.621702e+03 3.015802e+03 3.298633e+03
6.0 3.806594e+03 3.610054e+03 3.033833e+03 3.230373e+03
7.0 3.715315e+03 3.631497e+03 3.037312e+03 3.121130e+03
8.0 3.615658e+03 3.639325e+03 3.017551e+03 2.993883e+03
9.0 3.806292e+03 3.660344e+03 3.016165e+03 3.162112e+03
10.0 3.835510e+03 3.645077e+03 3.036317e+03 3.226749e+03
11.0 3.670841e+03 3.497690e+03 3.030416e+03 3.203566e+03
12.0 2.689132e+03 3.529846e+03 3.007730e+03 2.167016e+03
13.0 3.396568e+03 3.496264e+03 2.989641e+03 2.889945e+03
14.0 3.375390e+03 3.420452e+03 3.003472e+03 2.958411e+03
15.0 3.136367e+03 3.480847e+03 3.027815e+03 2.683335e+03
16.0 3.207387e+03 3.506399e+03 3.022453e+03 2.723441e+03
17.0 3.537959e+03 3.483493e+03 3.002922e+03 3.057388e+03
18.0 3.451162e+03 3.577888e+03 2.987081e+03 2.860354e+03
19.0 3.511491e+03 3.515986e+03 2.978203e+03 2.973708e+03
20.0 3.826097e+03 3.483734e+03 2.974175e+03 3.316538e+03
21.0 3.632248e+03 3.585293e+03 2.973044e+03 3.019999e+03
0.4 3.678891e+03 3.655445e+03 3.027575e+03 3.051020e+03
1.4 3.904533e+03 3.621702e+03 3.015802e+03 3.298633e+03
2.4 3.806594e+03 3.610054e+03 3.033833e+03 3.230373e+03
3.4 3.715315e+03 3.631497e+03 3.037312e+03 3.121130e+03
4.4 3.615658e+03 3.639325e+03 3.017551e+03 2.993883e+03
5.4 3.806292e+03 3.660344e+03 3.016165e+03 3.162112e+03
6.4 3.835510e+03 3.645077e+03 3.036317e+03 3.226749e+03
7.4 3.670841e+03 3.497690e+03 3.030416e+03 3.203566e+03
8.4 2.689132e+03 3.529846e+03 3.007730e+03 2.167016e+03
9.4 3.396568e+03 3.496264e+03 2.989641e+03 2.889945e+03
10.4 3.375390e+03 3.420452e+03 3.003472e+03 2.958411e+03
11.4 3.136367e+03 3.480847e+03 3.027815e+03 2.683335e+03
12.4 3.207387e+03 3.506399e+03 3.022453e+03 2.723441e+03
13.4 3.537959e+03 3.483493e+03 3.002922e+03 3.057388e+03
14.4 3.451162e+03 3.577888e+03 2.987081e+03 2.860354e+03
15.4 3.511491e+03 3.515986e+03 2.978203e+03 2.973708e+03
16.4 3.826097e+03 3.483734e+03 2.974175e+03 3.316538e+03
17.4 3.632248e+03 3.585293e+03 2.973044e+03 3.019999e+03
18.4 3.749240e+03 3.607523e+03 2.973577e+03 3.115293e+03
19.4 3.662444e+03 3.599252e+03 2.974864e+03 3.038056e+03
20.4 3.633638e+03 3.615370e+03 2.976246e+03 2.994514e+03
0.7 3.615658e+03 3.639325e+03 3.017551e+03 2.993883e+03
1.7 3.806292e+03 3.660344e+03 3.016165e+03 3.162112e+03
2.7 3.835510e+03 3.645077e+03 3.036317e+03 3.226749e+03
3.7 3.670841e+03 3.497690e+03 3.030416e+03 3.203566e+03
4.7 2.689132e+03 3.529846e+03 3.007730e+03 2.167016e+03
5.7 3.396568e+03 3.496264e+03 2.989641e+03 2.889945e+03
6.7 3.375390e+03 3.420452e+03 3.003472e+03 2.958411e+03
7.7 3.136367e+03 3.480847e+03 3.027815e+03 2.683335e+03
8.7 3.207387e+03 3.506399e+03 3.022453e+03 2.723441e+03
9.7 3.537959e+03 3.483493e+03 3.002922e+03 3.057388e+03
10.7 3.451162e+03 3.577888e+03 2.987081e+03 2.860354e+03
11.7 3.511491e+03 3.515986e+03 2.978203e+03 2.973708e+03
12.7 3.826097e+03 3.483734e+03 2.974175e+03 3.316538e+03
13.7 3.632248e+03 3.585293e+03 2.973044e+03 3.019999e+03
14.7 3.749240e+03 3.607523e+03 2.973577e+03 3.115293e+03
15.7 3.662444e+03 3.599252e+03 2.974864e+03 3.038056e+03
16.7 3.633638e+03 3.615370e+03 2.976246e+03 2.994514e+03
17.7 3.675723e+03 3.627587e+03 2.977367e+03 3.025503e+03
18.7 3.775838e+03 3.549180e+03 2.978128e+03 3.204787e+03
19.7 3.625959e+03 3.579642e+03 2.978584e+03 3.024901e+03
20.7 3.707348e+03 3.660656e+03 2.978830e+03 3.025522e+03
0.9 3.396568e+03 3.496264e+03 2.989641e+03 2.889945e+03
1.9 3.375390e+03 3.420452e+03 3.003472e+03 2.958411e+03
2.9 3.136367e+03 3.480847e+03 3.027815e+03 2.683335e+03
3.9 3.207387e+03 3.506399e+03 3.022453e+03 2.723441e+03
4.9 3.537959e+03 3.483493e+03 3.002922e+03 3.057388e+03
5.9 3.451162e+03 3.577888e+03 2.987081e+03 2.860354e+03
6.9 3.511491e+03 3.515986e+03 2.978203e+03 2.973708e+03
7.9 3.826097e+03 3.483734e+03 2.974175e+03 3.316538e+03
8.9 3.632248e+03 3.585293e+03 2.973044e+03 3.019999e+03
9.9 3.749240e+03 3.607523e+03 2.973577e+03 3.115293e+03
10.9 3.662444e+03 3.599252e+03 2.974864e+03 3.038056e+03
11.9 3.633638e+03 3.615370e+03 2.976246e+03 2.994514e+03
12.9 3.675723e+03 3.627587e+03 2.977367e+03 3.025503e+03
13.9 3.775838e+03 3.549180e+03 2.978128e+03 3.204787e+03
14.9 3.625959e+03 3.579642e+03 2.978584e+03 3.024901e+03
15.9 3.707348e+03 3.660656e+03 2.978830e+03 3.025522e+03
16.9 3.640844e+03 3.690645e+03 2.978952e+03 2.929151e+03
17.9 3.665196e+03 3.455444e+03 2.979008e+03 3.188759e+03
18.9 3.091712e+03 3.427307e+03 2.979032e+03 2.643437e+03
19.9 3.440118e+03 3.522966e+03 2.979093e+03 2.896245e+03
20.9 3.388260e+03 3.540292e+03 2.991769e+03 2.839738e+03
0.5 3.440118e+03 3.522966e+03 2.979093e+03 2.896245e+03
1.5 3.388260e+03 3.540292e+03 2.991769e+03 2.839738e+03
2.5 3.458699e+03 3.590628e+03 3.026538e+03 2.894609e+03
3.5 3.515470e+03 3.604257e+03 3.034659e+03 2.945872e+03
4.5 3.313031e+03 3.573251e+03 3.018451e+03 2.758231e+03
5.5 3.539704e+03 3.655885e+03 3.024263e+03 2.908082e+03
6.5 3.864415e+03 3.701894e+03 3.042114e+03 3.204636e+03
7.5 3.551012e+03 3.634649e+03 3.031185e+03 2.947549e+03
8.5 3.614546e+03 3.689161e+03 3.006891e+03 2.932276e+03
0.9 3.313031e+03 3.573251e+03 3.018451e+03 2.758231e+03
1.9 3.539704e+03 3.655885e+03 3.024263e+03 2.908082e+03
2.9 3.864415e+03 3.701894e+03 3.042114e+03 3.204636e+03
3.9 3.551012e+03 3.634649e+03 3.031185e+03 2.947549e+03
4.9 3.614546e+03 3.689161e+03 3.006891e+03 2.932276e+03
