0.2 9.697396e+03 9.710553e+03 9.683048e+03 9.669891e+03
1.1 9.720894e+03 9.765856e+03 9.681913e+03 9.636951e+03
2.1 9.743474e+03 9.781920e+03 9.673731e+03 9.635285e+03
3.1 9.751065e+03 9.720209e+03 9.668531e+03 9.699388e+03
4.1 9.727876e+03 9.732382e+03 9.671467e+03 9.666962e+03
5.1 9.714822e+03 9.693433e+03 9.676727e+03 9.698116e+03
6.1 9.744054e+03 9.725999e+03 9.680659e+03 9.698713e+03
7.1 9.770170e+03 9.781643e+03 9.682910e+03 9.671437e+03
8.1 9.820421e+03 9.744804e+03 9.683994e+03 9.759611e+03
9.1 9.808787e+03 9.740242e+03 9.684337e+03 9.752882e+03
10.1 9.775158e+03 9.750782e+03 9.684243e+03 9.708620e+03
11.1 9.733225e+03 9.699160e+03 9.683957e+03 9.718022e+03
12.1 9.746528e+03 9.742953e+03 9.683648e+03 9.687223e+03
13.1 9.748481e+03 9.759021e+03 9.682865e+03 9.672325e+03
14.1 9.750704e+03 9.785479e+03 9.675549e+03 9.640773e+03
15.1 9.741495e+03 9.756112e+03 9.668843e+03 9.654226e+03
16.1 9.742930e+03 9.722870e+03 9.670672e+03 9.690731e+03
17.1 9.729542e+03 9.716058e+03 9.675894e+03 9.689378e+03
18.1 9.792247e+03 9.732714e+03 9.680124e+03 9.739657e+03
19.1 9.803893e+03 9.800935e+03 9.682160e+03 9.685117e+03
20.1 9.773604e+03 9.806520e+03 9.676460e+03 9.643544e+03
1.0 9.748481e+03 9.759021e+03 9.682865e+03 9.672325e+03
2.0 9.750704e+03 9.785479e+03 9.675549e+03 9.640773e+03
3.0 9.741495e+03 9.756112e+03 9.668843e+03 9.654226e+03
4.0 9.742930e+03 9.722870e+03 9.670672e+03 9.690731e+03
5.0 9.729542e+03 9.716058e+03 9.675894e+03 9.689378e+03
6.0 9.792247e+03 9.732714e+03 9.680124e+03 9.739657e+03
7.0 9.803893e+03 9.800935e+03 9.682160e+03 9.685117e+03
8.0 9.773604e+03 9.806520e+03 9.676460e+03 9.643544e+03
9.0 9.745690e+03 9.778223e+03 9.670082e+03 9.637549e+03
10.0 9.760290e+03 9.772247e+03 9.671726e+03 9.659770e+03
11.0 9.782950e+03 9.829791e+03 9.674653e+03 9.627812e+03
12.0 9.772630e+03 9.779148e+03 9.669855e+03 9.663337e+03
13.0 9.765164e+03 9.785355e+03 9.668494e+03 9.648303e+03
14.0 9.785613e+03 9.809039e+03 9.673378e+03 9.649952e+03
15.0 9.803722e+03 9.802315e+03 9.678903e+03 9.680310e+03
16.0 9.787477e+03 9.795722e+03 9.682439e+03 9.674194e+03
17.0 9.786101e+03 9.776241e+03 9.684159e+03 9.694019e+03
18.0 9.800345e+03 9.812454e+03 9.684764e+03 9.672655e+03
19.0 9.816559e+03 9.834478e+03 9.684745e+03 9.666826e+03
20.0 9.800481e+03 9.766586e+03 9.684421e+03 9.718315e+03
21.0 9.809504e+03 9.766811e+03 9.684012e+03 9.726705e+03
0.9 9.803893e+03 9.800935e+03 9.682160e+03 9.685117e+03
1.9 9.773604e+03 9.806520e+03 9.676460e+03 9.643544e+03
2.9 9.745690e+03 9.778223e+03 9.670082e+03 9.637549e+03
3.9 9.760290e+03 9.772247e+03 9.671726e+03 9.659770e+03
4.9 9.782950e+03 9.829791e+03 9.674653e+03 9.627812e+03
5.9 9.772630e+03 9.779148e+03 9.669855e+03 9.663337e+03
6.9 9.765164e+03 9.785355e+03 9.668494e+03 9.648303e+03
7.9 9.785613e+03 9.809039e+03 9.673378e+03 9.649952e+03
8.9 9.803722e+03 9.802315e+03 9.678903e+03 9.680310e+03
9.9 9.787477e+03 9.795722e+03 9.682439e+03 9.674194e+03
10.9 9.786101e+03 9.776241e+03 9.684159e+03 9.694019e+03
11.9 9.800345e+03 9.812454e+03 9.684764e+03 9.672655e+03
12.9 9.816559e+03 9.834478e+03 9.684745e+03 9.666826e+03
13.9 9.800481e+03 9.766586e+03 9.684421e+03 9.718315e+03
14.9 9.809504e+03 9.766811e+03 9.684012e+03 9.726705e+03
15.9 9.852801e+03 9.820197e+03 9.683651e+03 9.716256e+03
16.9 9.861300e+03 9.830688e+03 9.681843e+03 9.712455e+03
17.9 9.856737e+03 9.845614e+03 9.673140e+03 9.684262e+03
18.9 9.826853e+03 9.827024e+03 9.668612e+03 9.668441e+03
19.9 9.808720e+03 9.781613e+03 9.671950e+03 9.699056e+03
20.9 9.823540e+03 9.823126e+03 9.677152e+03 9.677566e+03
0.3 9.760290e+03 9.772247e+03 9.671726e+03 9.659770e+03
1.3 9.782950e+03 9.829791e+03 9.674653e+03 9.627812e+03
2.3 9.772630e+03 9.779148e+03 9.669855e+03 9.663337e+03
3.3 9.765164e+03 9.785355e+03 9.668494e+03 9.648303e+03
4.3 9.785613e+03 9.809039e+03 9.673378e+03 9.649952e+03
5.3 9.803722e+03 9.802315e+03 9.678903e+03 9.680310e+03
6.3 9.787477e+03 9.795722e+03 9.682439e+03 9.674194e+03
7.3 9.786101e+03 9.776241e+03 9.684159e+03 9.694019e+03
8.3 9.800345e+03 9.812454e+03 9.684764e+03 9.672655e+03
9.3 9.816559e+03 9.834478e+03 9.684745e+03 9.666826e+03
10.3 9.800481e+03 9.766586e+03 9.684421e+03 9.718315e+03
11.3 9.809504e+03 9.766811e+03 9.684012e+03 9.726705e+03
12.3 9.852801e+03 9.820197e+03 9.683651e+03 9.716256e+03
13.3 9.861300e+03 9.830688e+03 9.681843e+03 9.712455e+03
14.3 9.856737e+03 9.845614e+03 9.673140e+03 9.684262e+03
15.3 9.826853e+03 9.827024e+03 9.668612e+03 9.668441e+03
16.3 9.808720e+03 9.781613e+03 9.671950e+03 9.699056e+03
17.3 9.823540e+03 9.823126e+03 9.677152e+03 9.677566e+03
18.3 9.880434e+03 9.858096e+03 9.680918e+03 9.703256e+03
19.3 9.849304e+03 9.849844e+03 9.683044e+03 9.682503e+03
20.3 9.819659e+03 9.830248e+03 9.684049e+03 9.673460e+03
0.2 9.852801e+03 9.820197e+03 9.683651e+03 9.716256e+03
1.2 9.861300e+03 9.830688e+03 9.681843e+03 9.712455e+03
2.2 9.856737e+03 9.845614e+03 9.673140e+03 9.684262e+03
3.2 9.826853e+03 9.827024e+03 9.668612e+03 9.668441e+03
4.2 9.808720e+03 9.781613e+03 9.671950e+03 9.699056e+03
5.2 9.823540e+03 9.823126e+03 9.677152e+03 9.677566e+03
6.2 9.880434e+03 9.858096e+03 9.680918e+03 9.703256e+03
7.2 9.849304e+03 9.849844e+03 9.683044e+03 9.682503e+03
8.2 9.819659e+03 9.830248e+03 9.684049e+03 9.673460e+03
9.2 9.818360e+03 9.865257e+03 9.684343e+03 9.637446e+03
10.2 9.839588e+03 9.847591e+03 9.684223e+03 9.676221e+03
11.2 9.829909e+03 9.829782e+03 9.683929e+03 9.684056e+03
12.2 9.845458e+03 9.812525e+03 9.683624e+03 9.716557e+03
13.2 9.872170e+03 9.810634e+03 9.683385e+03 9.744921e+03
14.2 9.889026e+03 9.864177e+03 9.682762e+03 9.707611e+03
15.2 9.897740e+03 9.906409e+03 9.675500e+03 9.666832e+03
16.2 9.869180e+03 9.845896e+03 9.668193e+03 9.691477e+03
17.2 9.836323e+03 9.840665e+03 9.669823e+03 9.665480e+03
18.2 9.814987e+03 9.821560e+03 9.675291e+03 9.668718e+03
19.2 9.808282e+03 9.818326e+03 9.679818e+03 9.669774e+03
20.2 9.841961e+03 9.867996e+03 9.682176e+03 9.656141e+03
0.9 9.889026e+03 9.864177e+03 9.682762e+03 9.707611e+03
1.9 9.897740e+03 9.906409e+03 9.675500e+03 9.666832e+03
2.9 9.869180e+03 9.845896e+03 9.668193e+03 9.691477e+03
3.9 9.836323e+03 9.840665e+03 9.669823e+03 9.665480e+03
4.9 9.814987e+03 9.821560e+03 9.675291e+03 9.668718e+03
5.9 9.808282e+03 9.818326e+03 9.679818e+03 9.669774e+03
6.9 9.841961e+03 9.867996e+03 9.682176e+03 9.656141e+03
7.9 9.872060e+03 9.919625e+03 9.677018e+03 9.629453e+03
8.9 9.881308e+03 9.870712e+03 9.670289e+03 9.680885e+03
9.9 9.864375e+03 9.844586e+03 9.671541e+03 9.691330e+03
10.9 9.856143e+03 9.835128e+03 9.676459e+03 9.697474e+03
11.9 9.887444e+03 9.856852e+03 9.680520e+03 9.711112e+03
12.9 9.924109e+03 9.910547e+03 9.682884e+03 9.696446e+03
13.9 9.916669e+03 9.921199e+03 9.684031e+03 9.679501e+03
14.9 9.915123e+03 9.868566e+03 9.684418e+03 9.730975e+03
15.9 9.854758e+03 9.858119e+03 9.684349e+03 9.680988e+03
16.9 9.789720e+03 9.849504e+03 9.684062e+03 9.624278e+03
17.9 9.785240e+03 9.837689e+03 9.683733e+03 9.631285e+03
18.9 9.813628e+03 9.874296e+03 9.683461e+03 9.622793e+03
19.9 9.841974e+03 9.921737e+03 9.683274e+03 9.603512e+03
20.9 9.845373e+03 9.863257e+03 9.683162e+03 9.665278e+03
0.9 9.841961e+03 9.867996e+03 9.682176e+03 9.656141e+03
1.9 9.872060e+03 9.919625e+03 9.677018e+03 9.629453e+03
2.9 9.881308e+03 9.870712e+03 9.670289e+03 9.680885e+03
3.9 9.864375e+03 9.844586e+03 9.671541e+03 9.691330e+03
4.9 9.856143e+03 9.835128e+03 9.676459e+03 9.697474e+03
5.9 9.887444e+03 9.856852e+03 9.680520e+03 9.711112e+03
6.9 9.924109e+03 9.910547e+03 9.682884e+03 9.696446e+03
7.9 9.916669e+03 9.921199e+03 9.684031e+03 9.679501e+03
8.9 9.915123e+03 9.868566e+03 9.684418e+03 9.730975e+03
9.9 9.854758e+03 9.858119e+03 9.684349e+03 9.680988e+03
10.9 9.789720e+03 9.849504e+03 9.684062e+03 9.624278e+03
11.9 9.785240e+03 9.837689e+03 9.683733e+03 9.631285e+03
12.9 9.813628e+03 9.874296e+03 9.683461e+03 9.622793e+03
13.9 9.841974e+03 9.921737e+03 9.683274e+03 9.603512e+03
14.9 9.845373e+03 9.863257e+03 9.683162e+03 9.665278e+03
15.9 9.820163e+03 9.866926e+03 9.683101e+03 9.636339e+03
16.9 9.834598e+03 9.864528e+03 9.683071e+03 9.653142e+03
17.9 9.856423e+03 9.896345e+03 9.683058e+03 9.643136e+03
18.9 9.899881e+03 9.912603e+03 9.683052e+03 9.670330e+03
19.9 9.890369e+03 9.927306e+03 9.683049e+03 9.646112e+03
20.9 9.896455e+03 9.888850e+03 9.683048e+03 9.690653e+03
0.7 9.896105e+03 9.895979e+03 9.682935e+03 9.683062e+03
1.7 9.890039e+03 9.941262e+03 9.677829e+03 9.626606e+03
2.7 9.911575e+03 9.907720e+03 9.669617e+03 9.673472e+03
3.7 9.915455e+03 9.932539e+03 9.669550e+03 9.652467e+03
4.7 1.003394e+04 9.974870e+03 9.673625e+03 9.732696e+03
5.7 9.998295e+03 9.970045e+03 9.670417e+03 9.698666e+03
6.7 9.969129e+03 9.901663e+03 9.667644e+03 9.735110e+03
7.7 9.955059e+03 9.915843e+03 9.671773e+03 9.710989e+03
8.7 9.935436e+03 9.812486e+03 9.677660e+03 9.800610e+03
9.7 9.880481e+03 9.884394e+03 9.681756e+03 9.677843e+03
10.7 9.878239e+03 9.815415e+03 9.683860e+03 9.746684e+03
11.7 9.892310e+03 9.972957e+03 9.684394e+03 9.603746e+03
12.7 9.928512e+03 9.766511e+03 9.678202e+03 9.840203e+03
13.7 9.499394e+03 9.463075e+03 9.670512e+03 9.706831e+03
14.7 1.007008e+04 1.003678e+04 9.671173e+03 9.704471e+03
15.7 1.005368e+04 9.929118e+03 9.675963e+03 9.800528e+03
16.7 1.003027e+04 1.000491e+04 9.680118e+03 9.705482e+03
17.7 9.983845e+03 9.931932e+03 9.682618e+03 9.734531e+03
18.7 9.767617e+03 9.835321e+03 9.683879e+03 9.616175e+03
19.7 9.913336e+03 9.813816e+03 9.684340e+03 9.783859e+03
20.7 9.921615e+03 9.905017e+03 9.681713e+03 9.698311e+03
0.1 9.915455e+03 9.932539e+03 9.669550e+03 9.652467e+03
1.1 1.003394e+04 9.974870e+03 9.673625e+03 9.732696e+03
2.1 9.998295e+03 9.970045e+03 9.670417e+03 9.698666e+03
3.1 9.969129e+03 9.901663e+03 9.667644e+03 9.735110e+03
4.1 9.955059e+03 9.915843e+03 9.671773e+03 9.710989e+03
5.1 9.935436e+03 9.812486e+03 9.677660e+03 9.800610e+03
6.1 9.880481e+03 9.884394e+03 9.681756e+03 9.677843e+03
7.1 9.878239e+03 9.815415e+03 9.683860e+03 9.746684e+03
8.1 9.892310e+03 9.972957e+03 9.684394e+03 9.603746e+03
9.1 9.928512e+03 9.766511e+03 9.678202e+03 9.840203e+03
10.1 9.499394e+03 9.463075e+03 9.670512e+03 9.706831e+03
11.1 1.007008e+04 1.003678e+04 9.671173e+03 9.704471e+03
12.1 1.005368e+04 9.929118e+03 9.675963e+03 9.800528e+03
13.1 1.003027e+04 1.000491e+04 9.680118e+03 9.705482e+03
14.1 9.983845e+03 9.931932e+03 9.682618e+03 9.734531e+03
15.1 9.767617e+03 9.835321e+03 9.683879e+03 9.616175e+03
16.1 9.913336e+03 9.813816e+03 9.684340e+03 9.783859e+03
17.1 9.921615e+03 9.905017e+03 9.681713e+03 9.698311e+03
18.1 9.792121e+03 9.786842e+03 9.672563e+03 9.677843e+03
19.1 9.798135e+03 9.768844e+03 9.669384e+03 9.698675e+03
20.1 9.702512e+03 9.741460e+03 9.673242e+03 9.634294e+03
0.9 9.892310e+03 9.972957e+03 9.684394e+03 9.603746e+03
1.9 9.928512e+03 9.766511e+03 9.678202e+03 9.840203e+03
2.9 9.499394e+03 9.463075e+03 9.670512e+03 9.706831e+03
3.9 1.007008e+04 1.003678e+04 9.671173e+03 9.704471e+03
4.9 1.005368e+04 9.929118e+03 9.675963e+03 9.800528e+03
5.9 1.003027e+04 1.000491e+04 9.680118e+03 9.705482e+03
6.9 9.983845e+03 9.931932e+03 9.682618e+03 9.734531e+03
7.9 9.767617e+03 9.835321e+03 9.683879e+03 9.616175e+03
8.9 9.913336e+03 9.813816e+03 9.684340e+03 9.783859e+03
9.9 9.921615e+03 9.905017e+03 9.681713e+03 9.698311e+03
10.9 9.792121e+03 9.786842e+03 9.672563e+03 9.677843e+03
11.9 9.798135e+03 9.768844e+03 9.669384e+03 9.698675e+03
12.9 9.702512e+03 9.741460e+03 9.673242e+03 9.634294e+03
13.9 9.623490e+03 9.715570e+03 9.678144e+03 9.586063e+03
14.9 9.701318e+03 9.744823e+03 9.681493e+03 9.637988e+03
15.9 9.676784e+03 9.781121e+03 9.680890e+03 9.576554e+03
16.9 9.682367e+03 9.736397e+03 9.672457e+03 9.618427e+03
17.9 9.726006e+03 9.738879e+03 9.669229e+03 9.656356e+03
18.9 9.158384e+03 9.292960e+03 9.673208e+03 9.538632e+03
19.9 9.761933e+03 9.864925e+03 9.678284e+03 9.575292e+03
20.9 9.842239e+03 9.783095e+03 9.681705e+03 9.740850e+03
0.4 9.913336e+03 9.813816e+03 9.684340e+03 9.783859e+03
1.4 9.921615e+03 9.905017e+03 9.681713e+03 9.698311e+03
2.4 9.792121e+03 9.786842e+03 9.672563e+03 9.677843e+03
3.4 9.798135e+03 9.768844e+03 9.669384e+03 9.698675e+03
4.4 9.702512e+03 9.741460e+03 9.673242e+03 9.634294e+03
5.4 9.623490e+03 9.715570e+03 9.678144e+03 9.586063e+03
6.4 9.701318e+03 9.744823e+03 9.681493e+03 9.637988e+03
7.4 9.676784e+03 9.781121e+03 9.680890e+03 9.576554e+03
8.4 9.682367e+03 9.736397e+03 9.672457e+03 9.618427e+03
9.4 9.726006e+03 9.738879e+03 9.669229e+03 9.656356e+03
10.4 9.158384e+03 9.292960e+03 9.673208e+03 9.538632e+03
11.4 9.761933e+03 9.864925e+03 9.678284e+03 9.575292e+03
12.4 9.842239e+03 9.783095e+03 9.681705e+03 9.740850e+03
13.4 9.764245e+03 9.615664e+03 9.683535e+03 9.832116e+03
14.4 9.781971e+03 9.761295e+03 9.684332e+03 9.705007e+03
15.4 9.678508e+03 9.609652e+03 9.684487e+03 9.753342e+03
16.4 9.612727e+03 9.676861e+03 9.684284e+03 9.620149e+03
17.4 9.495929e+03 9.417858e+03 9.683946e+03 9.762017e+03
18.4 9.032497e+03 9.109682e+03 9.683622e+03 9.606437e+03
19.4 9.409956e+03 9.361027e+03 9.683378e+03 9.732307e+03
20.4 9.650254e+03 9.603637e+03 9.682315e+03 9.728932e+03
0.4 9.701318e+03 9.744823e+03 9.681493e+03 9.637988e+03
1.4 9.676784e+03 9.781121e+03 9.680890e+03 9.576554e+03
2.4 9.682367e+03 9.736397e+03 9.672457e+03 9.618427e+03
3.4 9.726006e+03 9.738879e+03 9.669229e+03 9.656356e+03
4.4 9.158384e+03 9.292960e+03 9.673208e+03 9.538632e+03
5.4 9.761933e+03 9.864925e+03 9.678284e+03 9.575292e+03
6.4 9.842239e+03 9.783095e+03 9.681705e+03 9.740850e+03
7.4 9.764245e+03 9.615664e+03 9.683535e+03 9.832116e+03
8.4 9.781971e+03 9.761295e+03 9.684332e+03 9.705007e+03
9.4 9.678508e+03 9.609652e+03 9.684487e+03 9.753342e+03
10.4 9.612727e+03 9.676861e+03 9.684284e+03 9.620149e+03
11.4 9.495929e+03 9.417858e+03 9.683946e+03 9.762017e+03
12.4 9.032497e+03 9.109682e+03 9.683622e+03 9.606437e+03
13.4 9.409956e+03 9.361027e+03 9.683378e+03 9.732307e+03
14.4 9.650254e+03 9.603637e+03 9.682315e+03 9.728932e+03
15.4 8.878020e+03 8.924384e+03 9.674056e+03 9.627692e+03
16.4 9.657340e+03 9.646326e+03 9.667918e+03 9.678932e+03
17.4 9.588519e+03 9.865412e+03 9.670532e+03 9.393638e+03
18.4 9.087762e+03 9.203444e+03 9.676048e+03 9.560366e+03
19.4 9.763280e+03 9.742130e+03 9.680309e+03 9.701459e+03
20.4 9.439161e+03 9.561226e+03 9.682077e+03 9.560012e+03
0.1 9.409956e+03 9.361027e+03 9.683378e+03 9.732307e+03
1.1 9.650254e+03 9.603637e+03 9.682315e+03 9.728932e+03
2.1 8.878020e+03 8.924384e+03 9.674056e+03 9.627692e+03
3.1 9.657340e+03 9.646326e+03 9.667918e+03 9.678932e+03
4.1 9.588519e+03 9.865412e+03 9.670532e+03 9.393638e+03
5.1 9.087762e+03 9.203444e+03 9.676048e+03 9.560366e+03
6.1 9.763280e+03 9.742130e+03 9.680309e+03 9.701459e+03
7.1 9.439161e+03 9.561226e+03 9.682077e+03 9.560012e+03
8.1 9.765510e+03 9.715421e+03 9.675749e+03 9.725839e+03
9.1 9.697161e+03 9.850847e+03 9.669991e+03 9.516305e+03
10.1 9.585664e+03 9.575013e+03 9.672171e+03 9.682822e+03
11.1 9.432271e+03 9.495248e+03 9.677142e+03 9.614166e+03
12.1 9.783001e+03 9.704308e+03 9.679691e+03 9.758384e+03
13.1 9.773119e+03 9.694922e+03 9.673532e+03 9.751728e+03
14.1 9.745839e+03 9.676142e+03 9.669599e+03 9.739296e+03
15.1 9.783220e+03 9.704135e+03 9.672972e+03 9.752057e+03
16.1 9.739889e+03 9.693284e+03 9.674429e+03 9.721034e+03
17.1 9.621333e+03 9.606103e+03 9.669225e+03 9.684454e+03
18.1 9.656674e+03 9.688994e+03 9.669557e+03 9.637237e+03
19.1 9.612930e+03 9.658637e+03 9.674947e+03 9.629240e+03
20.1 9.232841e+03 9.152537e+03 9.680020e+03 9.760325e+03
1.0 9.439161e+03 9.561226e+03 9.682077e+03 9.560012e+03
2.0 9.765510e+03 9.715421e+03 9.675749e+03 9.725839e+03
3.0 9.697161e+03 9.850847e+03 9.669991e+03 9.516305e+03
4.0 9.585664e+03 9.575013e+03 9.672171e+03 9.682822e+03
5.0 9.432271e+03 9.495248e+03 9.677142e+03 9.614166e+03
6.0 9.783001e+03 9.704308e+03 9.679691e+03 9.758384e+03
7.0 9.773119e+03 9.694922e+03 9.673532e+03 9.751728e+03
8.0 9.745839e+03 9.676142e+03 9.669599e+03 9.739296e+03
9.0 9.783220e+03 9.704135e+03 9.672972e+03 9.752057e+03
10.0 9.739889e+03 9.693284e+03 9.674429e+03 9.721034e+03
11.0 9.621333e+03 9.606103e+03 9.669225e+03 9.684454e+03
12.0 9.656674e+03 9.688994e+03 9.669557e+03 9.637237e+03
13.0 9.612930e+03 9.658637e+03 9.674947e+03 9.629240e+03
14.0 9.232841e+03 9.152537e+03 9.680020e+03 9.760325e+03
15.0 9.666606e+03 9.645490e+03 9.683008e+03 9.704125e+03
16.0 9.753074e+03 9.680627e+03 9.680933e+03 9.753380e+03
17.0 9.700706e+03 9.630482e+03 9.672513e+03 9.742737e+03
18.0 9.691111e+03 9.664818e+03 9.670581e+03 9.696875e+03
19.0 9.598990e+03 9.577428e+03 9.674728e+03 9.696290e+03
20.0 9.646192e+03 9.647695e+03 9.679279e+03 9.677777e+03
21.0 9.648554e+03 9.590214e+03 9.682201e+03 9.740540e+03
0.2 9.432271e+03 9.495248e+03 9.677142e+03 9.614166e+03
1.2 9.783001e+03 9.704308e+03 9.679691e+03 9.758384e+03
2.2 9.773119e+03 9.694922e+03 9.673532e+03 9.751728e+03
3.2 9.745839e+03 9.676142e+03 9.669599e+03 9.739296e+03
4.2 9.783220e+03 9.704135e+03 9.672972e+03 9.752057e+03
5.2 9.739889e+03 9.693284e+03 9.674429e+03 9.721034e+03
6.2 9.621333e+03 9.606103e+03 9.669225e+03 9.684454e+03
7.2 9.656674e+03 9.688994e+03 9.669557e+03 9.637237e+03
8.2 9.612930e+03 9.658637e+03 9.674947e+03 9.629240e+03
9.2 9.232841e+03 9.152537e+03 9.680020e+03 9.760325e+03
10.2 9.666606e+03 9.645490e+03 9.683008e+03 9.704125e+03
11.2 9.753074e+03 9.680627e+03 9.680933e+03 9.753380e+03
12.2 9.700706e+03 9.630482e+03 9.672513e+03 9.742737e+03
13.2 9.691111e+03 9.664818e+03 9.670581e+03 9.696875e+03
14.2 9.598990e+03 9.577428e+03 9.674728e+03 9.696290e+03
15.2 9.646192e+03 9.647695e+03 9.679279e+03 9.677777e+03
16.2 9.648554e+03 9.590214e+03 9.682201e+03 9.740540e+03
17.2 9.679314e+03 9.633795e+03 9.683720e+03 9.729239e+03
18.2 9.724887e+03 9.666267e+03 9.682641e+03 9.741261e+03
19.2 9.686972e+03 9.709818e+03 9.674077e+03 9.651231e+03
20.2 9.529398e+03 9.498701e+03 9.669670e+03 9.700367e+03
0.5 9.783220e+03 9.704135e+03 9.672972e+03 9.752057e+03
1.5 9.739889e+03 9.693284e+03 9.674429e+03 9.721034e+03
2.5 9.621333e+03 9.606103e+03 9.669225e+03 9.684454e+03
3.5 9.656674e+03 9.688994e+03 9.669557e+03 9.637237e+03
4.5 9.612930e+03 9.658637e+03 9.674947e+03 9.629240e+03
5.5 9.232841e+03 9.152537e+03 9.680020e+03 9.760325e+03
6.5 9.666606e+03 9.645490e+03 9.683008e+03 9.704125e+03
7.5 9.753074e+03 9.680627e+03 9.680933e+03 9.753380e+03
8.5 9.700706e+03 9.630482e+03 9.672513e+03 9.742737e+03
9.5 9.691111e+03 9.664818e+03 9.670581e+03 9.696875e+03
10.5 9.598990e+03 9.577428e+03 9.674728e+03 9.696290e+03
11.5 9.646192e+03 9.647695e+03 9.679279e+03 9.677777e+03
12.5 9.648554e+03 9.590214e+03 9.682201e+03 9.740540e+03
13.5 9.679314e+03 9.633795e+03 9.683720e+03 9.729239e+03
14.5 9.724887e+03 9.666267e+03 9.682641e+03 9.741261e+03
15.5 9.686972e+03 9.709818e+03 9.674077e+03 9.651231e+03
16.5 9.529398e+03 9.498701e+03 9.669670e+03 9.700367e+03
17.5 9.668509e+03 9.590393e+03 9.672865e+03 9.750981e+03
18.5 9.695239e+03 9.683431e+03 9.677773e+03 9.689581e+03
19.5 9.670149e+03 9.674207e+03 9.681279e+03 9.677222e+03
20.5 9.400692e+03 9.495355e+03 9.683232e+03 9.588569e+03
0.5 9.666606e+03 9.645490e+03 9.683008e+03 9.704125e+03
1.5 9.753074e+03 9.680627e+03 9.680933e+03 9.753380e+03
2.5 9.700706e+03 9.630482e+03 9.672513e+03 9.742737e+03
3.5 9.691111e+03 9.664818e+03 9.670581e+03 9.696875e+03
4.5 9.598990e+03 9.577428e+03 9.674728e+03 9.696290e+03
5.5 9.646192e+03 9.647695e+03 9.679279e+03 9.677777e+03
6.5 9.648554e+03 9.590214e+03 9.682201e+03 9.740540e+03
7.5 9.679314e+03 9.633795e+03 9.683720e+03 9.729239e+03
8.5 9.724887e+03 9.666267e+03 9.682641e+03 9.741261e+03
9.5 9.686972e+03 9.709818e+03 9.674077e+03 9.651231e+03
10.5 9.529398e+03 9.498701e+03 9.669670e+03 9.700367e+03
11.5 9.668509e+03 9.590393e+03 9.672865e+03 9.750981e+03
12.5 9.695239e+03 9.683431e+03 9.677773e+03 9.689581e+03
13.5 9.670149e+03 9.674207e+03 9.681279e+03 9.677222e+03
14.5 9.400692e+03 9.495355e+03 9.683232e+03 9.588569e+03
15.5 9.560875e+03 9.647847e+03 9.684136e+03 9.597165e+03
16.5 9.692942e+03 9.684219e+03 9.684376e+03 9.693100e+03
17.5 9.678794e+03 9.656895e+03 9.684230e+03 9.706129e+03
18.5 9.624972e+03 9.711550e+03 9.683926e+03 9.597348e+03
19.5 9.670073e+03 9.670506e+03 9.683618e+03 9.683185e+03
20.5 9.696001e+03 9.690727e+03 9.683380e+03 9.688654e+03
0.3 9.679314e+03 9.633795e+03 9.683720e+03 9.729239e+03
1.3 9.724887e+03 9.666267e+03 9.682641e+03 9.741261e+03
2.3 9.686972e+03 9.709818e+03 9.674077e+03 9.651231e+03
3.3 9.529398e+03 9.498701e+03 9.669670e+03 9.700367e+03
4.3 9.668509e+03 9.590393e+03 9.672865e+03 9.750981e+03
5.3 9.695239e+03 9.683431e+03 9.677773e+03 9.689581e+03
6.3 9.670149e+03 9.674207e+03 9.681279e+03 9.677222e+03
7.3 9.400692e+03 9.495355e+03 9.683232e+03 9.588569e+03
8.3 9.560875e+03 9.647847e+03 9.684136e+03 9.597165e+03
9.3 9.692942e+03 9.684219e+03 9.684376e+03 9.693100e+03
10.3 9.678794e+03 9.656895e+03 9.684230e+03 9.706129e+03
11.3 9.624972e+03 9.711550e+03 9.683926e+03 9.597348e+03
12.3 9.670073e+03 9.670506e+03 9.683618e+03 9.683185e+03
13.3 9.696001e+03 9.690727e+03 9.683380e+03 9.688654e+03
14.3 9.656613e+03 9.675178e+03 9.683224e+03 9.664659e+03
15.3 9.618656e+03 9.663177e+03 9.683135e+03 9.638614e+03
16.3 9.618613e+03 9.623330e+03 9.683088e+03 9.678370e+03
17.3 9.625921e+03 9.649825e+03 9.683065e+03 9.659161e+03
18.3 9.695291e+03 9.685411e+03 9.683055e+03 9.692935e+03
19.3 9.666606e+03 9.709270e+03 9.683050e+03 9.640387e+03
20.3 9.632754e+03 9.657621e+03 9.683049e+03 9.658182e+03
0.6 9.721511e+03 9.661009e+03 9.683015e+03 9.743516e+03
1.6 9.669803e+03 9.669700e+03 9.679104e+03 9.679207e+03
2.6 9.532779e+03 9.587118e+03 9.670384e+03 9.616045e+03
3.6 9.646955e+03 9.568541e+03 9.669086e+03 9.747501e+03
4.6 9.686893e+03 9.696702e+03 9.673755e+03 9.663947e+03
5.6 9.469381e+03 9.510607e+03 9.678639e+03 9.637412e+03
6.6 9.626420e+03 9.611178e+03 9.681801e+03 9.697043e+03
7.6 9.559171e+03 9.563184e+03 9.683489e+03 9.679475e+03
8.6 9.601445e+03 9.563220e+03 9.684213e+03 9.722438e+03
9.6 9.626628e+03 9.631046e+03 9.683433e+03 9.679015e+03
10.6 9.602714e+03 9.634763e+03 9.675348e+03 9.643299e+03
11.6 9.609464e+03 9.652023e+03 9.669345e+03 9.626786e+03
12.6 9.609500e+03 9.608807e+03 9.671664e+03 9.672358e+03
13.6 9.599558e+03 9.606626e+03 9.676722e+03 9.669654e+03
14.6 9.627330e+03 9.607005e+03 9.680626e+03 9.700952e+03
15.6 9.649176e+03 9.662311e+03 9.682886e+03 9.669751e+03
16.6 9.630713e+03 9.668681e+03 9.683987e+03 9.646018e+03
17.6 9.632209e+03 9.633004e+03 9.684345e+03 9.683550e+03
18.6 9.608576e+03 9.609844e+03 9.684261e+03 9.682993e+03
19.6 9.619833e+03 9.608830e+03 9.683977e+03 9.694979e+03
20.6 9.604141e+03 9.578994e+03 9.683665e+03 9.708811e+03
0.1 9.601445e+03 9.563220e+03 9.684213e+03 9.722438e+03
1.1 9.626628e+03 9.631046e+03 9.683433e+03 9.679015e+03
2.1 9.602714e+03 9.634763e+03 9.675348e+03 9.643299e+03
3.1 9.609464e+03 9.652023e+03 9.669345e+03 9.626786e+03
4.1 9.609500e+03 9.608807e+03 9.671664e+03 9.672358e+03
5.1 9.599558e+03 9.606626e+03 9.676722e+03 9.669654e+03
6.1 9.627330e+03 9.607005e+03 9.680626e+03 9.700952e+03
7.1 9.649176e+03 9.662311e+03 9.682886e+03 9.669751e+03
8.1 9.630713e+03 9.668681e+03 9.683987e+03 9.646018e+03
9.1 9.632209e+03 9.633004e+03 9.684345e+03 9.683550e+03
10.1 9.608576e+03 9.609844e+03 9.684261e+03 9.682993e+03
11.1 9.619833e+03 9.608830e+03 9.683977e+03 9.694979e+03
12.1 9.604141e+03 9.578994e+03 9.683665e+03 9.708811e+03
13.1 9.661479e+03 9.636050e+03 9.683414e+03 9.708843e+03
14.1 9.638210e+03 9.632128e+03 9.683246e+03 9.689328e+03
15.1 9.560652e+03 9.629336e+03 9.683146e+03 9.614462e+03
16.1 9.583919e+03 9.579525e+03 9.683094e+03 9.687488e+03
17.1 9.590391e+03 9.557861e+03 9.683068e+03 9.715597e+03
18.1 9.557653e+03 9.557509e+03 9.683056e+03 9.683200e+03
19.1 9.541702e+03 9.568486e+03 9.683051e+03 9.656267e+03
20.1 9.547962e+03 9.535201e+03 9.683049e+03 9.695810e+03
0.3 9.583796e+03 9.557529e+03 9.683047e+03 9.709315e+03
1.3 9.610250e+03 9.578805e+03 9.681181e+03 9.712626e+03
2.3 9.536762e+03 9.585719e+03 9.672470e+03 9.623512e+03
3.3 9.568228e+03 9.565190e+03 9.668555e+03 9.671593e+03
4.3 9.566765e+03 9.560544e+03 9.672212e+03 9.678433e+03
5.3 9.576655e+03 9.567764e+03 9.677401e+03 9.686292e+03
6.3 9.569293e+03 9.580870e+03 9.681073e+03 9.669496e+03
7.3 9.559925e+03 9.550339e+03 9.683124e+03 9.692711e+03
8.3 9.582726e+03 9.551407e+03 9.684081e+03 9.715400e+03
9.3 9.587013e+03 9.560354e+03 9.684344e+03 9.711003e+03
10.3 9.588668e+03 9.585313e+03 9.684153e+03 9.687508e+03
11.3 9.567709e+03 9.612813e+03 9.679471e+03 9.634368e+03
12.3 9.542816e+03 9.585547e+03 9.670614e+03 9.627883e+03
13.3 9.570989e+03 9.532372e+03 9.669584e+03 9.708201e+03
14.3 9.607862e+03 9.654675e+03 9.674239e+03 9.627425e+03
15.3 9.611263e+03 9.626255e+03 9.678785e+03 9.663792e+03
16.3 9.604437e+03 9.607780e+03 9.676215e+03 9.672872e+03
17.3 9.569142e+03 9.626037e+03 9.669888e+03 9.612993e+03
18.3 9.610012e+03 9.596893e+03 9.670958e+03 9.684078e+03
19.3 9.575724e+03 9.539189e+03 9.676117e+03 9.712653e+03
20.3 9.689317e+03 9.601435e+03 9.680484e+03 9.768366e+03
0.6 9.588668e+03 9.585313e+03 9.684153e+03 9.687508e+03
1.6 9.567709e+03 9.612813e+03 9.679471e+03 9.634368e+03
2.6 9.542816e+03 9.585547e+03 9.670614e+03 9.627883e+03
3.6 9.570989e+03 9.532372e+03 9.669584e+03 9.708201e+03
4.6 9.607862e+03 9.654675e+03 9.674239e+03 9.627425e+03
5.6 9.611263e+03 9.626255e+03 9.678785e+03 9.663792e+03
6.6 9.604437e+03 9.607780e+03 9.676215e+03 9.672872e+03
7.6 9.569142e+03 9.626037e+03 9.669888e+03 9.612993e+03
8.6 9.610012e+03 9.596893e+03 9.670958e+03 9.684078e+03
9.6 9.575724e+03 9.539189e+03 9.676117e+03 9.712653e+03
10.6 9.689317e+03 9.601435e+03 9.680484e+03 9.768366e+03
11.6 9.666655e+03 9.628736e+03 9.682855e+03 9.720773e+03
12.6 9.632323e+03 9.628785e+03 9.678682e+03 9.682220e+03
13.6 9.637635e+03 9.545308e+03 9.670981e+03 9.763308e+03
14.6 9.611591e+03 9.621804e+03 9.671058e+03 9.660845e+03
15.6 9.538422e+03 9.636489e+03 9.674750e+03 9.576684e+03
16.6 9.497261e+03 9.585301e+03 9.670690e+03 9.582649e+03
17.6 9.556224e+03 9.517681e+03 9.667429e+03 9.705972e+03
18.6 9.549056e+03 9.516291e+03 9.671533e+03 9.704299e+03
19.6 9.508843e+03 9.529907e+03 9.677535e+03 9.656472e+03
20.6 9.521270e+03 9.538711e+03 9.681728e+03 9.664287e+03
0.8 9.611263e+03 9.626255e+03 9.678785e+03 9.663792e+03
1.8 9.604437e+03 9.607780e+03 9.676215e+03 9.672872e+03
2.8 9.569142e+03 9.626037e+03 9.669888e+03 9.612993e+03
3.8 9.610012e+03 9.596893e+03 9.670958e+03 9.684078e+03
4.8 9.575724e+03 9.539189e+03 9.676117e+03 9.712653e+03
5.8 9.689317e+03 9.601435e+03 9.680484e+03 9.768366e+03
6.8 9.666655e+03 9.628736e+03 9.682855e+03 9.720773e+03
7.8 9.632323e+03 9.628785e+03 9.678682e+03 9.682220e+03
8.8 9.637635e+03 9.545308e+03 9.670981e+03 9.763308e+03
9.8 9.611591e+03 9.621804e+03 9.671058e+03 9.660845e+03
10.8 9.538422e+03 9.636489e+03 9.674750e+03 9.576684e+03
11.8 9.497261e+03 9.585301e+03 9.670690e+03 9.582649e+03
12.8 9.556224e+03 9.517681e+03 9.667429e+03 9.705972e+03
13.8 9.549056e+03 9.516291e+03 9.671533e+03 9.704299e+03
14.8 9.508843e+03 9.529907e+03 9.677535e+03 9.656472e+03
15.8 9.521270e+03 9.538711e+03 9.681728e+03 9.664287e+03
16.8 9.587822e+03 9.595183e+03 9.683889e+03 9.676528e+03
17.8 9.581882e+03 9.579548e+03 9.684741e+03 9.687075e+03
18.8 9.524000e+03 9.595882e+03 9.684844e+03 9.612962e+03
19.8 9.538108e+03 9.582530e+03 9.684555e+03 9.640133e+03
20.8 9.624883e+03 9.625352e+03 9.681331e+03 9.680862e+03
0.7 9.666655e+03 9.628736e+03 9.682855e+03 9.720773e+03
1.7 9.632323e+03 9.628785e+03 9.678682e+03 9.682220e+03
2.7 9.637635e+03 9.545308e+03 9.670981e+03 9.763308e+03
3.7 9.611591e+03 9.621804e+03 9.671058e+03 9.660845e+03
4.7 9.538422e+03 9.636489e+03 9.674750e+03 9.576684e+03
5.7 9.497261e+03 9.585301e+03 9.670690e+03 9.582649e+03
6.7 9.556224e+03 9.517681e+03 9.667429e+03 9.705972e+03
7.7 9.549056e+03 9.516291e+03 9.671533e+03 9.704299e+03
8.7 9.508843e+03 9.529907e+03 9.677535e+03 9.656472e+03
9.7 9.521270e+03 9.538711e+03 9.681728e+03 9.664287e+03
10.7 9.587822e+03 9.595183e+03 9.683889e+03 9.676528e+03
11.7 9.581882e+03 9.579548e+03 9.684741e+03 9.687075e+03
12.7 9.524000e+03 9.595882e+03 9.684844e+03 9.612962e+03
13.7 9.538108e+03 9.582530e+03 9.684555e+03 9.640133e+03
14.7 9.624883e+03 9.625352e+03 9.681331e+03 9.680862e+03
15.7 9.641806e+03 9.565631e+03 9.672046e+03 9.748221e+03
16.7 9.570026e+03 9.547784e+03 9.669156e+03 9.691397e+03
17.7 9.568778e+03 9.501209e+03 9.673197e+03 9.740766e+03
18.7 9.674170e+03 9.576242e+03 9.678102e+03 9.776030e+03
19.7 9.616516e+03 9.632442e+03 9.677313e+03 9.661387e+03
20.7 9.554341e+03 9.600017e+03 9.670506e+03 9.624829e+03
0.1 9.611591e+03 9.621804e+03 9.671058e+03 9.660845e+03
1.1 9.538422e+03 9.636489e+03 9.674750e+03 9.576684e+03
2.1 9.497261e+03 9.585301e+03 9.670690e+03 9.582649e+03
3.1 9.556224e+03 9.517681e+03 9.667429e+03 9.705972e+03
4.1 9.549056e+03 9.516291e+03 9.671533e+03 9.704299e+03
5.1 9.508843e+03 9.529907e+03 9.677535e+03 9.656472e+03
6.1 9.521270e+03 9.538711e+03 9.681728e+03 9.664287e+03
7.1 9.587822e+03 9.595183e+03 9.683889e+03 9.676528e+03
8.1 9.581882e+03 9.579548e+03 9.684741e+03 9.687075e+03
9.1 9.524000e+03 9.595882e+03 9.684844e+03 9.612962e+03
10.1 9.538108e+03 9.582530e+03 9.684555e+03 9.640133e+03
11.1 9.624883e+03 9.625352e+03 9.681331e+03 9.680862e+03
12.1 9.641806e+03 9.565631e+03 9.672046e+03 9.748221e+03
13.1 9.570026e+03 9.547784e+03 9.669156e+03 9.691397e+03
14.1 9.568778e+03 9.501209e+03 9.673197e+03 9.740766e+03
15.1 9.674170e+03 9.576242e+03 9.678102e+03 9.776030e+03
16.1 9.616516e+03 9.632442e+03 9.677313e+03 9.661387e+03
17.1 9.554341e+03 9.600017e+03 9.670506e+03 9.624829e+03
18.1 9.601263e+03 9.581046e+03 9.670285e+03 9.690502e+03
19.1 9.565985e+03 9.622566e+03 9.675210e+03 9.618629e+03
20.1 9.526281e+03 9.600021e+03 9.679880e+03 9.606140e+03
0.4 9.538108e+03 9.582530e+03 9.684555e+03 9.640133e+03
1.4 9.624883e+03 9.625352e+03 9.681331e+03 9.680862e+03
2.4 9.641806e+03 9.565631e+03 9.672046e+03 9.748221e+03
3.4 9.570026e+03 9.547784e+03 9.669156e+03 9.691397e+03
4.4 9.568778e+03 9.501209e+03 9.673197e+03 9.740766e+03
5.4 9.674170e+03 9.576242e+03 9.678102e+03 9.776030e+03
6.4 9.616516e+03 9.632442e+03 9.677313e+03 9.661387e+03
7.4 9.554341e+03 9.600017e+03 9.670506e+03 9.624829e+03
8.4 9.601263e+03 9.581046e+03 9.670285e+03 9.690502e+03
9.4 9.565985e+03 9.622566e+03 9.675210e+03 9.618629e+03
10.4 9.526281e+03 9.600021e+03 9.679880e+03 9.606140e+03
11.4 9.492973e+03 9.508057e+03 9.682685e+03 9.667600e+03
12.4 9.540953e+03 9.532088e+03 9.684042e+03 9.692908e+03
13.4 9.562813e+03 9.558455e+03 9.684523e+03 9.688881e+03
14.4 9.537506e+03 9.576466e+03 9.684490e+03 9.645529e+03
15.4 9.526547e+03 9.548488e+03 9.684200e+03 9.662260e+03
16.4 9.550639e+03 9.573171e+03 9.683846e+03 9.661314e+03
17.4 9.571922e+03 9.557499e+03 9.683540e+03 9.697963e+03
18.4 9.563346e+03 9.578428e+03 9.683323e+03 9.668241e+03
19.4 9.592798e+03 9.548587e+03 9.683190e+03 9.727401e+03
20.4 9.582680e+03 9.540672e+03 9.683116e+03 9.725124e+03
0.6 9.674170e+03 9.576242e+03 9.678102e+03 9.776030e+03
1.6 9.616516e+03 9.632442e+03 9.677313e+03 9.661387e+03
2.6 9.554341e+03 9.600017e+03 9.670506e+03 9.624829e+03
3.6 9.601263e+03 9.581046e+03 9.670285e+03 9.690502e+03
4.6 9.565985e+03 9.622566e+03 9.675210e+03 9.618629e+03
5.6 9.526281e+03 9.600021e+03 9.679880e+03 9.606140e+03
6.6 9.492973e+03 9.508057e+03 9.682685e+03 9.667600e+03
7.6 9.540953e+03 9.532088e+03 9.684042e+03 9.692908e+03
8.6 9.562813e+03 9.558455e+03 9.684523e+03 9.688881e+03
9.6 9.537506e+03 9.576466e+03 9.684490e+03 9.645529e+03
10.6 9.526547e+03 9.548488e+03 9.684200e+03 9.662260e+03
11.6 9.550639e+03 9.573171e+03 9.683846e+03 9.661314e+03
12.6 9.571922e+03 9.557499e+03 9.683540e+03 9.697963e+03
13.6 9.563346e+03 9.578428e+03 9.683323e+03 9.668241e+03
14.6 9.592798e+03 9.548587e+03 9.683190e+03 9.727401e+03
15.6 9.582680e+03 9.540672e+03 9.683116e+03 9.725124e+03
16.6 9.627071e+03 9.577434e+03 9.683078e+03 9.732715e+03
17.6 9.618833e+03 9.609889e+03 9.683060e+03 9.692005e+03
18.6 9.595843e+03 9.595906e+03 9.683053e+03 9.682989e+03
19.6 9.580217e+03 9.576040e+03 9.683050e+03 9.687227e+03
20.6 9.577442e+03 9.604802e+03 9.683048e+03 9.655688e+03
1.0 9.563521e+03 9.588653e+03 9.682344e+03 9.657212e+03
2.0 9.527312e+03 9.587028e+03 9.674807e+03 9.615091e+03
3.0 9.537661e+03 9.579811e+03 9.668645e+03 9.626495e+03
4.0 9.544965e+03 9.521731e+03 9.670899e+03 9.694133e+03
5.0 9.549736e+03 9.532585e+03 9.676164e+03 9.693315e+03
6.0 9.588594e+03 9.556844e+03 9.680303e+03 9.712053e+03
7.0 9.591582e+03 9.585932e+03 9.682184e+03 9.687835e+03
8.0 9.590162e+03 9.595840e+03 9.676225e+03 9.670547e+03
9.0 9.578430e+03 9.583568e+03 9.670026e+03 9.664889e+03
10.0 9.569532e+03 9.574896e+03 9.671848e+03 9.666484e+03
11.0 9.596466e+03 9.555332e+03 9.676820e+03 9.717954e+03
12.0 9.604097e+03 9.574942e+03 9.679735e+03 9.708890e+03
13.0 9.606279e+03 9.612969e+03 9.673948e+03 9.667258e+03
14.0 9.592644e+03 9.569841e+03 9.669577e+03 9.692380e+03
15.0 9.646161e+03 9.630832e+03 9.672695e+03 9.688025e+03
16.0 9.655643e+03 9.579407e+03 9.677867e+03 9.754104e+03
17.0 9.612351e+03 9.602519e+03 9.681556e+03 9.691388e+03
18.0 9.599302e+03 9.568504e+03 9.683523e+03 9.714321e+03
19.0 9.600748e+03 9.610415e+03 9.684369e+03 9.674702e+03
20.0 9.589613e+03 9.576241e+03 9.684549e+03 9.697922e+03
21.0 9.549037e+03 9.574950e+03 9.684357e+03 9.658445e+03
1.0 9.591582e+03 9.585932e+03 9.682184e+03 9.687835e+03
2.0 9.590162e+03 9.595840e+03 9.676225e+03 9.670547e+03
3.0 9.578430e+03 9.583568e+03 9.670026e+03 9.664889e+03
4.0 9.569532e+03 9.574896e+03 9.671848e+03 9.666484e+03
5.0 9.596466e+03 9.555332e+03 9.676820e+03 9.717954e+03
6.0 9.604097e+03 9.574942e+03 9.679735e+03 9.708890e+03
7.0 9.606279e+03 9.612969e+03 9.673948e+03 9.667258e+03
8.0 9.592644e+03 9.569841e+03 9.669577e+03 9.692380e+03
9.0 9.646161e+03 9.630832e+03 9.672695e+03 9.688025e+03
10.0 9.655643e+03 9.579407e+03 9.677867e+03 9.754104e+03
11.0 9.612351e+03 9.602519e+03 9.681556e+03 9.691388e+03
12.0 9.599302e+03 9.568504e+03 9.683523e+03 9.714321e+03
13.0 9.600748e+03 9.610415e+03 9.684369e+03 9.674702e+03
14.0 9.589613e+03 9.576241e+03 9.684549e+03 9.697922e+03
15.0 9.549037e+03 9.574950e+03 9.684357e+03 9.658445e+03
16.0 9.531868e+03 9.499923e+03 9.684016e+03 9.715961e+03
17.0 9.538713e+03 9.531543e+03 9.683678e+03 9.690848e+03
0.1 9.596466e+03 9.555332e+03 9.676820e+03 9.717954e+03
1.1 9.604097e+03 9.574942e+03 9.679735e+03 9.708890e+03
2.1 9.606279e+03 9.612969e+03 9.673948e+03 9.667258e+03
3.1 9.592644e+03 9.569841e+03 9.669577e+03 9.692380e+03
4.1 9.646161e+03 9.630832e+03 9.672695e+03 9.688025e+03
5.1 9.655643e+03 9.579407e+03 9.677867e+03 9.754104e+03
6.1 9.612351e+03 9.602519e+03 9.681556e+03 9.691388e+03
7.1 9.599302e+03 9.568504e+03 9.683523e+03 9.714321e+03
8.1 9.600748e+03 9.610415e+03 9.684369e+03 9.674702e+03
9.1 9.589613e+03 9.576241e+03 9.684549e+03 9.697922e+03
10.1 9.549037e+03 9.574950e+03 9.684357e+03 9.658445e+03
11.1 9.531868e+03 9.499923e+03 9.684016e+03 9.715961e+03
12.1 9.538713e+03 9.531543e+03 9.683678e+03 9.690848e+03
