0.1 5.136133e+03 5.128398e+03 4.381351e+03 4.389085e+03
1.1 5.102595e+03 5.117191e+03 4.387290e+03 4.372694e+03
2.1 5.158117e+03 5.145241e+03 4.434367e+03 4.447242e+03
3.1 5.301152e+03 5.183706e+03 4.466272e+03 4.583719e+03
4.1 5.360519e+03 5.184720e+03 4.450025e+03 4.625825e+03
5.1 5.293171e+03 5.100247e+03 4.419185e+03 4.612110e+03
6.1 5.147676e+03 5.119546e+03 4.395850e+03 4.423979e+03
7.1 5.115609e+03 5.090781e+03 4.382425e+03 4.407254e+03
8.1 5.179065e+03 5.192086e+03 4.375916e+03 4.362895e+03
9.1 5.175229e+03 5.188328e+03 4.373811e+03 4.360712e+03
10.1 5.241164e+03 5.190645e+03 4.374310e+03 4.424830e+03
11.1 5.205386e+03 5.136315e+03 4.375973e+03 4.445044e+03
12.1 5.125791e+03 5.124631e+03 4.377787e+03 4.378947e+03
13.1 5.205567e+03 5.158691e+03 4.379241e+03 4.426117e+03
14.1 5.243634e+03 5.199581e+03 4.380213e+03 4.424266e+03
15.1 5.210291e+03 5.217314e+03 4.380784e+03 4.373762e+03
16.1 5.121458e+03 5.218599e+03 4.381088e+03 4.283947e+03
17.1 5.115893e+03 5.230538e+03 4.381236e+03 4.266590e+03
18.1 5.151399e+03 5.219216e+03 4.381303e+03 4.313486e+03
19.1 5.147019e+03 5.266775e+03 4.381332e+03 4.261576e+03
20.1 5.127582e+03 5.237424e+03 4.381872e+03 4.272029e+03
0.7 5.127582e+03 5.237424e+03 4.381872e+03 4.272029e+03
1.7 5.174085e+03 5.230463e+03 4.410370e+03 4.353991e+03
2.7 5.199751e+03 5.268191e+03 4.459208e+03 4.390769e+03
3.7 5.216518e+03 5.236376e+03 4.460999e+03 4.441141e+03
4.7 5.201204e+03 5.240282e+03 4.437468e+03 4.398390e+03
5.7 5.211792e+03 5.274750e+03 4.457684e+03 4.394726e+03
6.7 5.209729e+03 5.259990e+03 4.475990e+03 4.425729e+03
7.7 5.210678e+03 5.239048e+03 4.451446e+03 4.423076e+03
8.7 5.261954e+03 5.238003e+03 4.415334e+03 4.439285e+03
9.7 5.329255e+03 5.216511e+03 4.389936e+03 4.502680e+03
10.7 5.355911e+03 5.292467e+03 4.376766e+03 4.440210e+03
11.7 5.360859e+03 5.298425e+03 4.371519e+03 4.433953e+03
12.7 5.321407e+03 5.267921e+03 4.370790e+03 4.424277e+03
13.7 5.252975e+03 5.252381e+03 4.372429e+03 4.373022e+03
14.7 5.289003e+03 5.291921e+03 4.390118e+03 4.387200e+03
15.7 5.399719e+03 5.320747e+03 4.444473e+03 4.523445e+03
16.7 5.345541e+03 5.346188e+03 4.462968e+03 4.462321e+03
17.7 5.312977e+03 5.328513e+03 4.440913e+03 4.425377e+03
18.7 5.269453e+03 5.337712e+03 4.444488e+03 4.376229e+03
19.7 5.266838e+03 5.365732e+03 4.470954e+03 4.372059e+03
20.7 5.316750e+03 5.336324e+03 4.457652e+03 4.438077e+03
0.1 5.216518e+03 5.236376e+03 4.460999e+03 4.441141e+03
1.1 5.201204e+03 5.240282e+03 4.437468e+03 4.398390e+03
2.1 5.211792e+03 5.274750e+03 4.457684e+03 4.394726e+03
3.1 5.209729e+03 5.259990e+03 4.475990e+03 4.425729e+03
4.1 5.210678e+03 5.239048e+03 4.451446e+03 4.423076e+03
5.1 5.261954e+03 5.238003e+03 4.415334e+03 4.439285e+03
6.1 5.329255e+03 5.216511e+03 4.389936e+03 4.502680e+03
7.1 5.355911e+03 5.292467e+03 4.376766e+03 4.440210e+03
8.1 5.360859e+03 5.298425e+03 4.371519e+03 4.433953e+03
9.1 5.321407e+03 5.267921e+03 4.370790e+03 4.424277e+03
10.1 5.252975e+03 5.252381e+03 4.372429e+03 4.373022e+03
11.1 5.289003e+03 5.291921e+03 4.390118e+03 4.387200e+03
12.1 5.399719e+03 5.320747e+03 4.444473e+03 4.523445e+03
13.1 5.345541e+03 5.346188e+03 4.462968e+03 4.462321e+03
14.1 5.312977e+03 5.328513e+03 4.440913e+03 4.425377e+03
15.1 5.269453e+03 5.337712e+03 4.444488e+03 4.376229e+03
16.1 5.266838e+03 5.365732e+03 4.470954e+03 4.372059e+03
17.1 5.316750e+03 5.336324e+03 4.457652e+03 4.438077e+03
18.1 5.316149e+03 5.301027e+03 4.423016e+03 4.438139e+03
19.1 5.357883e+03 5.292515e+03 4.395014e+03 4.460382e+03
20.1 5.413775e+03 5.350839e+03 4.379453e+03 4.442389e+03
0.4 5.252975e+03 5.252381e+03 4.372429e+03 4.373022e+03
1.4 5.289003e+03 5.291921e+03 4.390118e+03 4.387200e+03
2.4 5.399719e+03 5.320747e+03 4.444473e+03 4.523445e+03
3.4 5.345541e+03 5.346188e+03 4.462968e+03 4.462321e+03
4.4 5.312977e+03 5.328513e+03 4.440913e+03 4.425377e+03
5.4 5.269453e+03 5.337712e+03 4.444488e+03 4.376229e+03
6.4 5.266838e+03 5.365732e+03 4.470954e+03 4.372059e+03
7.4 5.316750e+03 5.336324e+03 4.457652e+03 4.438077e+03
8.4 5.316149e+03 5.301027e+03 4.423016e+03 4.438139e+03
9.4 5.357883e+03 5.292515e+03 4.395014e+03 4.460382e+03
10.4 5.413775e+03 5.350839e+03 4.379453e+03 4.442389e+03
11.4 5.486673e+03 5.376856e+03 4.372703e+03 4.482519e+03
12.4 5.451824e+03 5.362105e+03 4.371057e+03 4.460776e+03
13.4 5.443734e+03 5.318718e+03 4.372158e+03 4.497175e+03
14.4 5.339581e+03 5.291075e+03 4.374407e+03 4.422912e+03
15.4 5.336010e+03 5.361991e+03 4.376732e+03 4.350751e+03
16.4 5.287931e+03 5.386460e+03 4.378588e+03 4.280059e+03
17.4 5.367147e+03 5.412159e+03 4.379841e+03 4.334829e+03
18.4 5.352178e+03 5.379935e+03 4.380589e+03 4.352831e+03
19.4 5.351318e+03 5.365552e+03 4.380992e+03 4.366758e+03
20.4 5.234176e+03 5.323928e+03 4.381192e+03 4.291439e+03
0.8 5.312977e+03 5.328513e+03 4.440913e+03 4.425377e+03
1.8 5.269453e+03 5.337712e+03 4.444488e+03 4.376229e+03
2.8 5.266838e+03 5.365732e+03 4.470954e+03 4.372059e+03
3.8 5.316750e+03 5.336324e+03 4.457652e+03 4.438077e+03
4.8 5.316149e+03 5.301027e+03 4.423016e+03 4.438139e+03
5.8 5.357883e+03 5.292515e+03 4.395014e+03 4.460382e+03
6.8 5.413775e+03 5.350839e+03 4.379453e+03 4.442389e+03
7.8 5.486673e+03 5.376856e+03 4.372703e+03 4.482519e+03
8.8 5.451824e+03 5.362105e+03 4.371057e+03 4.460776e+03
9.8 5.443734e+03 5.318718e+03 4.372158e+03 4.497175e+03
10.8 5.339581e+03 5.291075e+03 4.374407e+03 4.422912e+03
11.8 5.336010e+03 5.361991e+03 4.376732e+03 4.350751e+03
12.8 5.287931e+03 5.386460e+03 4.378588e+03 4.280059e+03
13.8 5.367147e+03 5.412159e+03 4.379841e+03 4.334829e+03
14.8 5.352178e+03 5.379935e+03 4.380589e+03 4.352831e+03
15.8 5.351318e+03 5.365552e+03 4.380992e+03 4.366758e+03
16.8 5.234176e+03 5.323928e+03 4.381192e+03 4.291439e+03
17.8 5.369146e+03 5.338345e+03 4.382985e+03 4.413785e+03
18.8 5.471670e+03 5.366715e+03 4.420950e+03 4.525906e+03
19.8 5.467207e+03 5.420960e+03 4.467030e+03 4.513278e+03
20.8 5.496692e+03 5.393043e+03 4.461211e+03 4.564860e+03
0.9 5.369146e+03 5.338345e+03 4.382985e+03 4.413785e+03
1.9 5.471670e+03 5.366715e+03 4.420950e+03 4.525906e+03
2.9 5.467207e+03 5.420960e+03 4.467030e+03 4.513278e+03
3.9 5.496692e+03 5.393043e+03 4.461211e+03 4.564860e+03
4.9 5.398690e+03 5.368434e+03 4.429561e+03 4.459817e+03
5.9 5.268457e+03 5.337041e+03 4.402116e+03 4.333532e+03
6.9 5.123396e+03 5.318691e+03 4.386654e+03 4.191359e+03
7.9 5.206371e+03 5.372686e+03 4.412267e+03 4.245953e+03
8.9 5.281205e+03 5.413627e+03 4.454487e+03 4.322065e+03
9.9 5.261173e+03 5.389852e+03 4.450768e+03 4.322089e+03
10.9 5.223675e+03 5.362929e+03 4.422409e+03 4.283155e+03
11.9 5.210447e+03 5.345199e+03 4.400925e+03 4.266173e+03
12.9 5.332876e+03 5.432641e+03 4.428207e+03 4.328442e+03
13.9 5.392891e+03 5.478651e+03 4.459713e+03 4.373953e+03
14.9 5.416733e+03 5.423666e+03 4.446143e+03 4.439210e+03
15.9 5.522913e+03 5.475369e+03 4.428638e+03 4.476182e+03
16.9 5.513275e+03 5.483415e+03 4.457118e+03 4.486978e+03
17.9 5.547692e+03 5.507778e+03 4.464217e+03 4.504131e+03
18.9 5.474341e+03 5.465308e+03 4.435665e+03 4.444699e+03
19.9 5.419083e+03 5.452928e+03 4.404065e+03 4.370219e+03
20.9 5.410717e+03 5.482232e+03 4.384078e+03 4.312563e+03
0.8 5.123396e+03 5.318691e+03 4.386654e+03 4.191359e+03
1.8 5.206371e+03 5.372686e+03 4.412267e+03 4.245953e+03
2.8 5.281205e+03 5.413627e+03 4.454487e+03 4.322065e+03
3.8 5.261173e+03 5.389852e+03 4.450768e+03 4.322089e+03
4.8 5.223675e+03 5.362929e+03 4.422409e+03 4.283155e+03
5.8 5.210447e+03 5.345199e+03 4.400925e+03 4.266173e+03
6.8 5.332876e+03 5.432641e+03 4.428207e+03 4.328442e+03
7.8 5.392891e+03 5.478651e+03 4.459713e+03 4.373953e+03
8.8 5.416733e+03 5.423666e+03 4.446143e+03 4.439210e+03
9.8 5.522913e+03 5.475369e+03 4.428638e+03 4.476182e+03
10.8 5.513275e+03 5.483415e+03 4.457118e+03 4.486978e+03
11.8 5.547692e+03 5.507778e+03 4.464217e+03 4.504131e+03
12.8 5.474341e+03 5.465308e+03 4.435665e+03 4.444699e+03
13.8 5.419083e+03 5.452928e+03 4.404065e+03 4.370219e+03
14.8 5.410717e+03 5.482232e+03 4.384078e+03 4.312563e+03
15.8 5.378753e+03 5.356916e+03 4.374456e+03 4.396293e+03
16.8 5.378027e+03 5.357707e+03 4.371162e+03 4.391482e+03
17.8 5.563461e+03 5.425841e+03 4.371402e+03 4.509022e+03
18.8 5.534038e+03 5.369993e+03 4.373358e+03 4.537404e+03
19.8 5.456492e+03 5.316572e+03 4.375763e+03 4.515683e+03
20.8 5.451036e+03 5.237936e+03 4.377863e+03 4.590964e+03
1.0 5.210447e+03 5.345199e+03 4.400925e+03 4.266173e+03
2.0 5.332876e+03 5.432641e+03 4.428207e+03 4.328442e+03
3.0 5.392891e+03 5.478651e+03 4.459713e+03 4.373953e+03
4.0 5.416733e+03 5.423666e+03 4.446143e+03 4.439210e+03
5.0 5.522913e+03 5.475369e+03 4.428638e+03 4.476182e+03
6.0 5.513275e+03 5.483415e+03 4.457118e+03 4.486978e+03
7.0 5.547692e+03 5.507778e+03 4.464217e+03 4.504131e+03
8.0 5.474341e+03 5.465308e+03 4.435665e+03 4.444699e+03
9.0 5.419083e+03 5.452928e+03 4.404065e+03 4.370219e+03
10.0 5.410717e+03 5.482232e+03 4.384078e+03 4.312563e+03
11.0 5.378753e+03 5.356916e+03 4.374456e+03 4.396293e+03
12.0 5.378027e+03 5.357707e+03 4.371162e+03 4.391482e+03
13.0 5.563461e+03 5.425841e+03 4.371402e+03 4.509022e+03
14.0 5.534038e+03 5.369993e+03 4.373358e+03 4.537404e+03
15.0 5.456492e+03 5.316572e+03 4.375763e+03 4.515683e+03
16.0 5.451036e+03 5.237936e+03 4.377863e+03 4.590964e+03
17.0 5.445214e+03 5.220072e+03 4.379375e+03 4.604516e+03
18.0 5.325369e+03 5.180792e+03 4.380320e+03 4.524898e+03
19.0 5.272709e+03 5.210321e+03 4.380851e+03 4.443240e+03
20.0 5.204678e+03 5.093880e+03 4.381124e+03 4.491921e+03
21.0 4.587978e+03 4.663784e+03 4.381255e+03 4.305448e+03
0.3 5.416733e+03 5.423666e+03 4.446143e+03 4.439210e+03
1.3 5.522913e+03 5.475369e+03 4.428638e+03 4.476182e+03
2.3 5.513275e+03 5.483415e+03 4.457118e+03 4.486978e+03
3.3 5.547692e+03 5.507778e+03 4.464217e+03 4.504131e+03
4.3 5.474341e+03 5.465308e+03 4.435665e+03 4.444699e+03
5.3 5.419083e+03 5.452928e+03 4.404065e+03 4.370219e+03
6.3 5.410717e+03 5.482232e+03 4.384078e+03 4.312563e+03
7.3 5.378753e+03 5.356916e+03 4.374456e+03 4.396293e+03
8.3 5.378027e+03 5.357707e+03 4.371162e+03 4.391482e+03
9.3 5.563461e+03 5.425841e+03 4.371402e+03 4.509022e+03
10.3 5.534038e+03 5.369993e+03 4.373358e+03 4.537404e+03
11.3 5.456492e+03 5.316572e+03 4.375763e+03 4.515683e+03
12.3 5.451036e+03 5.237936e+03 4.377863e+03 4.590964e+03
13.3 5.445214e+03 5.220072e+03 4.379375e+03 4.604516e+03
14.3 5.325369e+03 5.180792e+03 4.380320e+03 4.524898e+03
15.3 5.272709e+03 5.210321e+03 4.380851e+03 4.443240e+03
16.3 5.204678e+03 5.093880e+03 4.381124e+03 4.491921e+03
17.3 4.587978e+03 4.663784e+03 4.381255e+03 4.305448e+03
18.3 5.345087e+03 5.342798e+03 4.381312e+03 4.383600e+03
19.3 5.445279e+03 5.304484e+03 4.381335e+03 4.522130e+03
20.3 5.432186e+03 5.210212e+03 4.385466e+03 4.607440e+03
1.0 5.432186e+03 5.210212e+03 4.385466e+03 4.607440e+03
2.0 5.414896e+03 5.175459e+03 4.429614e+03 4.669051e+03
3.0 5.209350e+03 4.953799e+03 4.465706e+03 4.721257e+03
4.0 5.100876e+03 5.047725e+03 4.452504e+03 4.505655e+03
5.0 5.013674e+03 5.035890e+03 4.421669e+03 4.399453e+03
6.0 5.100412e+03 4.985461e+03 4.397428e+03 4.512379e+03
7.0 5.127297e+03 5.110291e+03 4.383262e+03 4.400268e+03
8.0 5.007442e+03 5.053798e+03 4.376273e+03 4.329917e+03
9.0 4.962787e+03 5.037363e+03 4.373867e+03 4.299290e+03
10.0 4.828497e+03 5.052067e+03 4.374204e+03 4.150634e+03
11.0 4.725423e+03 5.041253e+03 4.375814e+03 4.059984e+03
12.0 4.722074e+03 5.045200e+03 4.377642e+03 4.054516e+03
13.0 4.597913e+03 4.926389e+03 4.379135e+03 4.050660e+03
14.0 4.017094e+03 4.121506e+03 4.380957e+03 4.276545e+03
15.0 4.156060e+03 4.321149e+03 4.412877e+03 4.247788e+03
16.0 4.467165e+03 4.477250e+03 4.460489e+03 4.450404e+03
17.0 4.658989e+03 4.434448e+03 4.459660e+03 4.684201e+03
18.0 4.454863e+03 4.384314e+03 4.436247e+03 4.506795e+03
19.0 4.323957e+03 4.210356e+03 4.456246e+03 4.569848e+03
20.0 4.292302e+03 4.336168e+03 4.471351e+03 4.427484e+03
21.0 3.993825e+03 4.032402e+03 4.446381e+03 4.407804e+03
0.8 4.017094e+03 4.121506e+03 4.380957e+03 4.276545e+03
1.8 4.156060e+03 4.321149e+03 4.412877e+03 4.247788e+03
2.8 4.467165e+03 4.477250e+03 4.460489e+03 4.450404e+03
3.8 4.658989e+03 4.434448e+03 4.459660e+03 4.684201e+03
4.8 4.454863e+03 4.384314e+03 4.436247e+03 4.506795e+03
5.8 4.323957e+03 4.210356e+03 4.456246e+03 4.569848e+03
6.8 4.292302e+03 4.336168e+03 4.471351e+03 4.427484e+03
7.8 3.993825e+03 4.032402e+03 4.446381e+03 4.407804e+03
8.8 3.712182e+03 4.000609e+03 4.412036e+03 4.123609e+03
9.8 4.100946e+03 4.071402e+03 4.388419e+03 4.417963e+03
10.8 4.160530e+03 4.377797e+03 4.376370e+03 4.159103e+03
11.8 3.698396e+03 3.749522e+03 4.371705e+03 4.320579e+03
12.8 4.321062e+03 4.355343e+03 4.371217e+03 4.336936e+03
13.8 4.272263e+03 4.487662e+03 4.372865e+03 4.157465e+03
14.8 4.246376e+03 4.203084e+03 4.375233e+03 4.418526e+03
15.8 4.200221e+03 4.376504e+03 4.377435e+03 4.201153e+03
16.8 4.174656e+03 4.243811e+03 4.379083e+03 4.309928e+03
17.8 4.232081e+03 4.372443e+03 4.380147e+03 4.239784e+03
18.8 4.261482e+03 4.450889e+03 4.380758e+03 4.191351e+03
19.8 4.336637e+03 4.331671e+03 4.381077e+03 4.386043e+03
20.8 3.724240e+03 3.957269e+03 4.381233e+03 4.148204e+03
0.1 4.658989e+03 4.434448e+03 4.459660e+03 4.684201e+03
1.1 4.454863e+03 4.384314e+03 4.436247e+03 4.506795e+03
2.1 4.323957e+03 4.210356e+03 4.456246e+03 4.569848e+03
3.1 4.292302e+03 4.336168e+03 4.471351e+03 4.427484e+03
4.1 3.993825e+03 4.032402e+03 4.446381e+03 4.407804e+03
5.1 3.712182e+03 4.000609e+03 4.412036e+03 4.123609e+03
6.1 4.100946e+03 4.071402e+03 4.388419e+03 4.417963e+03
7.1 4.160530e+03 4.377797e+03 4.376370e+03 4.159103e+03
8.1 3.698396e+03 3.749522e+03 4.371705e+03 4.320579e+03
9.1 4.321062e+03 4.355343e+03 4.371217e+03 4.336936e+03
10.1 4.272263e+03 4.487662e+03 4.372865e+03 4.157465e+03
11.1 4.246376e+03 4.203084e+03 4.375233e+03 4.418526e+03
12.1 4.200221e+03 4.376504e+03 4.377435e+03 4.201153e+03
13.1 4.174656e+03 4.243811e+03 4.379083e+03 4.309928e+03
14.1 4.232081e+03 4.372443e+03 4.380147e+03 4.239784e+03
15.1 4.261482e+03 4.450889e+03 4.380758e+03 4.191351e+03
16.1 4.336637e+03 4.331671e+03 4.381077e+03 4.386043e+03
17.1 3.724240e+03 3.957269e+03 4.381233e+03 4.148204e+03
18.1 4.369812e+03 4.321841e+03 4.381303e+03 4.429273e+03
19.1 4.632635e+03 4.444261e+03 4.381332e+03 4.569705e+03
20.1 4.543244e+03 4.405202e+03 4.381343e+03 4.519385e+03
0.9 3.890089e+03 3.872549e+03 4.383352e+03 4.400892e+03
1.9 4.044749e+03 4.046229e+03 4.421510e+03 4.420030e+03
2.9 3.997729e+03 4.061782e+03 4.463836e+03 4.399783e+03
3.9 3.940077e+03 4.063983e+03 4.456365e+03 4.332459e+03
4.9 3.964155e+03 4.013365e+03 4.425944e+03 4.376734e+03
5.9 4.033397e+03 4.013435e+03 4.400229e+03 4.420191e+03
6.9 3.937007e+03 3.777323e+03 4.384772e+03 4.544455e+03
7.9 3.822530e+03 3.875580e+03 4.377270e+03 4.324219e+03
8.9 3.946917e+03 3.909437e+03 4.400006e+03 4.437486e+03
9.9 4.076852e+03 3.999672e+03 4.450153e+03 4.527334e+03
10.9 3.908897e+03 3.869113e+03 4.456315e+03 4.496099e+03
11.9 3.844996e+03 3.999848e+03 4.430003e+03 4.275151e+03
12.9 4.028377e+03 3.999844e+03 4.404623e+03 4.433157e+03
13.9 3.991944e+03 3.906946e+03 4.422824e+03 4.507822e+03
14.9 3.970616e+03 4.000365e+03 4.462130e+03 4.432381e+03
15.9 3.833039e+03 3.911830e+03 4.455389e+03 4.376598e+03
16.9 3.763972e+03 3.851552e+03 4.430410e+03 4.342829e+03
17.9 3.809704e+03 3.844361e+03 4.451638e+03 4.416981e+03
18.9 3.808832e+03 3.835444e+03 4.466738e+03 4.440127e+03
19.9 3.761426e+03 3.806248e+03 4.442342e+03 4.397520e+03
20.9 3.813296e+03 3.869033e+03 4.409252e+03 4.353516e+03
0.6 3.822530e+03 3.875580e+03 4.377270e+03 4.324219e+03
1.6 3.946917e+03 3.909437e+03 4.400006e+03 4.437486e+03
2.6 4.076852e+03 3.999672e+03 4.450153e+03 4.527334e+03
3.6 3.908897e+03 3.869113e+03 4.456315e+03 4.496099e+03
4.6 3.844996e+03 3.999848e+03 4.430003e+03 4.275151e+03
5.6 4.028377e+03 3.999844e+03 4.404623e+03 4.433157e+03
6.6 3.991944e+03 3.906946e+03 4.422824e+03 4.507822e+03
7.6 3.970616e+03 4.000365e+03 4.462130e+03 4.432381e+03
8.6 3.833039e+03 3.911830e+03 4.455389e+03 4.376598e+03
9.6 3.763972e+03 3.851552e+03 4.430410e+03 4.342829e+03
10.6 3.809704e+03 3.844361e+03 4.451638e+03 4.416981e+03
11.6 3.808832e+03 3.835444e+03 4.466738e+03 4.440127e+03
12.6 3.761426e+03 3.806248e+03 4.442342e+03 4.397520e+03
13.6 3.813296e+03 3.869033e+03 4.409252e+03 4.353516e+03
14.6 3.975216e+03 3.974574e+03 4.398872e+03 4.399514e+03
15.6 4.038074e+03 4.022496e+03 4.441222e+03 4.456801e+03
16.6 4.073456e+03 4.028268e+03 4.460270e+03 4.505458e+03
17.6 3.989661e+03 4.033876e+03 4.437223e+03 4.393007e+03
18.6 3.826701e+03 3.827493e+03 4.407181e+03 4.406389e+03
19.6 3.575276e+03 3.670743e+03 4.387179e+03 4.291711e+03
20.6 4.120246e+03 4.008443e+03 4.386861e+03 4.498663e+03
0.8 4.028377e+03 3.999844e+03 4.404623e+03 4.433157e+03
1.8 3.991944e+03 3.906946e+03 4.422824e+03 4.507822e+03
2.8 3.970616e+03 4.000365e+03 4.462130e+03 4.432381e+03
3.8 3.833039e+03 3.911830e+03 4.455389e+03 4.376598e+03
4.8 3.763972e+03 3.851552e+03 4.430410e+03 4.342829e+03
5.8 3.809704e+03 3.844361e+03 4.451638e+03 4.416981e+03
6.8 3.808832e+03 3.835444e+03 4.466738e+03 4.440127e+03
7.8 3.761426e+03 3.806248e+03 4.442342e+03 4.397520e+03
8.8 3.813296e+03 3.869033e+03 4.409252e+03 4.353516e+03
9.8 3.975216e+03 3.974574e+03 4.398872e+03 4.399514e+03
10.8 4.038074e+03 4.022496e+03 4.441222e+03 4.456801e+03
11.8 4.073456e+03 4.028268e+03 4.460270e+03 4.505458e+03
12.8 3.989661e+03 4.033876e+03 4.437223e+03 4.393007e+03
13.8 3.826701e+03 3.827493e+03 4.407181e+03 4.406389e+03
14.8 3.575276e+03 3.670743e+03 4.387179e+03 4.291711e+03
15.8 4.120246e+03 4.008443e+03 4.386861e+03 4.498663e+03
16.8 4.093468e+03 4.032058e+03 4.433250e+03 4.494660e+03
17.8 3.957460e+03 3.943566e+03 4.457185e+03 4.471078e+03
18.8 3.835262e+03 3.870396e+03 4.437999e+03 4.402866e+03
19.8 3.785714e+03 3.868268e+03 4.409649e+03 4.327095e+03
20.8 3.796252e+03 3.881893e+03 4.389850e+03 4.304209e+03
0.1 3.833039e+03 3.911830e+03 4.455389e+03 4.376598e+03
1.1 3.763972e+03 3.851552e+03 4.430410e+03 4.342829e+03
2.1 3.809704e+03 3.844361e+03 4.451638e+03 4.416981e+03
3.1 3.808832e+03 3.835444e+03 4.466738e+03 4.440127e+03
4.1 3.761426e+03 3.806248e+03 4.442342e+03 4.397520e+03
5.1 3.813296e+03 3.869033e+03 4.409252e+03 4.353516e+03
6.1 3.975216e+03 3.974574e+03 4.398872e+03 4.399514e+03
7.1 4.038074e+03 4.022496e+03 4.441222e+03 4.456801e+03
8.1 4.073456e+03 4.028268e+03 4.460270e+03 4.505458e+03
9.1 3.989661e+03 4.033876e+03 4.437223e+03 4.393007e+03
10.1 3.826701e+03 3.827493e+03 4.407181e+03 4.406389e+03
11.1 3.575276e+03 3.670743e+03 4.387179e+03 4.291711e+03
12.1 4.120246e+03 4.008443e+03 4.386861e+03 4.498663e+03
13.1 4.093468e+03 4.032058e+03 4.433250e+03 4.494660e+03
14.1 3.957460e+03 3.943566e+03 4.457185e+03 4.471078e+03
15.1 3.835262e+03 3.870396e+03 4.437999e+03 4.402866e+03
16.1 3.785714e+03 3.868268e+03 4.409649e+03 4.327095e+03
17.1 3.796252e+03 3.881893e+03 4.389850e+03 4.304209e+03
18.1 3.634754e+03 3.691463e+03 4.388263e+03 4.331553e+03
19.1 3.816090e+03 3.858660e+03 4.435531e+03 4.392961e+03
20.1 4.034840e+03 3.955112e+03 4.462494e+03 4.542223e+03
0.3 3.813296e+03 3.869033e+03 4.409252e+03 4.353516e+03
1.3 3.975216e+03 3.974574e+03 4.398872e+03 4.399514e+03
2.3 4.038074e+03 4.022496e+03 4.441222e+03 4.456801e+03
3.3 4.073456e+03 4.028268e+03 4.460270e+03 4.505458e+03
4.3 3.989661e+03 4.033876e+03 4.437223e+03 4.393007e+03
5.3 3.826701e+03 3.827493e+03 4.407181e+03 4.406389e+03
6.3 3.575276e+03 3.670743e+03 4.387179e+03 4.291711e+03
7.3 4.120246e+03 4.008443e+03 4.386861e+03 4.498663e+03
8.3 4.093468e+03 4.032058e+03 4.433250e+03 4.494660e+03
9.3 3.957460e+03 3.943566e+03 4.457185e+03 4.471078e+03
10.3 3.835262e+03 3.870396e+03 4.437999e+03 4.402866e+03
11.3 3.785714e+03 3.868268e+03 4.409649e+03 4.327095e+03
12.3 3.796252e+03 3.881893e+03 4.389850e+03 4.304209e+03
13.3 3.634754e+03 3.691463e+03 4.388263e+03 4.331553e+03
14.3 3.816090e+03 3.858660e+03 4.435531e+03 4.392961e+03
15.3 4.034840e+03 3.955112e+03 4.462494e+03 4.542223e+03
16.3 4.079055e+03 3.940378e+03 4.443206e+03 4.581882e+03
17.3 3.972369e+03 3.913181e+03 4.412926e+03 4.472114e+03
18.3 3.909803e+03 3.790678e+03 4.391386e+03 4.510511e+03
19.3 3.808263e+03 3.867817e+03 4.379572e+03 4.320019e+03
20.3 3.867098e+03 3.847856e+03 4.376558e+03 4.395800e+03
0.3 3.575276e+03 3.670743e+03 4.387179e+03 4.291711e+03
1.3 4.120246e+03 4.008443e+03 4.386861e+03 4.498663e+03
2.3 4.093468e+03 4.032058e+03 4.433250e+03 4.494660e+03
3.3 3.957460e+03 3.943566e+03 4.457185e+03 4.471078e+03
4.3 3.835262e+03 3.870396e+03 4.437999e+03 4.402866e+03
5.3 3.785714e+03 3.868268e+03 4.409649e+03 4.327095e+03
6.3 3.796252e+03 3.881893e+03 4.389850e+03 4.304209e+03
7.3 3.634754e+03 3.691463e+03 4.388263e+03 4.331553e+03
8.3 3.816090e+03 3.858660e+03 4.435531e+03 4.392961e+03
9.3 4.034840e+03 3.955112e+03 4.462494e+03 4.542223e+03
10.3 4.079055e+03 3.940378e+03 4.443206e+03 4.581882e+03
11.3 3.972369e+03 3.913181e+03 4.412926e+03 4.472114e+03
12.3 3.909803e+03 3.790678e+03 4.391386e+03 4.510511e+03
13.3 3.808263e+03 3.867817e+03 4.379572e+03 4.320019e+03
14.3 3.867098e+03 3.847856e+03 4.376558e+03 4.395800e+03
15.3 3.806690e+03 3.633618e+03 4.414671e+03 4.587743e+03
16.3 3.741145e+03 3.744690e+03 4.456821e+03 4.453275e+03
17.3 3.692349e+03 3.782171e+03 4.450073e+03 4.360251e+03
18.3 3.654903e+03 3.684904e+03 4.421468e+03 4.391467e+03
19.3 3.693826e+03 3.777044e+03 4.397543e+03 4.314326e+03
20.3 3.963603e+03 4.058852e+03 4.383333e+03 4.288085e+03
0.2 3.796252e+03 3.881893e+03 4.389850e+03 4.304209e+03
1.2 3.634754e+03 3.691463e+03 4.388263e+03 4.331553e+03
2.2 3.816090e+03 3.858660e+03 4.435531e+03 4.392961e+03
3.2 4.034840e+03 3.955112e+03 4.462494e+03 4.542223e+03
4.2 4.079055e+03 3.940378e+03 4.443206e+03 4.581882e+03
5.2 3.972369e+03 3.913181e+03 4.412926e+03 4.472114e+03
6.2 3.909803e+03 3.790678e+03 4.391386e+03 4.510511e+03
7.2 3.808263e+03 3.867817e+03 4.379572e+03 4.320019e+03
8.2 3.867098e+03 3.847856e+03 4.376558e+03 4.395800e+03
9.2 3.806690e+03 3.633618e+03 4.414671e+03 4.587743e+03
10.2 3.741145e+03 3.744690e+03 4.456821e+03 4.453275e+03
11.2 3.692349e+03 3.782171e+03 4.450073e+03 4.360251e+03
12.2 3.654903e+03 3.684904e+03 4.421468e+03 4.391467e+03
13.2 3.693826e+03 3.777044e+03 4.397543e+03 4.314326e+03
14.2 3.963603e+03 4.058852e+03 4.383333e+03 4.288085e+03
15.2 3.890948e+03 4.020019e+03 4.376247e+03 4.247176e+03
16.2 3.831733e+03 3.964218e+03 4.373717e+03 4.241231e+03
17.2 3.838941e+03 3.893566e+03 4.373965e+03 4.319340e+03
18.2 3.820530e+03 3.853990e+03 4.375558e+03 4.342097e+03
19.2 3.778864e+03 3.860453e+03 4.381547e+03 4.299959e+03
20.2 3.832853e+03 3.832901e+03 4.427246e+03 4.427198e+03
0.9 3.867098e+03 3.847856e+03 4.376558e+03 4.395800e+03
1.9 3.806690e+03 3.633618e+03 4.414671e+03 4.587743e+03
2.9 3.741145e+03 3.744690e+03 4.456821e+03 4.453275e+03
3.9 3.692349e+03 3.782171e+03 4.450073e+03 4.360251e+03
4.9 3.654903e+03 3.684904e+03 4.421468e+03 4.391467e+03
5.9 3.693826e+03 3.777044e+03 4.397543e+03 4.314326e+03
6.9 3.963603e+03 4.058852e+03 4.383333e+03 4.288085e+03
7.9 3.890948e+03 4.020019e+03 4.376247e+03 4.247176e+03
8.9 3.831733e+03 3.964218e+03 4.373717e+03 4.241231e+03
9.9 3.838941e+03 3.893566e+03 4.373965e+03 4.319340e+03
10.9 3.820530e+03 3.853990e+03 4.375558e+03 4.342097e+03
11.9 3.778864e+03 3.860453e+03 4.381547e+03 4.299959e+03
12.9 3.832853e+03 3.832901e+03 4.427246e+03 4.427198e+03
13.9 3.834744e+03 3.870903e+03 4.464411e+03 4.428252e+03
14.9 3.770822e+03 3.776414e+03 4.451849e+03 4.446257e+03
15.9 3.797523e+03 3.830755e+03 4.421361e+03 4.388129e+03
16.9 3.846514e+03 3.860210e+03 4.397291e+03 4.383595e+03
17.9 3.858940e+03 3.854093e+03 4.386349e+03 4.391196e+03
18.9 3.914326e+03 3.890689e+03 4.421286e+03 4.444923e+03
19.9 3.932349e+03 3.909022e+03 4.457607e+03 4.480934e+03
20.9 3.882425e+03 3.906996e+03 4.446945e+03 4.422374e+03
1.0 3.778864e+03 3.860453e+03 4.381547e+03 4.299959e+03
2.0 3.832853e+03 3.832901e+03 4.427246e+03 4.427198e+03
3.0 3.834744e+03 3.870903e+03 4.464411e+03 4.428252e+03
4.0 3.770822e+03 3.776414e+03 4.451849e+03 4.446257e+03
5.0 3.797523e+03 3.830755e+03 4.421361e+03 4.388129e+03
6.0 3.846514e+03 3.860210e+03 4.397291e+03 4.383595e+03
7.0 3.858940e+03 3.854093e+03 4.386349e+03 4.391196e+03
8.0 3.914326e+03 3.890689e+03 4.421286e+03 4.444923e+03
9.0 3.932349e+03 3.909022e+03 4.457607e+03 4.480934e+03
10.0 3.882425e+03 3.906996e+03 4.446945e+03 4.422374e+03
11.0 3.752412e+03 3.775067e+03 4.417824e+03 4.395169e+03
12.0 3.688473e+03 3.676338e+03 4.394814e+03 4.406948e+03
13.0 3.627870e+03 3.624545e+03 4.381633e+03 4.384958e+03
14.0 3.603408e+03 3.606670e+03 4.375325e+03 4.372064e+03
15.0 3.554295e+03 3.584008e+03 4.373312e+03 4.343599e+03
16.0 3.592115e+03 3.594371e+03 4.373856e+03 4.371600e+03
17.0 3.669719e+03 3.655766e+03 4.375585e+03 4.389538e+03
18.0 3.590972e+03 3.673319e+03 4.377492e+03 4.295145e+03
19.0 3.834258e+03 3.793651e+03 4.379042e+03 4.419650e+03
20.0 3.830265e+03 3.783210e+03 4.380094e+03 4.427149e+03
21.0 3.780594e+03 3.733730e+03 4.380774e+03 4.427639e+03
1.0 3.858940e+03 3.854093e+03 4.386349e+03 4.391196e+03
2.0 3.914326e+03 3.890689e+03 4.421286e+03 4.444923e+03
3.0 3.932349e+03 3.909022e+03 4.457607e+03 4.480934e+03
4.0 3.882425e+03 3.906996e+03 4.446945e+03 4.422374e+03
5.0 3.752412e+03 3.775067e+03 4.417824e+03 4.395169e+03
6.0 3.688473e+03 3.676338e+03 4.394814e+03 4.406948e+03
7.0 3.627870e+03 3.624545e+03 4.381633e+03 4.384958e+03
8.0 3.603408e+03 3.606670e+03 4.375325e+03 4.372064e+03
9.0 3.554295e+03 3.584008e+03 4.373312e+03 4.343599e+03
10.0 3.592115e+03 3.594371e+03 4.373856e+03 4.371600e+03
11.0 3.669719e+03 3.655766e+03 4.375585e+03 4.389538e+03
12.0 3.590972e+03 3.673319e+03 4.377492e+03 4.295145e+03
13.0 3.834258e+03 3.793651e+03 4.379042e+03 4.419650e+03
14.0 3.830265e+03 3.783210e+03 4.380094e+03 4.427149e+03
15.0 3.780594e+03 3.733730e+03 4.380774e+03 4.427639e+03
16.0 3.768268e+03 3.725081e+03 4.398770e+03 4.441957e+03
17.0 3.760326e+03 3.741369e+03 4.450983e+03 4.469940e+03
18.0 3.745069e+03 3.707989e+03 4.464720e+03 4.501800e+03
19.0 3.742481e+03 3.684457e+03 4.439390e+03 4.497413e+03
20.0 3.726102e+03 3.650818e+03 4.409959e+03 4.485243e+03
21.0 3.728830e+03 3.668217e+03 4.390267e+03 4.450881e+03
0.5 3.780594e+03 3.733730e+03 4.380774e+03 4.427639e+03
1.5 3.768268e+03 3.725081e+03 4.398770e+03 4.441957e+03
2.5 3.760326e+03 3.741369e+03 4.450983e+03 4.469940e+03
3.5 3.745069e+03 3.707989e+03 4.464720e+03 4.501800e+03
4.5 3.742481e+03 3.684457e+03 4.439390e+03 4.497413e+03
5.5 3.726102e+03 3.650818e+03 4.409959e+03 4.485243e+03
6.5 3.728830e+03 3.668217e+03 4.390267e+03 4.450881e+03
7.5 3.746522e+03 3.714380e+03 4.379563e+03 4.411705e+03
8.5 3.729983e+03 3.738980e+03 4.374798e+03 4.365801e+03
9.5 3.941059e+03 3.947396e+03 4.373768e+03 4.367432e+03
10.5 4.003908e+03 3.959466e+03 4.374811e+03 4.419252e+03
11.5 4.055870e+03 3.956737e+03 4.376614e+03 4.475747e+03
12.5 4.020667e+03 3.965893e+03 4.378339e+03 4.433113e+03
13.5 4.001913e+03 3.955893e+03 4.379627e+03 4.425647e+03
14.5 4.032531e+03 4.017051e+03 4.380447e+03 4.395928e+03
15.5 3.977709e+03 3.936638e+03 4.380912e+03 4.421983e+03
16.5 4.011596e+03 3.882884e+03 4.381151e+03 4.509863e+03
17.5 4.104484e+03 3.910054e+03 4.381265e+03 4.575695e+03
18.5 3.938198e+03 3.856494e+03 4.381316e+03 4.463020e+03
19.5 3.861493e+03 3.798506e+03 4.381337e+03 4.444324e+03
20.5 3.945069e+03 3.902410e+03 4.381346e+03 4.424004e+03
0.1 3.775107e+03 3.819376e+03 4.381351e+03 4.337081e+03
1.1 3.708639e+03 3.836648e+03 4.386029e+03 4.258021e+03
2.1 3.653343e+03 3.714083e+03 4.431213e+03 4.370473e+03
3.1 3.777421e+03 3.848726e+03 4.465940e+03 4.394635e+03
4.1 3.780446e+03 3.868774e+03 4.451689e+03 4.363361e+03
5.1 3.704498e+03 3.824222e+03 4.420834e+03 4.301110e+03
6.1 3.746825e+03 3.769472e+03 4.396893e+03 4.374247e+03
7.1 3.922674e+03 3.791146e+03 4.382977e+03 4.514505e+03
8.1 3.921899e+03 3.808286e+03 4.376150e+03 4.489763e+03
9.1 3.765194e+03 3.724704e+03 4.373846e+03 4.414336e+03
10.1 3.880867e+03 3.771100e+03 4.374238e+03 4.484005e+03
11.1 3.955399e+03 3.835129e+03 4.375867e+03 4.496137e+03
12.1 3.825911e+03 3.824975e+03 4.377691e+03 4.378627e+03
13.1 3.711700e+03 3.750540e+03 4.382315e+03 4.343476e+03
14.1 3.735863e+03 3.772307e+03 4.425205e+03 4.388762e+03
15.1 3.652590e+03 3.759424e+03 4.464509e+03 4.357676e+03
16.1 3.568859e+03 3.727825e+03 4.453827e+03 4.294861e+03
17.1 3.597812e+03 3.738361e+03 4.436244e+03 4.295695e+03
18.1 3.672429e+03 3.750221e+03 4.463174e+03 4.385382e+03
19.1 3.704705e+03 3.802452e+03 4.468370e+03 4.370623e+03
20.1 3.665650e+03 3.756022e+03 4.438856e+03 4.348484e+03
1.0 3.711700e+03 3.750540e+03 4.382315e+03 4.343476e+03
2.0 3.735863e+03 3.772307e+03 4.425205e+03 4.388762e+03
3.0 3.652590e+03 3.759424e+03 4.464509e+03 4.357676e+03
4.0 3.568859e+03 3.727825e+03 4.453827e+03 4.294861e+03
5.0 3.597812e+03 3.738361e+03 4.436244e+03 4.295695e+03
6.0 3.672429e+03 3.750221e+03 4.463174e+03 4.385382e+03
7.0 3.704705e+03 3.802452e+03 4.468370e+03 4.370623e+03
8.0 3.665650e+03 3.756022e+03 4.438856e+03 4.348484e+03
9.0 3.704586e+03 3.772537e+03 4.436786e+03 4.368835e+03
10.0 3.726480e+03 3.762847e+03 4.466884e+03 4.430517e+03
11.0 3.809440e+03 3.827691e+03 4.458071e+03 4.439820e+03
12.0 3.833687e+03 3.856857e+03 4.424188e+03 4.401018e+03
13.0 3.813709e+03 3.772382e+03 4.397171e+03 4.438499e+03
14.0 3.910237e+03 3.830933e+03 4.417829e+03 4.497133e+03
15.0 3.949128e+03 3.921743e+03 4.454187e+03 4.481572e+03
16.0 3.815830e+03 3.811790e+03 4.446178e+03 4.450218e+03
17.0 3.804330e+03 3.814065e+03 4.417008e+03 4.407273e+03
18.0 3.758325e+03 3.759503e+03 4.393348e+03 4.392171e+03
19.0 3.700342e+03 3.779831e+03 4.380088e+03 4.300599e+03
20.0 3.696223e+03 3.827427e+03 4.374072e+03 4.242869e+03
21.0 3.691216e+03 3.785031e+03 4.372383e+03 4.278568e+03
0.4 3.568859e+03 3.727825e+03 4.453827e+03 4.294861e+03
1.4 3.597812e+03 3.738361e+03 4.436244e+03 4.295695e+03
2.4 3.672429e+03 3.750221e+03 4.463174e+03 4.385382e+03
3.4 3.704705e+03 3.802452e+03 4.468370e+03 4.370623e+03
4.4 3.665650e+03 3.756022e+03 4.438856e+03 4.348484e+03
5.4 3.704586e+03 3.772537e+03 4.436786e+03 4.368835e+03
6.4 3.726480e+03 3.762847e+03 4.466884e+03 4.430517e+03
7.4 3.809440e+03 3.827691e+03 4.458071e+03 4.439820e+03
8.4 3.833687e+03 3.856857e+03 4.424188e+03 4.401018e+03
9.4 3.813709e+03 3.772382e+03 4.397171e+03 4.438499e+03
10.4 3.910237e+03 3.830933e+03 4.417829e+03 4.497133e+03
11.4 3.949128e+03 3.921743e+03 4.454187e+03 4.481572e+03
12.4 3.815830e+03 3.811790e+03 4.446178e+03 4.450218e+03
13.4 3.804330e+03 3.814065e+03 4.417008e+03 4.407273e+03
14.4 3.758325e+03 3.759503e+03 4.393348e+03 4.392171e+03
15.4 3.700342e+03 3.779831e+03 4.380088e+03 4.300599e+03
16.4 3.696223e+03 3.827427e+03 4.374072e+03 4.242869e+03
17.4 3.691216e+03 3.785031e+03 4.372383e+03 4.278568e+03
18.4 3.690426e+03 3.731059e+03 4.373179e+03 4.332546e+03
19.4 3.736886e+03 3.754052e+03 4.375102e+03 4.357935e+03
20.4 3.757286e+03 3.730537e+03 4.377166e+03 4.403915e+03
0.7 3.665650e+03 3.756022e+03 4.438856e+03 4.348484e+03
1.7 3.704586e+03 3.772537e+03 4.436786e+03 4.368835e+03
2.7 3.726480e+03 3.762847e+03 4.466884e+03 4.430517e+03
3.7 3.809440e+03 3.827691e+03 4.458071e+03 4.439820e+03
4.7 3.833687e+03 3.856857e+03 4.424188e+03 4.401018e+03
5.7 3.813709e+03 3.772382e+03 4.397171e+03 4.438499e+03
6.7 3.910237e+03 3.830933e+03 4.417829e+03 4.497133e+03
7.7 3.949128e+03 3.921743e+03 4.454187e+03 4.481572e+03
8.7 3.815830e+03 3.811790e+03 4.446178e+03 4.450218e+03
9.7 3.804330e+03 3.814065e+03 4.417008e+03 4.407273e+03
10.7 3.758325e+03 3.759503e+03 4.393348e+03 4.392171e+03
11.7 3.700342e+03 3.779831e+03 4.380088e+03 4.300599e+03
12.7 3.696223e+03 3.827427e+03 4.374072e+03 4.242869e+03
13.7 3.691216e+03 3.785031e+03 4.372383e+03 4.278568e+03
14.7 3.690426e+03 3.731059e+03 4.373179e+03 4.332546e+03
15.7 3.736886e+03 3.754052e+03 4.375102e+03 4.357935e+03
16.7 3.757286e+03 3.730537e+03 4.377166e+03 4.403915e+03
17.7 3.839721e+03 3.789406e+03 4.378841e+03 4.429155e+03
18.7 3.829100e+03 3.812879e+03 4.379977e+03 4.396199e+03
19.7 3.815906e+03 3.787742e+03 4.380657e+03 4.408821e+03
20.7 3.804857e+03 3.759758e+03 4.381025e+03 4.426124e+03
0.9 3.813709e+03 3.772382e+03 4.397171e+03 4.438499e+03
1.9 3.910237e+03 3.830933e+03 4.417829e+03 4.497133e+03
2.9 3.949128e+03 3.921743e+03 4.454187e+03 4.481572e+03
3.9 3.815830e+03 3.811790e+03 4.446178e+03 4.450218e+03
4.9 3.804330e+03 3.814065e+03 4.417008e+03 4.407273e+03
5.9 3.758325e+03 3.759503e+03 4.393348e+03 4.392171e+03
6.9 3.700342e+03 3.779831e+03 4.380088e+03 4.300599e+03
7.9 3.696223e+03 3.827427e+03 4.374072e+03 4.242869e+03
8.9 3.691216e+03 3.785031e+03 4.372383e+03 4.278568e+03
9.9 3.690426e+03 3.731059e+03 4.373179e+03 4.332546e+03
10.9 3.736886e+03 3.754052e+03 4.375102e+03 4.357935e+03
11.9 3.757286e+03 3.730537e+03 4.377166e+03 4.403915e+03
12.9 3.839721e+03 3.789406e+03 4.378841e+03 4.429155e+03
13.9 3.829100e+03 3.812879e+03 4.379977e+03 4.396199e+03
14.9 3.815906e+03 3.787742e+03 4.380657e+03 4.408821e+03
15.9 3.804857e+03 3.759758e+03 4.381025e+03 4.426124e+03
16.9 3.772863e+03 3.704709e+03 4.381208e+03 4.449361e+03
17.9 3.877259e+03 3.801007e+03 4.381291e+03 4.457543e+03
18.9 3.958608e+03 3.932896e+03 4.381327e+03 4.407038e+03
19.9 3.963601e+03 3.989417e+03 4.381417e+03 4.355602e+03
20.9 3.835222e+03 3.726036e+03 4.400350e+03 4.509536e+03
0.5 3.963601e+03 3.989417e+03 4.381417e+03 4.355602e+03
1.5 3.835222e+03 3.726036e+03 4.400350e+03 4.509536e+03
2.5 3.968772e+03 3.876460e+03 4.452279e+03 4.544590e+03
3.5 3.953038e+03 3.850113e+03 4.464409e+03 4.567333e+03
4.5 3.811686e+03 3.797899e+03 4.440201e+03 4.453989e+03
5.5 3.839682e+03 3.796264e+03 4.448881e+03 4.492299e+03
6.5 3.838396e+03 3.815116e+03 4.475543e+03 4.498823e+03
7.5 3.752241e+03 3.772704e+03 4.459220e+03 4.438757e+03
8.5 3.722546e+03 3.762626e+03 4.422936e+03 4.382855e+03
0.9 3.811686e+03 3.797899e+03 4.440201e+03 4.453989e+03
1.9 3.839682e+03 3.796264e+03 4.448881e+03 4.492299e+03
2.9 3.838396e+03 3.815116e+03 4.475543e+03 4.498823e+03
3.9 3.752241e+03 3.772704e+03 4.459220e+03 4.438757e+03
4.9 3.722546e+03 3.762626e+03 4.422936e+03 4.382855e+03
