0.1 6.471525e+03 6.562724e+03 6.062799e+03 5.971599e+03
1.1 6.459644e+03 6.471555e+03 6.071996e+03 6.060085e+03
2.1 6.671977e+03 6.544704e+03 6.144893e+03 6.272165e+03
3.1 6.747131e+03 6.614191e+03 6.194299e+03 6.327239e+03
4.1 6.810277e+03 6.567335e+03 6.169140e+03 6.412081e+03
5.1 6.678724e+03 6.420205e+03 6.121385e+03 6.379903e+03
6.1 6.524432e+03 6.520751e+03 6.085251e+03 6.088932e+03
7.1 6.432106e+03 6.428862e+03 6.064463e+03 6.067707e+03
8.1 6.668679e+03 6.654188e+03 6.054384e+03 6.068875e+03
9.1 6.629363e+03 6.605875e+03 6.051124e+03 6.074612e+03
10.1 6.654948e+03 6.640215e+03 6.051897e+03 6.066629e+03
11.1 6.593536e+03 6.521056e+03 6.054472e+03 6.126951e+03
12.1 6.483269e+03 6.491293e+03 6.057281e+03 6.049257e+03
13.1 6.572583e+03 6.535911e+03 6.059532e+03 6.096203e+03
14.1 6.679487e+03 6.641946e+03 6.061037e+03 6.098579e+03
15.1 6.581119e+03 6.637220e+03 6.061922e+03 6.005821e+03
16.1 6.479465e+03 6.657044e+03 6.062391e+03 5.884812e+03
17.1 6.476477e+03 6.675938e+03 6.062620e+03 5.863159e+03
18.1 6.561291e+03 6.633668e+03 6.062725e+03 5.990347e+03
19.1 6.604776e+03 6.764060e+03 6.062769e+03 5.903486e+03
20.1 6.551593e+03 6.675668e+03 6.063606e+03 5.939531e+03
0.7 6.551593e+03 6.675668e+03 6.063606e+03 5.939531e+03
1.7 6.648207e+03 6.663705e+03 6.107734e+03 6.092235e+03
2.7 6.676203e+03 6.722196e+03 6.183360e+03 6.137367e+03
3.7 6.706361e+03 6.632362e+03 6.186133e+03 6.260132e+03
4.7 6.630321e+03 6.680713e+03 6.149695e+03 6.099303e+03
5.7 6.598138e+03 6.719056e+03 6.180999e+03 6.060081e+03
6.7 6.681889e+03 6.653067e+03 6.209347e+03 6.238169e+03
7.7 6.714229e+03 6.661275e+03 6.171340e+03 6.224294e+03
8.7 6.617833e+03 6.632976e+03 6.115421e+03 6.100278e+03
9.7 6.712085e+03 6.594960e+03 6.076092e+03 6.193217e+03
10.7 6.778509e+03 6.776056e+03 6.055699e+03 6.058152e+03
11.7 6.727433e+03 6.711742e+03 6.047574e+03 6.063265e+03
12.7 6.663500e+03 6.683781e+03 6.046446e+03 6.026166e+03
13.7 6.667390e+03 6.664259e+03 6.048983e+03 6.052113e+03
14.7 6.720924e+03 6.760532e+03 6.076375e+03 6.036767e+03
15.7 6.810721e+03 6.722665e+03 6.160543e+03 6.248598e+03
16.7 6.748187e+03 6.799115e+03 6.189183e+03 6.138254e+03
17.7 6.721771e+03 6.756807e+03 6.155030e+03 6.119994e+03
18.7 6.701271e+03 6.771970e+03 6.160566e+03 6.089867e+03
19.7 6.697037e+03 6.868474e+03 6.201548e+03 6.030111e+03
20.7 6.791362e+03 6.773663e+03 6.180950e+03 6.198648e+03
0.1 6.706361e+03 6.632362e+03 6.186133e+03 6.260132e+03
1.1 6.630321e+03 6.680713e+03 6.149695e+03 6.099303e+03
2.1 6.598138e+03 6.719056e+03 6.180999e+03 6.060081e+03
3.1 6.681889e+03 6.653067e+03 6.209347e+03 6.238169e+03
4.1 6.714229e+03 6.661275e+03 6.171340e+03 6.224294e+03
5.1 6.617833e+03 6.632976e+03 6.115421e+03 6.100278e+03
6.1 6.712085e+03 6.594960e+03 6.076092e+03 6.193217e+03
7.1 6.778509e+03 6.776056e+03 6.055699e+03 6.058152e+03
8.1 6.727433e+03 6.711742e+03 6.047574e+03 6.063265e+03
9.1 6.663500e+03 6.683781e+03 6.046446e+03 6.026166e+03
10.1 6.667390e+03 6.664259e+03 6.048983e+03 6.052113e+03
11.1 6.720924e+03 6.760532e+03 6.076375e+03 6.036767e+03
12.1 6.810721e+03 6.722665e+03 6.160543e+03 6.248598e+03
13.1 6.748187e+03 6.799115e+03 6.189183e+03 6.138254e+03
14.1 6.721771e+03 6.756807e+03 6.155030e+03 6.119994e+03
15.1 6.701271e+03 6.771970e+03 6.160566e+03 6.089867e+03
16.1 6.697037e+03 6.868474e+03 6.201548e+03 6.030111e+03
17.1 6.791362e+03 6.773663e+03 6.180950e+03 6.198648e+03
18.1 6.741875e+03 6.694778e+03 6.127317e+03 6.174414e+03
19.1 6.740266e+03 6.704825e+03 6.083957e+03 6.119398e+03
20.1 6.804484e+03 6.765313e+03 6.059860e+03 6.099031e+03
0.4 6.667390e+03 6.664259e+03 6.048983e+03 6.052113e+03
1.4 6.720924e+03 6.760532e+03 6.076375e+03 6.036767e+03
2.4 6.810721e+03 6.722665e+03 6.160543e+03 6.248598e+03
3.4 6.748187e+03 6.799115e+03 6.189183e+03 6.138254e+03
4.4 6.721771e+03 6.756807e+03 6.155030e+03 6.119994e+03
5.4 6.701271e+03 6.771970e+03 6.160566e+03 6.089867e+03
6.4 6.697037e+03 6.868474e+03 6.201548e+03 6.030111e+03
7.4 6.791362e+03 6.773663e+03 6.180950e+03 6.198648e+03
8.4 6.741875e+03 6.694778e+03 6.127317e+03 6.174414e+03
9.4 6.740266e+03 6.704825e+03 6.083957e+03 6.119398e+03
10.4 6.804484e+03 6.765313e+03 6.059860e+03 6.099031e+03
11.4 6.925992e+03 6.796715e+03 6.049408e+03 6.178685e+03
12.4 6.898914e+03 6.809165e+03 6.046859e+03 6.136609e+03
13.4 6.788808e+03 6.707452e+03 6.048565e+03 6.129920e+03
14.4 6.672747e+03 6.666966e+03 6.052046e+03 6.057827e+03
15.4 6.874288e+03 6.853508e+03 6.055647e+03 6.076427e+03
16.4 6.824099e+03 6.842940e+03 6.058520e+03 6.039679e+03
17.4 6.969089e+03 6.866950e+03 6.060461e+03 6.162600e+03
18.4 6.861622e+03 6.776251e+03 6.061619e+03 6.146990e+03
19.4 6.800681e+03 6.798514e+03 6.062243e+03 6.064410e+03
20.4 6.551792e+03 6.703435e+03 6.062552e+03 5.910909e+03
0.8 6.721771e+03 6.756807e+03 6.155030e+03 6.119994e+03
1.8 6.701271e+03 6.771970e+03 6.160566e+03 6.089867e+03
2.8 6.697037e+03 6.868474e+03 6.201548e+03 6.030111e+03
3.8 6.791362e+03 6.773663e+03 6.180950e+03 6.198648e+03
4.8 6.741875e+03 6.694778e+03 6.127317e+03 6.174414e+03
5.8 6.740266e+03 6.704825e+03 6.083957e+03 6.119398e+03
6.8 6.804484e+03 6.765313e+03 6.059860e+03 6.099031e+03
7.8 6.925992e+03 6.796715e+03 6.049408e+03 6.178685e+03
8.8 6.898914e+03 6.809165e+03 6.046859e+03 6.136609e+03
9.8 6.788808e+03 6.707452e+03 6.048565e+03 6.129920e+03
10.8 6.672747e+03 6.666966e+03 6.052046e+03 6.057827e+03
11.8 6.874288e+03 6.853508e+03 6.055647e+03 6.076427e+03
12.8 6.824099e+03 6.842940e+03 6.058520e+03 6.039679e+03
13.8 6.969089e+03 6.866950e+03 6.060461e+03 6.162600e+03
14.8 6.861622e+03 6.776251e+03 6.061619e+03 6.146990e+03
15.8 6.800681e+03 6.798514e+03 6.062243e+03 6.064410e+03
16.8 6.551792e+03 6.703435e+03 6.062552e+03 5.910909e+03
17.8 6.772084e+03 6.734691e+03 6.065329e+03 6.102722e+03
18.8 6.845330e+03 6.698073e+03 6.124117e+03 6.271374e+03
19.8 6.940108e+03 6.851322e+03 6.195472e+03 6.284259e+03
20.8 6.769869e+03 6.772810e+03 6.186460e+03 6.183519e+03
0.9 6.772084e+03 6.734691e+03 6.065329e+03 6.102722e+03
1.9 6.845330e+03 6.698073e+03 6.124117e+03 6.271374e+03
2.9 6.940108e+03 6.851322e+03 6.195472e+03 6.284259e+03
3.9 6.769869e+03 6.772810e+03 6.186460e+03 6.183519e+03
4.9 6.738902e+03 6.741480e+03 6.137451e+03 6.134873e+03
5.9 6.607198e+03 6.708999e+03 6.094954e+03 5.993152e+03
6.9 6.456702e+03 6.706825e+03 6.071011e+03 5.820889e+03
7.9 6.594259e+03 6.770538e+03 6.110673e+03 5.934394e+03
8.9 6.721649e+03 6.836008e+03 6.176050e+03 6.061691e+03
9.9 6.645963e+03 6.815485e+03 6.170290e+03 6.000768e+03
10.9 6.532561e+03 6.759303e+03 6.126376e+03 5.899634e+03
11.9 6.505902e+03 6.737689e+03 6.093109e+03 5.861322e+03
12.9 6.722252e+03 6.951241e+03 6.135355e+03 5.906367e+03
13.9 7.067298e+03 7.015657e+03 6.184142e+03 6.235783e+03
14.9 7.017197e+03 6.942926e+03 6.163128e+03 6.237399e+03
15.9 7.287715e+03 7.085675e+03 6.136023e+03 6.338063e+03
16.9 7.242871e+03 7.126505e+03 6.180124e+03 6.296490e+03
17.9 7.307088e+03 7.134825e+03 6.191116e+03 6.363379e+03
18.9 7.175608e+03 7.065817e+03 6.146904e+03 6.256696e+03
19.9 7.094176e+03 7.053580e+03 6.097971e+03 6.138567e+03
20.9 7.102889e+03 7.163103e+03 6.067022e+03 6.006808e+03
0.8 6.456702e+03 6.706825e+03 6.071011e+03 5.820889e+03
1.8 6.594259e+03 6.770538e+03 6.110673e+03 5.934394e+03
2.8 6.721649e+03 6.836008e+03 6.176050e+03 6.061691e+03
3.8 6.645963e+03 6.815485e+03 6.170290e+03 6.000768e+03
4.8 6.532561e+03 6.759303e+03 6.126376e+03 5.899634e+03
5.8 6.505902e+03 6.737689e+03 6.093109e+03 5.861322e+03
6.8 6.722252e+03 6.951241e+03 6.135355e+03 5.906367e+03
7.8 7.067298e+03 7.015657e+03 6.184142e+03 6.235783e+03
8.8 7.017197e+03 6.942926e+03 6.163128e+03 6.237399e+03
9.8 7.287715e+03 7.085675e+03 6.136023e+03 6.338063e+03
10.8 7.242871e+03 7.126505e+03 6.180124e+03 6.296490e+03
11.8 7.307088e+03 7.134825e+03 6.191116e+03 6.363379e+03
12.8 7.175608e+03 7.065817e+03 6.146904e+03 6.256696e+03
13.8 7.094176e+03 7.053580e+03 6.097971e+03 6.138567e+03
14.8 7.102889e+03 7.163103e+03 6.067022e+03 6.006808e+03
15.8 7.056243e+03 6.892764e+03 6.052123e+03 6.215602e+03
16.8 6.947681e+03 6.902842e+03 6.047021e+03 6.091860e+03
17.8 7.143965e+03 7.065801e+03 6.047393e+03 6.125558e+03
18.8 7.096745e+03 6.964585e+03 6.050422e+03 6.182582e+03
19.8 7.007618e+03 6.861011e+03 6.054146e+03 6.200753e+03
20.8 6.918342e+03 6.793194e+03 6.057399e+03 6.182547e+03
1.0 6.505902e+03 6.737689e+03 6.093109e+03 5.861322e+03
2.0 6.722252e+03 6.951241e+03 6.135355e+03 5.906367e+03
3.0 7.067298e+03 7.015657e+03 6.184142e+03 6.235783e+03
4.0 7.017197e+03 6.942926e+03 6.163128e+03 6.237399e+03
5.0 7.287715e+03 7.085675e+03 6.136023e+03 6.338063e+03
6.0 7.242871e+03 7.126505e+03 6.180124e+03 6.296490e+03
7.0 7.307088e+03 7.134825e+03 6.191116e+03 6.363379e+03
8.0 7.175608e+03 7.065817e+03 6.146904e+03 6.256696e+03
9.0 7.094176e+03 7.053580e+03 6.097971e+03 6.138567e+03
10.0 7.102889e+03 7.163103e+03 6.067022e+03 6.006808e+03
11.0 7.056243e+03 6.892764e+03 6.052123e+03 6.215602e+03
12.0 6.947681e+03 6.902842e+03 6.047021e+03 6.091860e+03
13.0 7.143965e+03 7.065801e+03 6.047393e+03 6.125558e+03
14.0 7.096745e+03 6.964585e+03 6.050422e+03 6.182582e+03
15.0 7.007618e+03 6.861011e+03 6.054146e+03 6.200753e+03
16.0 6.918342e+03 6.793194e+03 6.057399e+03 6.182547e+03
17.0 6.866441e+03 6.733680e+03 6.059739e+03 6.192501e+03
18.0 6.877716e+03 6.763347e+03 6.061203e+03 6.175572e+03
19.0 6.843766e+03 6.754654e+03 6.062025e+03 6.151137e+03
20.0 6.891160e+03 6.683916e+03 6.062447e+03 6.269690e+03
21.0 6.086343e+03 6.140708e+03 6.062650e+03 6.008286e+03
0.3 7.017197e+03 6.942926e+03 6.163128e+03 6.237399e+03
1.3 7.287715e+03 7.085675e+03 6.136023e+03 6.338063e+03
2.3 7.242871e+03 7.126505e+03 6.180124e+03 6.296490e+03
3.3 7.307088e+03 7.134825e+03 6.191116e+03 6.363379e+03
4.3 7.175608e+03 7.065817e+03 6.146904e+03 6.256696e+03
5.3 7.094176e+03 7.053580e+03 6.097971e+03 6.138567e+03
6.3 7.102889e+03 7.163103e+03 6.067022e+03 6.006808e+03
7.3 7.056243e+03 6.892764e+03 6.052123e+03 6.215602e+03
8.3 6.947681e+03 6.902842e+03 6.047021e+03 6.091860e+03
9.3 7.143965e+03 7.065801e+03 6.047393e+03 6.125558e+03
10.3 7.096745e+03 6.964585e+03 6.050422e+03 6.182582e+03
11.3 7.007618e+03 6.861011e+03 6.054146e+03 6.200753e+03
12.3 6.918342e+03 6.793194e+03 6.057399e+03 6.182547e+03
13.3 6.866441e+03 6.733680e+03 6.059739e+03 6.192501e+03
14.3 6.877716e+03 6.763347e+03 6.061203e+03 6.175572e+03
15.3 6.843766e+03 6.754654e+03 6.062025e+03 6.151137e+03
16.3 6.891160e+03 6.683916e+03 6.062447e+03 6.269690e+03
17.3 6.086343e+03 6.140708e+03 6.062650e+03 6.008286e+03
18.3 7.235062e+03 7.080070e+03 6.062739e+03 6.217730e+03
19.3 7.058031e+03 7.162057e+03 6.062775e+03 5.958749e+03
20.3 6.971907e+03 6.891081e+03 6.069171e+03 6.149998e+03
1.0 6.971907e+03 6.891081e+03 6.069171e+03 6.149998e+03
2.0 6.911059e+03 6.920025e+03 6.137534e+03 6.128568e+03
3.0 6.758427e+03 6.406031e+03 6.193422e+03 6.545819e+03
4.0 6.411913e+03 6.651059e+03 6.172978e+03 5.933832e+03
5.0 6.615169e+03 6.710040e+03 6.125231e+03 6.030361e+03
6.0 6.634844e+03 6.596382e+03 6.087694e+03 6.126155e+03
7.0 6.966976e+03 6.941947e+03 6.065758e+03 6.090786e+03
8.0 6.639169e+03 6.860830e+03 6.054936e+03 5.833275e+03
9.0 6.896736e+03 6.789639e+03 6.051210e+03 6.158307e+03
10.0 6.655949e+03 6.902271e+03 6.051732e+03 5.805410e+03
11.0 6.572145e+03 6.909162e+03 6.054225e+03 5.717207e+03
12.0 6.680649e+03 6.929216e+03 6.057056e+03 5.808489e+03
13.0 6.581689e+03 6.715183e+03 6.059368e+03 5.925874e+03
14.0 5.925388e+03 5.865888e+03 6.062190e+03 6.121689e+03
15.0 5.169204e+03 5.257813e+03 6.111617e+03 6.023007e+03
16.0 6.292562e+03 5.893589e+03 6.185343e+03 6.584316e+03
17.0 6.068454e+03 5.784292e+03 6.184060e+03 6.468222e+03
18.0 5.751936e+03 5.754490e+03 6.147804e+03 6.145250e+03
19.0 5.470818e+03 5.346044e+03 6.178773e+03 6.303548e+03
20.0 5.645705e+03 5.770924e+03 6.202162e+03 6.076943e+03
21.0 5.422080e+03 5.315526e+03 6.163498e+03 6.270051e+03
0.8 5.925388e+03 5.865888e+03 6.062190e+03 6.121689e+03
1.8 5.169204e+03 5.257813e+03 6.111617e+03 6.023007e+03
2.8 6.292562e+03 5.893589e+03 6.185343e+03 6.584316e+03
3.8 6.068454e+03 5.784292e+03 6.184060e+03 6.468222e+03
4.8 5.751936e+03 5.754490e+03 6.147804e+03 6.145250e+03
5.8 5.470818e+03 5.346044e+03 6.178773e+03 6.303548e+03
6.8 5.645705e+03 5.770924e+03 6.202162e+03 6.076943e+03
7.8 5.422080e+03 5.315526e+03 6.163498e+03 6.270051e+03
8.8 5.111448e+03 5.652781e+03 6.110315e+03 5.568982e+03
9.8 5.545920e+03 5.668939e+03 6.073744e+03 5.950725e+03
10.8 5.289991e+03 5.899141e+03 6.055086e+03 5.445935e+03
11.8 6.093899e+03 6.137726e+03 6.047862e+03 6.004034e+03
12.8 5.534005e+03 5.910423e+03 6.047107e+03 5.670690e+03
13.8 6.034603e+03 6.286251e+03 6.049659e+03 5.798010e+03
14.8 6.269993e+03 5.950565e+03 6.053326e+03 6.372754e+03
15.8 6.205940e+03 6.258625e+03 6.056735e+03 6.004050e+03
16.8 6.299582e+03 6.188913e+03 6.059288e+03 6.169956e+03
17.8 6.413535e+03 6.284920e+03 6.060934e+03 6.189549e+03
18.8 6.392197e+03 6.419310e+03 6.061880e+03 6.034767e+03
19.8 6.453590e+03 6.239994e+03 6.062375e+03 6.275972e+03
20.8 5.464466e+03 5.781022e+03 6.062616e+03 5.746059e+03
0.1 6.068454e+03 5.784292e+03 6.184060e+03 6.468222e+03
1.1 5.751936e+03 5.754490e+03 6.147804e+03 6.145250e+03
2.1 5.470818e+03 5.346044e+03 6.178773e+03 6.303548e+03
3.1 5.645705e+03 5.770924e+03 6.202162e+03 6.076943e+03
4.1 5.422080e+03 5.315526e+03 6.163498e+03 6.270051e+03
5.1 5.111448e+03 5.652781e+03 6.110315e+03 5.568982e+03
6.1 5.545920e+03 5.668939e+03 6.073744e+03 5.950725e+03
7.1 5.289991e+03 5.899141e+03 6.055086e+03 5.445935e+03
8.1 6.093899e+03 6.137726e+03 6.047862e+03 6.004034e+03
9.1 5.534005e+03 5.910423e+03 6.047107e+03 5.670690e+03
10.1 6.034603e+03 6.286251e+03 6.049659e+03 5.798010e+03
11.1 6.269993e+03 5.950565e+03 6.053326e+03 6.372754e+03
12.1 6.205940e+03 6.258625e+03 6.056735e+03 6.004050e+03
13.1 6.299582e+03 6.188913e+03 6.059288e+03 6.169956e+03
14.1 6.413535e+03 6.284920e+03 6.060934e+03 6.189549e+03
15.1 6.392197e+03 6.419310e+03 6.061880e+03 6.034767e+03
16.1 6.453590e+03 6.239994e+03 6.062375e+03 6.275972e+03
17.1 5.464466e+03 5.781022e+03 6.062616e+03 5.746059e+03
18.1 6.340873e+03 6.409911e+03 6.062725e+03 5.993687e+03
19.1 6.651551e+03 6.557110e+03 6.062769e+03 6.157210e+03
20.1 6.713379e+03 6.594768e+03 6.062787e+03 6.181398e+03
0.9 5.720011e+03 5.664345e+03 6.065897e+03 6.121563e+03
1.9 5.743976e+03 5.715342e+03 6.124985e+03 6.153618e+03
2.9 5.866358e+03 5.858742e+03 6.190526e+03 6.198142e+03
3.9 5.780758e+03 5.888359e+03 6.178957e+03 6.071357e+03
4.9 5.765222e+03 5.750687e+03 6.131851e+03 6.146386e+03
5.9 5.704394e+03 5.715107e+03 6.092032e+03 6.081319e+03
6.9 5.427936e+03 5.500926e+03 6.068096e+03 5.995106e+03
7.9 5.385513e+03 5.541590e+03 6.056479e+03 5.900402e+03
8.9 5.608713e+03 5.510898e+03 6.091686e+03 6.189500e+03
9.9 5.784524e+03 5.722634e+03 6.169338e+03 6.231229e+03
10.9 5.640576e+03 5.754963e+03 6.178880e+03 6.064492e+03
11.9 5.248901e+03 5.891893e+03 6.138136e+03 5.495143e+03
12.9 6.371931e+03 5.956679e+03 6.098836e+03 6.514088e+03
13.9 6.024973e+03 5.765470e+03 6.127020e+03 6.386523e+03
14.9 5.905315e+03 5.823323e+03 6.187885e+03 6.269877e+03
15.9 5.701875e+03 5.655002e+03 6.177445e+03 6.224317e+03
16.9 5.505009e+03 5.554690e+03 6.138766e+03 6.089085e+03
17.9 5.480973e+03 5.501787e+03 6.171638e+03 6.150824e+03
18.9 5.368402e+03 5.431053e+03 6.195020e+03 6.132369e+03
19.9 5.358511e+03 5.415255e+03 6.157242e+03 6.100499e+03
20.9 5.384884e+03 5.456532e+03 6.106004e+03 6.034356e+03
0.6 5.385513e+03 5.541590e+03 6.056479e+03 5.900402e+03
1.6 5.608713e+03 5.510898e+03 6.091686e+03 6.189500e+03
2.6 5.784524e+03 5.722634e+03 6.169338e+03 6.231229e+03
3.6 5.640576e+03 5.754963e+03 6.178880e+03 6.064492e+03
4.6 5.248901e+03 5.891893e+03 6.138136e+03 5.495143e+03
5.6 6.371931e+03 5.956679e+03 6.098836e+03 6.514088e+03
6.6 6.024973e+03 5.765470e+03 6.127020e+03 6.386523e+03
7.6 5.905315e+03 5.823323e+03 6.187885e+03 6.269877e+03
8.6 5.701875e+03 5.655002e+03 6.177445e+03 6.224317e+03
9.6 5.505009e+03 5.554690e+03 6.138766e+03 6.089085e+03
10.6 5.480973e+03 5.501787e+03 6.171638e+03 6.150824e+03
11.6 5.368402e+03 5.431053e+03 6.195020e+03 6.132369e+03
12.6 5.358511e+03 5.415255e+03 6.157242e+03 6.100499e+03
13.6 5.384884e+03 5.456532e+03 6.106004e+03 6.034356e+03
14.6 5.739057e+03 5.738615e+03 6.089931e+03 6.090373e+03
15.6 5.779165e+03 5.826008e+03 6.155508e+03 6.108665e+03
16.6 5.849876e+03 5.757005e+03 6.185004e+03 6.277876e+03
17.6 5.851833e+03 5.840865e+03 6.149316e+03 6.160285e+03
18.6 5.531277e+03 5.493452e+03 6.102797e+03 6.140623e+03
19.6 5.077974e+03 5.368269e+03 6.071823e+03 5.781527e+03
20.6 6.167275e+03 5.799199e+03 6.071331e+03 6.439407e+03
0.8 6.371931e+03 5.956679e+03 6.098836e+03 6.514088e+03
1.8 6.024973e+03 5.765470e+03 6.127020e+03 6.386523e+03
2.8 5.905315e+03 5.823323e+03 6.187885e+03 6.269877e+03
3.8 5.701875e+03 5.655002e+03 6.177445e+03 6.224317e+03
4.8 5.505009e+03 5.554690e+03 6.138766e+03 6.089085e+03
5.8 5.480973e+03 5.501787e+03 6.171638e+03 6.150824e+03
6.8 5.368402e+03 5.431053e+03 6.195020e+03 6.132369e+03
7.8 5.358511e+03 5.415255e+03 6.157242e+03 6.100499e+03
8.8 5.384884e+03 5.456532e+03 6.106004e+03 6.034356e+03
9.8 5.739057e+03 5.738615e+03 6.089931e+03 6.090373e+03
10.8 5.779165e+03 5.826008e+03 6.155508e+03 6.108665e+03
11.8 5.849876e+03 5.757005e+03 6.185004e+03 6.277876e+03
12.8 5.851833e+03 5.840865e+03 6.149316e+03 6.160285e+03
13.8 5.531277e+03 5.493452e+03 6.102797e+03 6.140623e+03
14.8 5.077974e+03 5.368269e+03 6.071823e+03 5.781527e+03
15.8 6.167275e+03 5.799199e+03 6.071331e+03 6.439407e+03
16.8 5.882131e+03 5.835445e+03 6.143165e+03 6.189851e+03
17.8 5.555677e+03 5.677336e+03 6.180227e+03 6.058567e+03
18.8 5.447317e+03 5.491607e+03 6.150518e+03 6.106228e+03
19.8 5.464129e+03 5.540528e+03 6.106619e+03 6.030220e+03
20.8 5.652167e+03 5.586438e+03 6.075959e+03 6.141688e+03
0.1 5.701875e+03 5.655002e+03 6.177445e+03 6.224317e+03
1.1 5.505009e+03 5.554690e+03 6.138766e+03 6.089085e+03
2.1 5.480973e+03 5.501787e+03 6.171638e+03 6.150824e+03
3.1 5.368402e+03 5.431053e+03 6.195020e+03 6.132369e+03
4.1 5.358511e+03 5.415255e+03 6.157242e+03 6.100499e+03
5.1 5.384884e+03 5.456532e+03 6.106004e+03 6.034356e+03
6.1 5.739057e+03 5.738615e+03 6.089931e+03 6.090373e+03
7.1 5.779165e+03 5.826008e+03 6.155508e+03 6.108665e+03
8.1 5.849876e+03 5.757005e+03 6.185004e+03 6.277876e+03
9.1 5.851833e+03 5.840865e+03 6.149316e+03 6.160285e+03
10.1 5.531277e+03 5.493452e+03 6.102797e+03 6.140623e+03
11.1 5.077974e+03 5.368269e+03 6.071823e+03 5.781527e+03
12.1 6.167275e+03 5.799199e+03 6.071331e+03 6.439407e+03
13.1 5.882131e+03 5.835445e+03 6.143165e+03 6.189851e+03
14.1 5.555677e+03 5.677336e+03 6.180227e+03 6.058567e+03
15.1 5.447317e+03 5.491607e+03 6.150518e+03 6.106228e+03
16.1 5.464129e+03 5.540528e+03 6.106619e+03 6.030220e+03
17.1 5.652167e+03 5.586438e+03 6.075959e+03 6.141688e+03
18.1 5.546921e+03 5.569585e+03 6.073502e+03 6.050839e+03
19.1 5.778374e+03 5.545252e+03 6.146695e+03 6.379817e+03
20.1 5.970373e+03 5.887523e+03 6.188448e+03 6.271298e+03
0.3 5.384884e+03 5.456532e+03 6.106004e+03 6.034356e+03
1.3 5.739057e+03 5.738615e+03 6.089931e+03 6.090373e+03
2.3 5.779165e+03 5.826008e+03 6.155508e+03 6.108665e+03
3.3 5.849876e+03 5.757005e+03 6.185004e+03 6.277876e+03
4.3 5.851833e+03 5.840865e+03 6.149316e+03 6.160285e+03
5.3 5.531277e+03 5.493452e+03 6.102797e+03 6.140623e+03
6.3 5.077974e+03 5.368269e+03 6.071823e+03 5.781527e+03
7.3 6.167275e+03 5.799199e+03 6.071331e+03 6.439407e+03
8.3 5.882131e+03 5.835445e+03 6.143165e+03 6.189851e+03
9.3 5.555677e+03 5.677336e+03 6.180227e+03 6.058567e+03
10.3 5.447317e+03 5.491607e+03 6.150518e+03 6.106228e+03
11.3 5.464129e+03 5.540528e+03 6.106619e+03 6.030220e+03
12.3 5.652167e+03 5.586438e+03 6.075959e+03 6.141688e+03
13.3 5.546921e+03 5.569585e+03 6.073502e+03 6.050839e+03
14.3 5.778374e+03 5.545252e+03 6.146695e+03 6.379817e+03
15.3 5.970373e+03 5.887523e+03 6.188448e+03 6.271298e+03
16.3 5.887507e+03 5.737493e+03 6.158581e+03 6.308595e+03
17.3 5.611159e+03 5.732504e+03 6.111693e+03 5.990348e+03
18.3 5.520093e+03 5.462730e+03 6.078339e+03 6.135702e+03
19.3 5.501437e+03 5.641969e+03 6.060045e+03 5.919513e+03
20.3 5.673946e+03 5.572522e+03 6.055377e+03 6.156801e+03
0.3 5.077974e+03 5.368269e+03 6.071823e+03 5.781527e+03
1.3 6.167275e+03 5.799199e+03 6.071331e+03 6.439407e+03
2.3 5.882131e+03 5.835445e+03 6.143165e+03 6.189851e+03
3.3 5.555677e+03 5.677336e+03 6.180227e+03 6.058567e+03
4.3 5.447317e+03 5.491607e+03 6.150518e+03 6.106228e+03
5.3 5.464129e+03 5.540528e+03 6.106619e+03 6.030220e+03
6.3 5.652167e+03 5.586438e+03 6.075959e+03 6.141688e+03
7.3 5.546921e+03 5.569585e+03 6.073502e+03 6.050839e+03
8.3 5.778374e+03 5.545252e+03 6.146695e+03 6.379817e+03
9.3 5.970373e+03 5.887523e+03 6.188448e+03 6.271298e+03
10.3 5.887507e+03 5.737493e+03 6.158581e+03 6.308595e+03
11.3 5.611159e+03 5.732504e+03 6.111693e+03 5.990348e+03
12.3 5.520093e+03 5.462730e+03 6.078339e+03 6.135702e+03
13.3 5.501437e+03 5.641969e+03 6.060045e+03 5.919513e+03
14.3 5.673946e+03 5.572522e+03 6.055377e+03 6.156801e+03
15.3 5.343930e+03 5.354399e+03 6.114394e+03 6.103925e+03
16.3 5.386068e+03 5.373710e+03 6.179663e+03 6.192021e+03
17.3 5.483462e+03 5.565292e+03 6.169214e+03 6.087383e+03
18.3 5.418345e+03 5.381531e+03 6.124919e+03 6.161733e+03
19.3 5.395193e+03 5.528056e+03 6.087873e+03 5.955010e+03
20.3 5.997835e+03 6.108821e+03 6.065869e+03 5.954884e+03
0.2 5.652167e+03 5.586438e+03 6.075959e+03 6.141688e+03
1.2 5.546921e+03 5.569585e+03 6.073502e+03 6.050839e+03
2.2 5.778374e+03 5.545252e+03 6.146695e+03 6.379817e+03
3.2 5.970373e+03 5.887523e+03 6.188448e+03 6.271298e+03
4.2 5.887507e+03 5.737493e+03 6.158581e+03 6.308595e+03
5.2 5.611159e+03 5.732504e+03 6.111693e+03 5.990348e+03
6.2 5.520093e+03 5.462730e+03 6.078339e+03 6.135702e+03
7.2 5.501437e+03 5.641969e+03 6.060045e+03 5.919513e+03
8.2 5.673946e+03 5.572522e+03 6.055377e+03 6.156801e+03
9.2 5.343930e+03 5.354399e+03 6.114394e+03 6.103925e+03
10.2 5.386068e+03 5.373710e+03 6.179663e+03 6.192021e+03
11.2 5.483462e+03 5.565292e+03 6.169214e+03 6.087383e+03
12.2 5.418345e+03 5.381531e+03 6.124919e+03 6.161733e+03
13.2 5.395193e+03 5.528056e+03 6.087873e+03 5.955010e+03
14.2 5.997835e+03 6.108821e+03 6.065869e+03 5.954884e+03
15.2 5.715215e+03 5.811621e+03 6.054896e+03 5.958489e+03
16.2 5.647671e+03 5.793402e+03 6.050978e+03 5.905247e+03
17.2 5.691301e+03 5.655558e+03 6.051363e+03 6.087106e+03
18.2 5.634084e+03 5.656842e+03 6.053828e+03 6.031071e+03
19.2 5.558194e+03 5.722105e+03 6.063103e+03 5.899192e+03
20.2 5.581619e+03 5.589317e+03 6.133866e+03 6.126169e+03
0.9 5.673946e+03 5.572522e+03 6.055377e+03 6.156801e+03
1.9 5.343930e+03 5.354399e+03 6.114394e+03 6.103925e+03
2.9 5.386068e+03 5.373710e+03 6.179663e+03 6.192021e+03
3.9 5.483462e+03 5.565292e+03 6.169214e+03 6.087383e+03
4.9 5.418345e+03 5.381531e+03 6.124919e+03 6.161733e+03
5.9 5.395193e+03 5.528056e+03 6.087873e+03 5.955010e+03
6.9 5.997835e+03 6.108821e+03 6.065869e+03 5.954884e+03
7.9 5.715215e+03 5.811621e+03 6.054896e+03 5.958489e+03
8.9 5.647671e+03 5.793402e+03 6.050978e+03 5.905247e+03
9.9 5.691301e+03 5.655558e+03 6.051363e+03 6.087106e+03
10.9 5.634084e+03 5.656842e+03 6.053828e+03 6.031071e+03
11.9 5.558194e+03 5.722105e+03 6.063103e+03 5.899192e+03
12.9 5.581619e+03 5.589317e+03 6.133866e+03 6.126169e+03
13.9 5.547288e+03 5.688638e+03 6.191416e+03 6.050065e+03
14.9 5.377727e+03 5.500917e+03 6.171964e+03 6.048773e+03
15.9 5.519390e+03 5.635459e+03 6.124754e+03 6.008685e+03
16.9 5.701695e+03 5.803997e+03 6.087483e+03 5.985181e+03
17.9 5.816225e+03 5.698374e+03 6.070539e+03 6.188389e+03
18.9 5.867899e+03 5.831183e+03 6.124638e+03 6.161354e+03
19.9 5.762411e+03 5.775644e+03 6.180880e+03 6.167648e+03
20.9 5.824667e+03 5.902363e+03 6.164371e+03 6.086675e+03
1.0 5.558194e+03 5.722105e+03 6.063103e+03 5.899192e+03
2.0 5.581619e+03 5.589317e+03 6.133866e+03 6.126169e+03
3.0 5.547288e+03 5.688638e+03 6.191416e+03 6.050065e+03
4.0 5.377727e+03 5.500917e+03 6.171964e+03 6.048773e+03
5.0 5.519390e+03 5.635459e+03 6.124754e+03 6.008685e+03
6.0 5.701695e+03 5.803997e+03 6.087483e+03 5.985181e+03
7.0 5.816225e+03 5.698374e+03 6.070539e+03 6.188389e+03
8.0 5.867899e+03 5.831183e+03 6.124638e+03 6.161354e+03
9.0 5.762411e+03 5.775644e+03 6.180880e+03 6.167648e+03
10.0 5.824667e+03 5.902363e+03 6.164371e+03 6.086675e+03
11.0 5.620812e+03 5.665011e+03 6.119277e+03 6.075078e+03
12.0 5.431791e+03 5.419452e+03 6.083646e+03 6.095985e+03
13.0 5.331680e+03 5.297884e+03 6.063235e+03 6.097031e+03
14.0 5.265426e+03 5.295270e+03 6.053469e+03 6.023624e+03
15.0 5.181999e+03 5.234872e+03 6.050350e+03 5.997477e+03
16.0 5.270307e+03 5.254272e+03 6.051194e+03 6.067228e+03
17.0 5.397721e+03 5.457401e+03 6.053870e+03 5.994190e+03
18.0 5.280507e+03 5.523338e+03 6.056823e+03 5.813992e+03
19.0 6.013365e+03 5.774885e+03 6.059224e+03 6.297705e+03
20.0 5.896004e+03 5.757544e+03 6.060853e+03 6.199313e+03
21.0 5.779734e+03 5.661680e+03 6.061906e+03 6.179960e+03
1.0 5.816225e+03 5.698374e+03 6.070539e+03 6.188389e+03
2.0 5.867899e+03 5.831183e+03 6.124638e+03 6.161354e+03
3.0 5.762411e+03 5.775644e+03 6.180880e+03 6.167648e+03
4.0 5.824667e+03 5.902363e+03 6.164371e+03 6.086675e+03
5.0 5.620812e+03 5.665011e+03 6.119277e+03 6.075078e+03
6.0 5.431791e+03 5.419452e+03 6.083646e+03 6.095985e+03
7.0 5.331680e+03 5.297884e+03 6.063235e+03 6.097031e+03
8.0 5.265426e+03 5.295270e+03 6.053469e+03 6.023624e+03
9.0 5.181999e+03 5.234872e+03 6.050350e+03 5.997477e+03
10.0 5.270307e+03 5.254272e+03 6.051194e+03 6.067228e+03
11.0 5.397721e+03 5.457401e+03 6.053870e+03 5.994190e+03
12.0 5.280507e+03 5.523338e+03 6.056823e+03 5.813992e+03
13.0 6.013365e+03 5.774885e+03 6.059224e+03 6.297705e+03
14.0 5.896004e+03 5.757544e+03 6.060853e+03 6.199313e+03
15.0 5.779734e+03 5.661680e+03 6.061906e+03 6.179960e+03
16.0 5.780413e+03 5.677530e+03 6.089772e+03 6.192655e+03
17.0 5.747384e+03 5.693542e+03 6.170623e+03 6.224465e+03
18.0 5.632230e+03 5.573728e+03 6.191895e+03 6.250397e+03
19.0 5.614927e+03 5.540009e+03 6.152671e+03 6.227589e+03
20.0 5.531432e+03 5.470508e+03 6.107099e+03 6.168022e+03
21.0 5.580733e+03 5.496762e+03 6.076606e+03 6.160577e+03
0.5 5.779734e+03 5.661680e+03 6.061906e+03 6.179960e+03
1.5 5.780413e+03 5.677530e+03 6.089772e+03 6.192655e+03
2.5 5.747384e+03 5.693542e+03 6.170623e+03 6.224465e+03
3.5 5.632230e+03 5.573728e+03 6.191895e+03 6.250397e+03
4.5 5.614927e+03 5.540009e+03 6.152671e+03 6.227589e+03
5.5 5.531432e+03 5.470508e+03 6.107099e+03 6.168022e+03
6.5 5.580733e+03 5.496762e+03 6.076606e+03 6.160577e+03
7.5 5.633534e+03 5.575234e+03 6.060031e+03 6.118331e+03
8.5 5.620768e+03 5.674040e+03 6.052652e+03 5.999381e+03
9.5 5.914085e+03 5.857976e+03 6.051058e+03 6.107166e+03
10.5 6.047460e+03 6.085289e+03 6.052672e+03 6.014844e+03
11.5 6.296379e+03 6.179483e+03 6.055464e+03 6.172360e+03
12.5 6.207042e+03 6.131882e+03 6.058135e+03 6.133294e+03
13.5 6.144075e+03 6.122919e+03 6.060129e+03 6.081285e+03
14.5 6.313444e+03 6.300364e+03 6.061400e+03 6.074481e+03
15.5 6.126717e+03 5.963147e+03 6.062119e+03 6.225689e+03
16.5 5.958606e+03 5.818387e+03 6.062490e+03 6.202709e+03
17.5 6.261104e+03 6.007356e+03 6.062666e+03 6.316415e+03
18.5 5.917127e+03 5.969257e+03 6.062745e+03 6.010615e+03
19.5 5.661057e+03 5.588826e+03 6.062777e+03 6.135009e+03
20.5 5.839076e+03 5.863167e+03 6.062791e+03 6.038699e+03
0.1 5.863607e+03 5.842316e+03 6.062799e+03 6.084089e+03
1.1 5.807637e+03 5.885752e+03 6.070044e+03 5.991929e+03
2.1 5.512579e+03 5.465765e+03 6.140010e+03 6.186823e+03
3.1 5.639343e+03 5.706192e+03 6.193785e+03 6.126936e+03
4.1 5.756515e+03 5.847501e+03 6.171716e+03 6.080730e+03
5.1 5.694533e+03 5.744334e+03 6.123938e+03 6.074137e+03
6.1 5.504475e+03 5.552480e+03 6.086866e+03 6.038861e+03
7.1 5.700391e+03 5.683950e+03 6.065317e+03 6.081757e+03
8.1 5.892756e+03 5.852998e+03 6.054746e+03 6.094504e+03
9.1 5.556604e+03 5.549566e+03 6.051178e+03 6.058215e+03
10.1 5.747481e+03 5.604490e+03 6.051785e+03 6.194777e+03
11.1 5.745694e+03 5.754547e+03 6.054307e+03 6.045454e+03
12.1 5.648803e+03 5.770385e+03 6.057131e+03 5.935550e+03
13.1 5.435036e+03 5.532742e+03 6.064293e+03 5.966587e+03
14.1 5.495042e+03 5.585386e+03 6.130707e+03 6.040363e+03
15.1 5.461014e+03 5.622710e+03 6.191569e+03 6.029873e+03
16.1 5.416729e+03 5.535562e+03 6.175027e+03 6.056195e+03
17.1 5.444485e+03 5.608008e+03 6.147800e+03 5.984277e+03
18.1 5.437579e+03 5.555676e+03 6.189501e+03 6.071404e+03
19.1 5.606409e+03 5.694301e+03 6.197547e+03 6.109654e+03
20.1 5.476566e+03 5.547572e+03 6.151845e+03 6.080839e+03
1.0 5.435036e+03 5.532742e+03 6.064293e+03 5.966587e+03
2.0 5.495042e+03 5.585386e+03 6.130707e+03 6.040363e+03
3.0 5.461014e+03 5.622710e+03 6.191569e+03 6.029873e+03
4.0 5.416729e+03 5.535562e+03 6.175027e+03 6.056195e+03
5.0 5.444485e+03 5.608008e+03 6.147800e+03 5.984277e+03
6.0 5.437579e+03 5.555676e+03 6.189501e+03 6.071404e+03
7.0 5.606409e+03 5.694301e+03 6.197547e+03 6.109654e+03
8.0 5.476566e+03 5.547572e+03 6.151845e+03 6.080839e+03
9.0 5.588540e+03 5.676472e+03 6.148639e+03 6.060708e+03
10.0 5.495526e+03 5.558281e+03 6.195246e+03 6.132491e+03
11.0 5.650010e+03 5.676603e+03 6.181599e+03 6.155006e+03
12.0 5.647479e+03 5.766942e+03 6.129132e+03 6.009669e+03
13.0 5.633368e+03 5.518950e+03 6.087297e+03 6.201714e+03
14.0 5.749877e+03 5.695014e+03 6.119284e+03 6.174147e+03
15.0 5.840004e+03 5.886191e+03 6.175584e+03 6.129398e+03
16.0 5.526517e+03 5.599205e+03 6.163183e+03 6.090494e+03
17.0 5.576403e+03 5.609654e+03 6.118013e+03 6.084763e+03
18.0 5.524644e+03 5.541838e+03 6.081377e+03 6.064182e+03
19.0 5.464276e+03 5.590863e+03 6.060844e+03 5.934257e+03
20.0 5.546879e+03 5.656841e+03 6.051528e+03 5.941566e+03
21.0 5.533932e+03 5.615959e+03 6.048913e+03 5.966885e+03
0.4 5.416729e+03 5.535562e+03 6.175027e+03 6.056195e+03
1.4 5.444485e+03 5.608008e+03 6.147800e+03 5.984277e+03
2.4 5.437579e+03 5.555676e+03 6.189501e+03 6.071404e+03
3.4 5.606409e+03 5.694301e+03 6.197547e+03 6.109654e+03
4.4 5.476566e+03 5.547572e+03 6.151845e+03 6.080839e+03
5.4 5.588540e+03 5.676472e+03 6.148639e+03 6.060708e+03
6.4 5.495526e+03 5.558281e+03 6.195246e+03 6.132491e+03
7.4 5.650010e+03 5.676603e+03 6.181599e+03 6.155006e+03
8.4 5.647479e+03 5.766942e+03 6.129132e+03 6.009669e+03
9.4 5.633368e+03 5.518950e+03 6.087297e+03 6.201714e+03
10.4 5.749877e+03 5.695014e+03 6.119284e+03 6.174147e+03
11.4 5.840004e+03 5.886191e+03 6.175584e+03 6.129398e+03
12.4 5.526517e+03 5.599205e+03 6.163183e+03 6.090494e+03
13.4 5.576403e+03 5.609654e+03 6.118013e+03 6.084763e+03
14.4 5.524644e+03 5.541838e+03 6.081377e+03 6.064182e+03
15.4 5.464276e+03 5.590863e+03 6.060844e+03 5.934257e+03
16.4 5.546879e+03 5.656841e+03 6.051528e+03 5.941566e+03
17.4 5.533932e+03 5.615959e+03 6.048913e+03 5.966885e+03
18.4 5.503080e+03 5.492564e+03 6.050145e+03 6.060661e+03
19.4 5.588277e+03 5.556903e+03 6.053122e+03 6.084497e+03
20.4 5.576519e+03 5.478596e+03 6.056319e+03 6.154242e+03
0.7 5.476566e+03 5.547572e+03 6.151845e+03 6.080839e+03
1.7 5.588540e+03 5.676472e+03 6.148639e+03 6.060708e+03
2.7 5.495526e+03 5.558281e+03 6.195246e+03 6.132491e+03
3.7 5.650010e+03 5.676603e+03 6.181599e+03 6.155006e+03
4.7 5.647479e+03 5.766942e+03 6.129132e+03 6.009669e+03
5.7 5.633368e+03 5.518950e+03 6.087297e+03 6.201714e+03
6.7 5.749877e+03 5.695014e+03 6.119284e+03 6.174147e+03
7.7 5.840004e+03 5.886191e+03 6.175584e+03 6.129398e+03
8.7 5.526517e+03 5.599205e+03 6.163183e+03 6.090494e+03
9.7 5.576403e+03 5.609654e+03 6.118013e+03 6.084763e+03
10.7 5.524644e+03 5.541838e+03 6.081377e+03 6.064182e+03
11.7 5.464276e+03 5.590863e+03 6.060844e+03 5.934257e+03
12.7 5.546879e+03 5.656841e+03 6.051528e+03 5.941566e+03
13.7 5.533932e+03 5.615959e+03 6.048913e+03 5.966885e+03
14.7 5.503080e+03 5.492564e+03 6.050145e+03 6.060661e+03
15.7 5.588277e+03 5.556903e+03 6.053122e+03 6.084497e+03
16.7 5.576519e+03 5.478596e+03 6.056319e+03 6.154242e+03
17.7 5.776507e+03 5.625505e+03 6.058912e+03 6.209913e+03
18.7 5.705321e+03 5.663607e+03 6.060672e+03 6.102386e+03
19.7 5.623999e+03 5.571381e+03 6.061725e+03 6.114342e+03
20.7 5.629079e+03 5.553743e+03 6.062294e+03 6.137629e+03
0.9 5.633368e+03 5.518950e+03 6.087297e+03 6.201714e+03
1.9 5.749877e+03 5.695014e+03 6.119284e+03 6.174147e+03
2.9 5.840004e+03 5.886191e+03 6.175584e+03 6.129398e+03
3.9 5.526517e+03 5.599205e+03 6.163183e+03 6.090494e+03
4.9 5.576403e+03 5.609654e+03 6.118013e+03 6.084763e+03
5.9 5.524644e+03 5.541838e+03 6.081377e+03 6.064182e+03
6.9 5.464276e+03 5.590863e+03 6.060844e+03 5.934257e+03
7.9 5.546879e+03 5.656841e+03 6.051528e+03 5.941566e+03
8.9 5.533932e+03 5.615959e+03 6.048913e+03 5.966885e+03
9.9 5.503080e+03 5.492564e+03 6.050145e+03 6.060661e+03
10.9 5.588277e+03 5.556903e+03 6.053122e+03 6.084497e+03
11.9 5.576519e+03 5.478596e+03 6.056319e+03 6.154242e+03
12.9 5.776507e+03 5.625505e+03 6.058912e+03 6.209913e+03
13.9 5.705321e+03 5.663607e+03 6.060672e+03 6.102386e+03
14.9 5.623999e+03 5.571381e+03 6.061725e+03 6.114342e+03
15.9 5.629079e+03 5.553743e+03 6.062294e+03 6.137629e+03
16.9 5.490913e+03 5.456823e+03 6.062577e+03 6.096667e+03
17.9 5.658717e+03 5.581662e+03 6.062705e+03 6.139761e+03
18.9 5.905514e+03 5.942562e+03 6.062761e+03 6.025714e+03
19.9 6.065285e+03 6.010776e+03 6.062901e+03 6.117411e+03
20.9 5.563542e+03 5.475016e+03 6.092219e+03 6.180745e+03
0.5 6.065285e+03 6.010776e+03 6.062901e+03 6.117411e+03
1.5 5.563542e+03 5.475016e+03 6.092219e+03 6.180745e+03
2.5 5.776688e+03 5.788647e+03 6.172630e+03 6.160672e+03
3.5 5.819586e+03 5.762768e+03 6.191412e+03 6.248231e+03
4.5 5.533559e+03 5.600011e+03 6.153928e+03 6.087475e+03
5.5 5.660364e+03 5.609514e+03 6.167368e+03 6.218218e+03
6.5 5.662831e+03 5.646626e+03 6.208654e+03 6.224859e+03
7.5 5.576239e+03 5.592135e+03 6.183378e+03 6.167482e+03
8.5 5.589155e+03 5.565112e+03 6.127192e+03 6.151236e+03
0.9 5.533559e+03 5.600011e+03 6.153928e+03 6.087475e+03
1.9 5.660364e+03 5.609514e+03 6.167368e+03 6.218218e+03
2.9 5.662831e+03 5.646626e+03 6.208654e+03 6.224859e+03
3.9 5.576239e+03 5.592135e+03 6.183378e+03 6.167482e+03
4.9 5.589155e+03 5.565112e+03 6.127192e+03 6.151236e+03
