0.1 9.744054e+03 9.725999e+03 9.686651e+03 9.704705e+03
1.1 9.770170e+03 9.781643e+03 9.684767e+03 9.673294e+03
2.1 9.820421e+03 9.744804e+03 9.669836e+03 9.745453e+03
3.1 9.808787e+03 9.740242e+03 9.659717e+03 9.728262e+03
4.1 9.775158e+03 9.750782e+03 9.664870e+03 9.689246e+03
5.1 9.733225e+03 9.699160e+03 9.674651e+03 9.708716e+03
6.1 9.746528e+03 9.742953e+03 9.682052e+03 9.685627e+03
7.1 9.748481e+03 9.759021e+03 9.686310e+03 9.675770e+03
8.1 9.750704e+03 9.785479e+03 9.688375e+03 9.653599e+03
9.1 9.741495e+03 9.756112e+03 9.689042e+03 9.674425e+03
10.1 9.742930e+03 9.722870e+03 9.688884e+03 9.708944e+03
11.1 9.729542e+03 9.716058e+03 9.688356e+03 9.701840e+03
12.1 9.792247e+03 9.732714e+03 9.687781e+03 9.747315e+03
13.1 9.803893e+03 9.800935e+03 9.687320e+03 9.690278e+03
14.1 9.773604e+03 9.806520e+03 9.687012e+03 9.654096e+03
15.1 9.745690e+03 9.778223e+03 9.686831e+03 9.654297e+03
16.1 9.760290e+03 9.772247e+03 9.686734e+03 9.674778e+03
17.1 9.782950e+03 9.829791e+03 9.686687e+03 9.639846e+03
18.1 9.772630e+03 9.779148e+03 9.686666e+03 9.680148e+03
19.1 9.765164e+03 9.785355e+03 9.686657e+03 9.666466e+03
20.1 9.785613e+03 9.809039e+03 9.686486e+03 9.663060e+03
0.7 9.785613e+03 9.809039e+03 9.686486e+03 9.663060e+03
1.7 9.803722e+03 9.802315e+03 9.677447e+03 9.678854e+03
2.7 9.787477e+03 9.795722e+03 9.661957e+03 9.653713e+03
3.7 9.786101e+03 9.776241e+03 9.661389e+03 9.671250e+03
4.7 9.800345e+03 9.812454e+03 9.668853e+03 9.656744e+03
5.7 9.816559e+03 9.834478e+03 9.662441e+03 9.644522e+03
6.7 9.800481e+03 9.766586e+03 9.656635e+03 9.690529e+03
7.7 9.809504e+03 9.766811e+03 9.664419e+03 9.707113e+03
8.7 9.852801e+03 9.820197e+03 9.675873e+03 9.708477e+03
9.7 9.861300e+03 9.830688e+03 9.683928e+03 9.714540e+03
10.7 9.856737e+03 9.845614e+03 9.688105e+03 9.699228e+03
11.7 9.826853e+03 9.827024e+03 9.689769e+03 9.689598e+03
12.7 9.808720e+03 9.781613e+03 9.690000e+03 9.717107e+03
13.7 9.823540e+03 9.823126e+03 9.689481e+03 9.689895e+03
14.7 9.880434e+03 9.858096e+03 9.683870e+03 9.706208e+03
15.7 9.849304e+03 9.849844e+03 9.666631e+03 9.666090e+03
16.7 9.819659e+03 9.830248e+03 9.660765e+03 9.650176e+03
17.7 9.818360e+03 9.865257e+03 9.667760e+03 9.620863e+03
18.7 9.839588e+03 9.847591e+03 9.666626e+03 9.658623e+03
19.7 9.829909e+03 9.829782e+03 9.658232e+03 9.658359e+03
20.7 9.845458e+03 9.812525e+03 9.662451e+03 9.695384e+03
0.1 9.786101e+03 9.776241e+03 9.661389e+03 9.671250e+03
1.1 9.800345e+03 9.812454e+03 9.668853e+03 9.656744e+03
2.1 9.816559e+03 9.834478e+03 9.662441e+03 9.644522e+03
3.1 9.800481e+03 9.766586e+03 9.656635e+03 9.690529e+03
4.1 9.809504e+03 9.766811e+03 9.664419e+03 9.707113e+03
5.1 9.852801e+03 9.820197e+03 9.675873e+03 9.708477e+03
6.1 9.861300e+03 9.830688e+03 9.683928e+03 9.714540e+03
7.1 9.856737e+03 9.845614e+03 9.688105e+03 9.699228e+03
8.1 9.826853e+03 9.827024e+03 9.689769e+03 9.689598e+03
9.1 9.808720e+03 9.781613e+03 9.690000e+03 9.717107e+03
10.1 9.823540e+03 9.823126e+03 9.689481e+03 9.689895e+03
11.1 9.880434e+03 9.858096e+03 9.683870e+03 9.706208e+03
12.1 9.849304e+03 9.849844e+03 9.666631e+03 9.666090e+03
13.1 9.819659e+03 9.830248e+03 9.660765e+03 9.650176e+03
14.1 9.818360e+03 9.865257e+03 9.667760e+03 9.620863e+03
15.1 9.839588e+03 9.847591e+03 9.666626e+03 9.658623e+03
16.1 9.829909e+03 9.829782e+03 9.658232e+03 9.658359e+03
17.1 9.845458e+03 9.812525e+03 9.662451e+03 9.695384e+03
18.1 9.872170e+03 9.810634e+03 9.673436e+03 9.734972e+03
19.1 9.889026e+03 9.864177e+03 9.682317e+03 9.707167e+03
20.1 9.897740e+03 9.906409e+03 9.687253e+03 9.678585e+03
0.4 9.823540e+03 9.823126e+03 9.689481e+03 9.689895e+03
1.4 9.880434e+03 9.858096e+03 9.683870e+03 9.706208e+03
2.4 9.849304e+03 9.849844e+03 9.666631e+03 9.666090e+03
3.4 9.819659e+03 9.830248e+03 9.660765e+03 9.650176e+03
4.4 9.818360e+03 9.865257e+03 9.667760e+03 9.620863e+03
5.4 9.839588e+03 9.847591e+03 9.666626e+03 9.658623e+03
6.4 9.829909e+03 9.829782e+03 9.658232e+03 9.658359e+03
7.4 9.845458e+03 9.812525e+03 9.662451e+03 9.695384e+03
8.4 9.872170e+03 9.810634e+03 9.673436e+03 9.734972e+03
9.4 9.889026e+03 9.864177e+03 9.682317e+03 9.707167e+03
10.4 9.897740e+03 9.906409e+03 9.687253e+03 9.678585e+03
11.4 9.869180e+03 9.845896e+03 9.689394e+03 9.712678e+03
12.4 9.836323e+03 9.840665e+03 9.689916e+03 9.685573e+03
13.4 9.814987e+03 9.821560e+03 9.689566e+03 9.682993e+03
14.4 9.808282e+03 9.818326e+03 9.688853e+03 9.678809e+03
15.4 9.841961e+03 9.867996e+03 9.688116e+03 9.662081e+03
16.4 9.872060e+03 9.919625e+03 9.687527e+03 9.639962e+03
17.4 9.881308e+03 9.870712e+03 9.687130e+03 9.697726e+03
18.4 9.864375e+03 9.844586e+03 9.686893e+03 9.706681e+03
19.4 9.856143e+03 9.835128e+03 9.686765e+03 9.707780e+03
20.4 9.887444e+03 9.856852e+03 9.686701e+03 9.717293e+03
0.8 9.818360e+03 9.865257e+03 9.667760e+03 9.620863e+03
1.8 9.839588e+03 9.847591e+03 9.666626e+03 9.658623e+03
2.8 9.829909e+03 9.829782e+03 9.658232e+03 9.658359e+03
3.8 9.845458e+03 9.812525e+03 9.662451e+03 9.695384e+03
4.8 9.872170e+03 9.810634e+03 9.673436e+03 9.734972e+03
5.8 9.889026e+03 9.864177e+03 9.682317e+03 9.707167e+03
6.8 9.897740e+03 9.906409e+03 9.687253e+03 9.678585e+03
7.8 9.869180e+03 9.845896e+03 9.689394e+03 9.712678e+03
8.8 9.836323e+03 9.840665e+03 9.689916e+03 9.685573e+03
9.8 9.814987e+03 9.821560e+03 9.689566e+03 9.682993e+03
10.8 9.808282e+03 9.818326e+03 9.688853e+03 9.678809e+03
11.8 9.841961e+03 9.867996e+03 9.688116e+03 9.662081e+03
12.8 9.872060e+03 9.919625e+03 9.687527e+03 9.639962e+03
13.8 9.881308e+03 9.870712e+03 9.687130e+03 9.697726e+03
14.8 9.864375e+03 9.844586e+03 9.686893e+03 9.706681e+03
15.8 9.856143e+03 9.835128e+03 9.686765e+03 9.707780e+03
16.8 9.887444e+03 9.856852e+03 9.686701e+03 9.717293e+03
17.8 9.924109e+03 9.910547e+03 9.686133e+03 9.699695e+03
18.8 9.916669e+03 9.921199e+03 9.674091e+03 9.669561e+03
19.8 9.915123e+03 9.868566e+03 9.659476e+03 9.706033e+03
20.8 9.854758e+03 9.858119e+03 9.661322e+03 9.657961e+03
0.9 9.924109e+03 9.910547e+03 9.686133e+03 9.699695e+03
1.9 9.916669e+03 9.921199e+03 9.674091e+03 9.669561e+03
2.9 9.915123e+03 9.868566e+03 9.659476e+03 9.706033e+03
3.9 9.854758e+03 9.858119e+03 9.661322e+03 9.657961e+03
4.9 9.789720e+03 9.849504e+03 9.671360e+03 9.611577e+03
5.9 9.785240e+03 9.837689e+03 9.680065e+03 9.627616e+03
6.9 9.813628e+03 9.874296e+03 9.684969e+03 9.624301e+03
7.9 9.841974e+03 9.921737e+03 9.676845e+03 9.597082e+03
8.9 9.845373e+03 9.863257e+03 9.663454e+03 9.645570e+03
9.9 9.820163e+03 9.866926e+03 9.664634e+03 9.617872e+03
10.9 9.834598e+03 9.864528e+03 9.673629e+03 9.643700e+03
11.9 9.856423e+03 9.896345e+03 9.680443e+03 9.640521e+03
12.9 9.899881e+03 9.912603e+03 9.671790e+03 9.659068e+03
13.9 9.890369e+03 9.927306e+03 9.661797e+03 9.624860e+03
14.9 9.896455e+03 9.888850e+03 9.666101e+03 9.673706e+03
15.9 9.909280e+03 9.931494e+03 9.671653e+03 9.649439e+03
16.9 9.896017e+03 9.912266e+03 9.662620e+03 9.646371e+03
17.9 9.886585e+03 9.924908e+03 9.660369e+03 9.622046e+03
18.9 9.896105e+03 9.895979e+03 9.669424e+03 9.669551e+03
19.9 9.890039e+03 9.941262e+03 9.679447e+03 9.628224e+03
20.9 9.911575e+03 9.907720e+03 9.685786e+03 9.689641e+03
0.8 9.813628e+03 9.874296e+03 9.684969e+03 9.624301e+03
1.8 9.841974e+03 9.921737e+03 9.676845e+03 9.597082e+03
2.8 9.845373e+03 9.863257e+03 9.663454e+03 9.645570e+03
3.8 9.820163e+03 9.866926e+03 9.664634e+03 9.617872e+03
4.8 9.834598e+03 9.864528e+03 9.673629e+03 9.643700e+03
5.8 9.856423e+03 9.896345e+03 9.680443e+03 9.640521e+03
6.8 9.899881e+03 9.912603e+03 9.671790e+03 9.659068e+03
7.8 9.890369e+03 9.927306e+03 9.661797e+03 9.624860e+03
8.8 9.896455e+03 9.888850e+03 9.666101e+03 9.673706e+03
9.8 9.909280e+03 9.931494e+03 9.671653e+03 9.649439e+03
10.8 9.896017e+03 9.912266e+03 9.662620e+03 9.646371e+03
11.8 9.886585e+03 9.924908e+03 9.660369e+03 9.622046e+03
12.8 9.896105e+03 9.895979e+03 9.669424e+03 9.669551e+03
13.8 9.890039e+03 9.941262e+03 9.679447e+03 9.628224e+03
14.8 9.911575e+03 9.907720e+03 9.685786e+03 9.689641e+03
15.8 9.915455e+03 9.932539e+03 9.688838e+03 9.671754e+03
16.8 1.003394e+04 9.974870e+03 9.689883e+03 9.748954e+03
17.8 9.998295e+03 9.970045e+03 9.689806e+03 9.718056e+03
18.8 9.969129e+03 9.901663e+03 9.689186e+03 9.756651e+03
19.8 9.955059e+03 9.915843e+03 9.688423e+03 9.727639e+03
20.8 9.935436e+03 9.812486e+03 9.687757e+03 9.810707e+03
1.0 9.856423e+03 9.896345e+03 9.680443e+03 9.640521e+03
2.0 9.899881e+03 9.912603e+03 9.671790e+03 9.659068e+03
3.0 9.890369e+03 9.927306e+03 9.661797e+03 9.624860e+03
4.0 9.896455e+03 9.888850e+03 9.666101e+03 9.673706e+03
5.0 9.909280e+03 9.931494e+03 9.671653e+03 9.649439e+03
6.0 9.896017e+03 9.912266e+03 9.662620e+03 9.646371e+03
7.0 9.886585e+03 9.924908e+03 9.660369e+03 9.622046e+03
8.0 9.896105e+03 9.895979e+03 9.669424e+03 9.669551e+03
9.0 9.890039e+03 9.941262e+03 9.679447e+03 9.628224e+03
10.0 9.911575e+03 9.907720e+03 9.685786e+03 9.689641e+03
11.0 9.915455e+03 9.932539e+03 9.688838e+03 9.671754e+03
12.0 1.003394e+04 9.974870e+03 9.689883e+03 9.748954e+03
13.0 9.998295e+03 9.970045e+03 9.689806e+03 9.718056e+03
14.0 9.969129e+03 9.901663e+03 9.689186e+03 9.756651e+03
15.0 9.955059e+03 9.915843e+03 9.688423e+03 9.727639e+03
16.0 9.935436e+03 9.812486e+03 9.687757e+03 9.810707e+03
17.0 9.880481e+03 9.884394e+03 9.687278e+03 9.683365e+03
18.0 9.878239e+03 9.815415e+03 9.686978e+03 9.749802e+03
19.0 9.892310e+03 9.972957e+03 9.686809e+03 9.606162e+03
20.0 9.928512e+03 9.766511e+03 9.686723e+03 9.848724e+03
21.0 9.499394e+03 9.463075e+03 9.686681e+03 9.723000e+03
0.3 9.896455e+03 9.888850e+03 9.666101e+03 9.673706e+03
1.3 9.909280e+03 9.931494e+03 9.671653e+03 9.649439e+03
2.3 9.896017e+03 9.912266e+03 9.662620e+03 9.646371e+03
3.3 9.886585e+03 9.924908e+03 9.660369e+03 9.622046e+03
4.3 9.896105e+03 9.895979e+03 9.669424e+03 9.669551e+03
5.3 9.890039e+03 9.941262e+03 9.679447e+03 9.628224e+03
6.3 9.911575e+03 9.907720e+03 9.685786e+03 9.689641e+03
7.3 9.915455e+03 9.932539e+03 9.688838e+03 9.671754e+03
8.3 1.003394e+04 9.974870e+03 9.689883e+03 9.748954e+03
9.3 9.998295e+03 9.970045e+03 9.689806e+03 9.718056e+03
10.3 9.969129e+03 9.901663e+03 9.689186e+03 9.756651e+03
11.3 9.955059e+03 9.915843e+03 9.688423e+03 9.727639e+03
12.3 9.935436e+03 9.812486e+03 9.687757e+03 9.810707e+03
13.3 9.880481e+03 9.884394e+03 9.687278e+03 9.683365e+03
14.3 9.878239e+03 9.815415e+03 9.686978e+03 9.749802e+03
15.3 9.892310e+03 9.972957e+03 9.686809e+03 9.606162e+03
16.3 9.928512e+03 9.766511e+03 9.686723e+03 9.848724e+03
17.3 9.499394e+03 9.463075e+03 9.686681e+03 9.723000e+03
18.3 1.007008e+04 1.003678e+04 9.686663e+03 9.719962e+03
19.3 1.005368e+04 9.929118e+03 9.686656e+03 9.811221e+03
20.3 1.003027e+04 1.000491e+04 9.685346e+03 9.710710e+03
1.0 1.003027e+04 1.000491e+04 9.685346e+03 9.710710e+03
2.0 9.983845e+03 9.931932e+03 9.671343e+03 9.723257e+03
3.0 9.767617e+03 9.835321e+03 9.659896e+03 9.592193e+03
4.0 9.913336e+03 9.813816e+03 9.664084e+03 9.763603e+03
5.0 9.921615e+03 9.905017e+03 9.673863e+03 9.690461e+03
6.0 9.792121e+03 9.786842e+03 9.681552e+03 9.686832e+03
7.0 9.798135e+03 9.768844e+03 9.686045e+03 9.715336e+03
8.0 9.702512e+03 9.741460e+03 9.688262e+03 9.649313e+03
9.0 9.623490e+03 9.715570e+03 9.689025e+03 9.596945e+03
10.0 9.701318e+03 9.744823e+03 9.688918e+03 9.645412e+03
11.0 9.676784e+03 9.781121e+03 9.688407e+03 9.584070e+03
12.0 9.682367e+03 9.736397e+03 9.687827e+03 9.633797e+03
13.0 9.726006e+03 9.738879e+03 9.687354e+03 9.674481e+03
14.0 9.158384e+03 9.292960e+03 9.686776e+03 9.552199e+03
15.0 9.761933e+03 9.864925e+03 9.676652e+03 9.573660e+03
16.0 9.842239e+03 9.783095e+03 9.661551e+03 9.720695e+03
17.0 9.764245e+03 9.615664e+03 9.661814e+03 9.810394e+03
18.0 9.781971e+03 9.761295e+03 9.669240e+03 9.689915e+03
19.0 9.678508e+03 9.609652e+03 9.662897e+03 9.731752e+03
20.0 9.612727e+03 9.676861e+03 9.658106e+03 9.593972e+03
21.0 9.495929e+03 9.417858e+03 9.666025e+03 9.744097e+03
0.8 9.158384e+03 9.292960e+03 9.686776e+03 9.552199e+03
1.8 9.761933e+03 9.864925e+03 9.676652e+03 9.573660e+03
2.8 9.842239e+03 9.783095e+03 9.661551e+03 9.720695e+03
3.8 9.764245e+03 9.615664e+03 9.661814e+03 9.810394e+03
4.8 9.781971e+03 9.761295e+03 9.669240e+03 9.689915e+03
5.8 9.678508e+03 9.609652e+03 9.662897e+03 9.731752e+03
6.8 9.612727e+03 9.676861e+03 9.658106e+03 9.593972e+03
7.8 9.495929e+03 9.417858e+03 9.666025e+03 9.744097e+03
8.8 9.032497e+03 9.109682e+03 9.676918e+03 9.599734e+03
9.8 9.409956e+03 9.361027e+03 9.684409e+03 9.733338e+03
10.8 9.650254e+03 9.603637e+03 9.688231e+03 9.734848e+03
11.8 8.878020e+03 8.924384e+03 9.689710e+03 9.643347e+03
12.8 9.657340e+03 9.646326e+03 9.689865e+03 9.700879e+03
13.8 9.588519e+03 9.865412e+03 9.689342e+03 9.412449e+03
14.8 9.087762e+03 9.203444e+03 9.688591e+03 9.572909e+03
15.8 9.763280e+03 9.742130e+03 9.687893e+03 9.709043e+03
16.8 9.439161e+03 9.561226e+03 9.687370e+03 9.565306e+03
17.8 9.765510e+03 9.715421e+03 9.687033e+03 9.737122e+03
18.8 9.697161e+03 9.850847e+03 9.686839e+03 9.533153e+03
19.8 9.585664e+03 9.575013e+03 9.686738e+03 9.697389e+03
20.8 9.432271e+03 9.495248e+03 9.686688e+03 9.623712e+03
0.1 9.764245e+03 9.615664e+03 9.661814e+03 9.810394e+03
1.1 9.781971e+03 9.761295e+03 9.669240e+03 9.689915e+03
2.1 9.678508e+03 9.609652e+03 9.662897e+03 9.731752e+03
3.1 9.612727e+03 9.676861e+03 9.658106e+03 9.593972e+03
4.1 9.495929e+03 9.417858e+03 9.666025e+03 9.744097e+03
5.1 9.032497e+03 9.109682e+03 9.676918e+03 9.599734e+03
6.1 9.409956e+03 9.361027e+03 9.684409e+03 9.733338e+03
7.1 9.650254e+03 9.603637e+03 9.688231e+03 9.734848e+03
8.1 8.878020e+03 8.924384e+03 9.689710e+03 9.643347e+03
9.1 9.657340e+03 9.646326e+03 9.689865e+03 9.700879e+03
10.1 9.588519e+03 9.865412e+03 9.689342e+03 9.412449e+03
11.1 9.087762e+03 9.203444e+03 9.688591e+03 9.572909e+03
12.1 9.763280e+03 9.742130e+03 9.687893e+03 9.709043e+03
13.1 9.439161e+03 9.561226e+03 9.687370e+03 9.565306e+03
14.1 9.765510e+03 9.715421e+03 9.687033e+03 9.737122e+03
15.1 9.697161e+03 9.850847e+03 9.686839e+03 9.533153e+03
16.1 9.585664e+03 9.575013e+03 9.686738e+03 9.697389e+03
17.1 9.432271e+03 9.495248e+03 9.686688e+03 9.623712e+03
18.1 9.783001e+03 9.704308e+03 9.686666e+03 9.765360e+03
19.1 9.773119e+03 9.694922e+03 9.686657e+03 9.764854e+03
20.1 9.745839e+03 9.676142e+03 9.686653e+03 9.756351e+03
0.9 9.598990e+03 9.577428e+03 9.686016e+03 9.707578e+03
1.9 9.646192e+03 9.647695e+03 9.673914e+03 9.672412e+03
2.9 9.648554e+03 9.590214e+03 9.660489e+03 9.718829e+03
3.9 9.679314e+03 9.633795e+03 9.662859e+03 9.708378e+03
4.9 9.724887e+03 9.666267e+03 9.672507e+03 9.731128e+03
5.9 9.686972e+03 9.709818e+03 9.680663e+03 9.657817e+03
6.9 9.529398e+03 9.498701e+03 9.685566e+03 9.716263e+03
7.9 9.668509e+03 9.590393e+03 9.687945e+03 9.766061e+03
8.9 9.695239e+03 9.683431e+03 9.680734e+03 9.692541e+03
9.9 9.670149e+03 9.674207e+03 9.664829e+03 9.660772e+03
10.9 9.400692e+03 9.495355e+03 9.662875e+03 9.568212e+03
11.9 9.560875e+03 9.647847e+03 9.671220e+03 9.584248e+03
12.9 9.692942e+03 9.684219e+03 9.679270e+03 9.687993e+03
13.9 9.678794e+03 9.656895e+03 9.673497e+03 9.695396e+03
14.9 9.624972e+03 9.711550e+03 9.661030e+03 9.574452e+03
15.9 9.670073e+03 9.670506e+03 9.663169e+03 9.662736e+03
16.9 9.696001e+03 9.690727e+03 9.671091e+03 9.676366e+03
17.9 9.656613e+03 9.675178e+03 9.664358e+03 9.645793e+03
18.9 9.618656e+03 9.663177e+03 9.659569e+03 9.615048e+03
19.9 9.618613e+03 9.623330e+03 9.667307e+03 9.662589e+03
20.9 9.625921e+03 9.649825e+03 9.677802e+03 9.653898e+03
0.6 9.668509e+03 9.590393e+03 9.687945e+03 9.766061e+03
1.6 9.695239e+03 9.683431e+03 9.680734e+03 9.692541e+03
2.6 9.670149e+03 9.674207e+03 9.664829e+03 9.660772e+03
3.6 9.400692e+03 9.495355e+03 9.662875e+03 9.568212e+03
4.6 9.560875e+03 9.647847e+03 9.671220e+03 9.584248e+03
5.6 9.692942e+03 9.684219e+03 9.679270e+03 9.687993e+03
6.6 9.678794e+03 9.656895e+03 9.673497e+03 9.695396e+03
7.6 9.624972e+03 9.711550e+03 9.661030e+03 9.574452e+03
8.6 9.670073e+03 9.670506e+03 9.663169e+03 9.662736e+03
9.6 9.696001e+03 9.690727e+03 9.671091e+03 9.676366e+03
10.6 9.656613e+03 9.675178e+03 9.664358e+03 9.645793e+03
11.6 9.618656e+03 9.663177e+03 9.659569e+03 9.615048e+03
12.6 9.618613e+03 9.623330e+03 9.667307e+03 9.662589e+03
13.6 9.625921e+03 9.649825e+03 9.677802e+03 9.653898e+03
14.6 9.695291e+03 9.685411e+03 9.681094e+03 9.690974e+03
15.6 9.666606e+03 9.709270e+03 9.667662e+03 9.624999e+03
16.6 9.632754e+03 9.657621e+03 9.661620e+03 9.636754e+03
17.6 9.654258e+03 9.707020e+03 9.668930e+03 9.616168e+03
18.6 9.321956e+03 9.423782e+03 9.678458e+03 9.576633e+03
19.6 9.399953e+03 9.398760e+03 9.684803e+03 9.685996e+03
20.6 9.772247e+03 9.715331e+03 9.684903e+03 9.741820e+03
0.8 9.692942e+03 9.684219e+03 9.679270e+03 9.687993e+03
1.8 9.678794e+03 9.656895e+03 9.673497e+03 9.695396e+03
2.8 9.624972e+03 9.711550e+03 9.661030e+03 9.574452e+03
3.8 9.670073e+03 9.670506e+03 9.663169e+03 9.662736e+03
4.8 9.696001e+03 9.690727e+03 9.671091e+03 9.676366e+03
5.8 9.656613e+03 9.675178e+03 9.664358e+03 9.645793e+03
6.8 9.618656e+03 9.663177e+03 9.659569e+03 9.615048e+03
7.8 9.618613e+03 9.623330e+03 9.667307e+03 9.662589e+03
8.8 9.625921e+03 9.649825e+03 9.677802e+03 9.653898e+03
9.8 9.695291e+03 9.685411e+03 9.681094e+03 9.690974e+03
10.8 9.666606e+03 9.709270e+03 9.667662e+03 9.624999e+03
11.8 9.632754e+03 9.657621e+03 9.661620e+03 9.636754e+03
12.8 9.654258e+03 9.707020e+03 9.668930e+03 9.616168e+03
13.8 9.321956e+03 9.423782e+03 9.678458e+03 9.576633e+03
14.8 9.399953e+03 9.398760e+03 9.684803e+03 9.685996e+03
15.8 9.772247e+03 9.715331e+03 9.684903e+03 9.741820e+03
16.8 9.708045e+03 9.655732e+03 9.670190e+03 9.722503e+03
17.8 9.631067e+03 9.645944e+03 9.662599e+03 9.647721e+03
18.8 9.611882e+03 9.605075e+03 9.668684e+03 9.675491e+03
19.8 9.561079e+03 9.584065e+03 9.677676e+03 9.654690e+03
20.8 9.580895e+03 9.606954e+03 9.683955e+03 9.657897e+03
0.1 9.670073e+03 9.670506e+03 9.663169e+03 9.662736e+03
1.1 9.696001e+03 9.690727e+03 9.671091e+03 9.676366e+03
2.1 9.656613e+03 9.675178e+03 9.664358e+03 9.645793e+03
3.1 9.618656e+03 9.663177e+03 9.659569e+03 9.615048e+03
4.1 9.618613e+03 9.623330e+03 9.667307e+03 9.662589e+03
5.1 9.625921e+03 9.649825e+03 9.677802e+03 9.653898e+03
6.1 9.695291e+03 9.685411e+03 9.681094e+03 9.690974e+03
7.1 9.666606e+03 9.709270e+03 9.667662e+03 9.624999e+03
8.1 9.632754e+03 9.657621e+03 9.661620e+03 9.636754e+03
9.1 9.654258e+03 9.707020e+03 9.668930e+03 9.616168e+03
10.1 9.321956e+03 9.423782e+03 9.678458e+03 9.576633e+03
11.1 9.399953e+03 9.398760e+03 9.684803e+03 9.685996e+03
12.1 9.772247e+03 9.715331e+03 9.684903e+03 9.741820e+03
13.1 9.708045e+03 9.655732e+03 9.670190e+03 9.722503e+03
14.1 9.631067e+03 9.645944e+03 9.662599e+03 9.647721e+03
15.1 9.611882e+03 9.605075e+03 9.668684e+03 9.675491e+03
16.1 9.561079e+03 9.584065e+03 9.677676e+03 9.654690e+03
17.1 9.580895e+03 9.606954e+03 9.683955e+03 9.657897e+03
18.1 9.559592e+03 9.510460e+03 9.684459e+03 9.733591e+03
19.1 9.694708e+03 9.676193e+03 9.669467e+03 9.687982e+03
20.1 9.670210e+03 9.608534e+03 9.660915e+03 9.722591e+03
0.3 9.625921e+03 9.649825e+03 9.677802e+03 9.653898e+03
1.3 9.695291e+03 9.685411e+03 9.681094e+03 9.690974e+03
2.3 9.666606e+03 9.709270e+03 9.667662e+03 9.624999e+03
3.3 9.632754e+03 9.657621e+03 9.661620e+03 9.636754e+03
4.3 9.654258e+03 9.707020e+03 9.668930e+03 9.616168e+03
5.3 9.321956e+03 9.423782e+03 9.678458e+03 9.576633e+03
6.3 9.399953e+03 9.398760e+03 9.684803e+03 9.685996e+03
7.3 9.772247e+03 9.715331e+03 9.684903e+03 9.741820e+03
8.3 9.708045e+03 9.655732e+03 9.670190e+03 9.722503e+03
9.3 9.631067e+03 9.645944e+03 9.662599e+03 9.647721e+03
10.3 9.611882e+03 9.605075e+03 9.668684e+03 9.675491e+03
11.3 9.561079e+03 9.584065e+03 9.677676e+03 9.654690e+03
12.3 9.580895e+03 9.606954e+03 9.683955e+03 9.657897e+03
13.3 9.559592e+03 9.510460e+03 9.684459e+03 9.733591e+03
14.3 9.694708e+03 9.676193e+03 9.669467e+03 9.687982e+03
15.3 9.670210e+03 9.608534e+03 9.660915e+03 9.722591e+03
16.3 9.721511e+03 9.661009e+03 9.667033e+03 9.727534e+03
17.3 9.669803e+03 9.669700e+03 9.676636e+03 9.676740e+03
18.3 9.532779e+03 9.587118e+03 9.683468e+03 9.629129e+03
19.3 9.646955e+03 9.568541e+03 9.687215e+03 9.765630e+03
20.3 9.686893e+03 9.696702e+03 9.688171e+03 9.678362e+03
0.3 9.399953e+03 9.398760e+03 9.684803e+03 9.685996e+03
1.3 9.772247e+03 9.715331e+03 9.684903e+03 9.741820e+03
2.3 9.708045e+03 9.655732e+03 9.670190e+03 9.722503e+03
3.3 9.631067e+03 9.645944e+03 9.662599e+03 9.647721e+03
4.3 9.611882e+03 9.605075e+03 9.668684e+03 9.675491e+03
5.3 9.561079e+03 9.584065e+03 9.677676e+03 9.654690e+03
6.3 9.580895e+03 9.606954e+03 9.683955e+03 9.657897e+03
7.3 9.559592e+03 9.510460e+03 9.684459e+03 9.733591e+03
8.3 9.694708e+03 9.676193e+03 9.669467e+03 9.687982e+03
9.3 9.670210e+03 9.608534e+03 9.660915e+03 9.722591e+03
10.3 9.721511e+03 9.661009e+03 9.667033e+03 9.727534e+03
11.3 9.669803e+03 9.669700e+03 9.676636e+03 9.676740e+03
12.3 9.532779e+03 9.587118e+03 9.683468e+03 9.629129e+03
13.3 9.646955e+03 9.568541e+03 9.687215e+03 9.765630e+03
14.3 9.686893e+03 9.696702e+03 9.688171e+03 9.678362e+03
15.3 9.469381e+03 9.510607e+03 9.676083e+03 9.634856e+03
16.3 9.626420e+03 9.611178e+03 9.662714e+03 9.677957e+03
17.3 9.559171e+03 9.563184e+03 9.664855e+03 9.660841e+03
18.3 9.601445e+03 9.563220e+03 9.673927e+03 9.712153e+03
19.3 9.626628e+03 9.631046e+03 9.681515e+03 9.677098e+03
20.3 9.602714e+03 9.634763e+03 9.686022e+03 9.653973e+03
0.2 9.580895e+03 9.606954e+03 9.683955e+03 9.657897e+03
1.2 9.559592e+03 9.510460e+03 9.684459e+03 9.733591e+03
2.2 9.694708e+03 9.676193e+03 9.669467e+03 9.687982e+03
3.2 9.670210e+03 9.608534e+03 9.660915e+03 9.722591e+03
4.2 9.721511e+03 9.661009e+03 9.667033e+03 9.727534e+03
5.2 9.669803e+03 9.669700e+03 9.676636e+03 9.676740e+03
6.2 9.532779e+03 9.587118e+03 9.683468e+03 9.629129e+03
7.2 9.646955e+03 9.568541e+03 9.687215e+03 9.765630e+03
8.2 9.686893e+03 9.696702e+03 9.688171e+03 9.678362e+03
9.2 9.469381e+03 9.510607e+03 9.676083e+03 9.634856e+03
10.2 9.626420e+03 9.611178e+03 9.662714e+03 9.677957e+03
11.2 9.559171e+03 9.563184e+03 9.664855e+03 9.660841e+03
12.2 9.601445e+03 9.563220e+03 9.673927e+03 9.712153e+03
13.2 9.626628e+03 9.631046e+03 9.681515e+03 9.677098e+03
14.2 9.602714e+03 9.634763e+03 9.686022e+03 9.653973e+03
15.2 9.609464e+03 9.652023e+03 9.688270e+03 9.645711e+03
16.2 9.609500e+03 9.608807e+03 9.689072e+03 9.689766e+03
17.2 9.599558e+03 9.606626e+03 9.688993e+03 9.681925e+03
18.2 9.627330e+03 9.607005e+03 9.688488e+03 9.708814e+03
19.2 9.649176e+03 9.662311e+03 9.686589e+03 9.673454e+03
20.2 9.630713e+03 9.668681e+03 9.672095e+03 9.634126e+03
0.9 9.686893e+03 9.696702e+03 9.688171e+03 9.678362e+03
1.9 9.469381e+03 9.510607e+03 9.676083e+03 9.634856e+03
2.9 9.626420e+03 9.611178e+03 9.662714e+03 9.677957e+03
3.9 9.559171e+03 9.563184e+03 9.664855e+03 9.660841e+03
4.9 9.601445e+03 9.563220e+03 9.673927e+03 9.712153e+03
5.9 9.626628e+03 9.631046e+03 9.681515e+03 9.677098e+03
6.9 9.602714e+03 9.634763e+03 9.686022e+03 9.653973e+03
7.9 9.609464e+03 9.652023e+03 9.688270e+03 9.645711e+03
8.9 9.609500e+03 9.608807e+03 9.689072e+03 9.689766e+03
9.9 9.599558e+03 9.606626e+03 9.688993e+03 9.681925e+03
10.9 9.627330e+03 9.607005e+03 9.688488e+03 9.708814e+03
11.9 9.649176e+03 9.662311e+03 9.686589e+03 9.673454e+03
12.9 9.630713e+03 9.668681e+03 9.672095e+03 9.634126e+03
13.9 9.632209e+03 9.633004e+03 9.660307e+03 9.659512e+03
14.9 9.608576e+03 9.609844e+03 9.664291e+03 9.663023e+03
15.9 9.619833e+03 9.608830e+03 9.673961e+03 9.684963e+03
16.9 9.604141e+03 9.578994e+03 9.681595e+03 9.706742e+03
17.9 9.661479e+03 9.636050e+03 9.685066e+03 9.710495e+03
18.9 9.638210e+03 9.632128e+03 9.673985e+03 9.680067e+03
19.9 9.560652e+03 9.629336e+03 9.662465e+03 9.593781e+03
20.9 9.583919e+03 9.579525e+03 9.665847e+03 9.670241e+03
1.0 9.649176e+03 9.662311e+03 9.686589e+03 9.673454e+03
2.0 9.630713e+03 9.668681e+03 9.672095e+03 9.634126e+03
3.0 9.632209e+03 9.633004e+03 9.660307e+03 9.659512e+03
4.0 9.608576e+03 9.609844e+03 9.664291e+03 9.663023e+03
5.0 9.619833e+03 9.608830e+03 9.673961e+03 9.684963e+03
6.0 9.604141e+03 9.578994e+03 9.681595e+03 9.706742e+03
7.0 9.661479e+03 9.636050e+03 9.685066e+03 9.710495e+03
8.0 9.638210e+03 9.632128e+03 9.673985e+03 9.680067e+03
9.0 9.560652e+03 9.629336e+03 9.662465e+03 9.593781e+03
10.0 9.583919e+03 9.579525e+03 9.665847e+03 9.670241e+03
11.0 9.590391e+03 9.557861e+03 9.675083e+03 9.707612e+03
12.0 9.557653e+03 9.557509e+03 9.682381e+03 9.682525e+03
13.0 9.541702e+03 9.568486e+03 9.686562e+03 9.659778e+03
14.0 9.547962e+03 9.535201e+03 9.688562e+03 9.701323e+03
15.0 9.546764e+03 9.535120e+03 9.689201e+03 9.700844e+03
16.0 9.583796e+03 9.557529e+03 9.689028e+03 9.715296e+03
17.0 9.610250e+03 9.578805e+03 9.688480e+03 9.719925e+03
18.0 9.536762e+03 9.585719e+03 9.687875e+03 9.638917e+03
19.0 9.568228e+03 9.565190e+03 9.687383e+03 9.690421e+03
20.0 9.566765e+03 9.560544e+03 9.687050e+03 9.693271e+03
21.0 9.576655e+03 9.567764e+03 9.686834e+03 9.695725e+03
1.0 9.661479e+03 9.636050e+03 9.685066e+03 9.710495e+03
2.0 9.638210e+03 9.632128e+03 9.673985e+03 9.680067e+03
3.0 9.560652e+03 9.629336e+03 9.662465e+03 9.593781e+03
4.0 9.583919e+03 9.579525e+03 9.665847e+03 9.670241e+03
5.0 9.590391e+03 9.557861e+03 9.675083e+03 9.707612e+03
6.0 9.557653e+03 9.557509e+03 9.682381e+03 9.682525e+03
7.0 9.541702e+03 9.568486e+03 9.686562e+03 9.659778e+03
8.0 9.547962e+03 9.535201e+03 9.688562e+03 9.701323e+03
9.0 9.546764e+03 9.535120e+03 9.689201e+03 9.700844e+03
10.0 9.583796e+03 9.557529e+03 9.689028e+03 9.715296e+03
11.0 9.610250e+03 9.578805e+03 9.688480e+03 9.719925e+03
12.0 9.536762e+03 9.585719e+03 9.687875e+03 9.638917e+03
13.0 9.568228e+03 9.565190e+03 9.687383e+03 9.690421e+03
14.0 9.566765e+03 9.560544e+03 9.687050e+03 9.693271e+03
15.0 9.576655e+03 9.567764e+03 9.686834e+03 9.695725e+03
16.0 9.569293e+03 9.580870e+03 9.681126e+03 9.669550e+03
17.0 9.559925e+03 9.550339e+03 9.664566e+03 9.674153e+03
18.0 9.582726e+03 9.551407e+03 9.660209e+03 9.691528e+03
19.0 9.587013e+03 9.560354e+03 9.668243e+03 9.694902e+03
20.0 9.588668e+03 9.585313e+03 9.677577e+03 9.680932e+03
21.0 9.567709e+03 9.612813e+03 9.683823e+03 9.638720e+03
0.5 9.576655e+03 9.567764e+03 9.686834e+03 9.695725e+03
1.5 9.569293e+03 9.580870e+03 9.681126e+03 9.669550e+03
2.5 9.559925e+03 9.550339e+03 9.664566e+03 9.674153e+03
3.5 9.582726e+03 9.551407e+03 9.660209e+03 9.691528e+03
4.5 9.587013e+03 9.560354e+03 9.668243e+03 9.694902e+03
5.5 9.588668e+03 9.585313e+03 9.677577e+03 9.680932e+03
6.5 9.567709e+03 9.612813e+03 9.683823e+03 9.638720e+03
7.5 9.542816e+03 9.585547e+03 9.687218e+03 9.644487e+03
8.5 9.570989e+03 9.532372e+03 9.688729e+03 9.727346e+03
9.5 9.607862e+03 9.654675e+03 9.689056e+03 9.642242e+03
10.5 9.611263e+03 9.626255e+03 9.688725e+03 9.673733e+03
11.5 9.604437e+03 9.607780e+03 9.688153e+03 9.684810e+03
12.5 9.569142e+03 9.626037e+03 9.687606e+03 9.630711e+03
13.5 9.610012e+03 9.596893e+03 9.687198e+03 9.700318e+03
14.5 9.575724e+03 9.539189e+03 9.686937e+03 9.723473e+03
15.5 9.689317e+03 9.601435e+03 9.686790e+03 9.774672e+03
16.5 9.666655e+03 9.628736e+03 9.686714e+03 9.724633e+03
17.5 9.632323e+03 9.628785e+03 9.686678e+03 9.690216e+03
18.5 9.637635e+03 9.545308e+03 9.686662e+03 9.778990e+03
19.5 9.611591e+03 9.621804e+03 9.686655e+03 9.676443e+03
20.5 9.538422e+03 9.636489e+03 9.686653e+03 9.588586e+03
0.1 9.521270e+03 9.538711e+03 9.686651e+03 9.669210e+03
1.1 9.587822e+03 9.595183e+03 9.685167e+03 9.677806e+03
2.1 9.581882e+03 9.579548e+03 9.670836e+03 9.673171e+03
3.1 9.524000e+03 9.595882e+03 9.659822e+03 9.587940e+03
4.1 9.538108e+03 9.582530e+03 9.664342e+03 9.619920e+03
5.1 9.624883e+03 9.625352e+03 9.674128e+03 9.673659e+03
6.1 9.641806e+03 9.565631e+03 9.681721e+03 9.757896e+03
7.1 9.570026e+03 9.547784e+03 9.686135e+03 9.708377e+03
8.1 9.568778e+03 9.501209e+03 9.688300e+03 9.755869e+03
9.1 9.674170e+03 9.576242e+03 9.689031e+03 9.786959e+03
10.1 9.616516e+03 9.632442e+03 9.688907e+03 9.672980e+03
11.1 9.554341e+03 9.600017e+03 9.688390e+03 9.642714e+03
12.1 9.601263e+03 9.581046e+03 9.687812e+03 9.708029e+03
13.1 9.565985e+03 9.622566e+03 9.686345e+03 9.629764e+03
14.1 9.526281e+03 9.600021e+03 9.672742e+03 9.599002e+03
15.1 9.492973e+03 9.508057e+03 9.660276e+03 9.645191e+03
16.1 9.540953e+03 9.532088e+03 9.663664e+03 9.672529e+03
17.1 9.562813e+03 9.558455e+03 9.669241e+03 9.673599e+03
18.1 9.537506e+03 9.576466e+03 9.660699e+03 9.621739e+03
19.1 9.526547e+03 9.548488e+03 9.659051e+03 9.637111e+03
20.1 9.550639e+03 9.573171e+03 9.668412e+03 9.645880e+03
1.0 9.565985e+03 9.622566e+03 9.686345e+03 9.629764e+03
2.0 9.526281e+03 9.600021e+03 9.672742e+03 9.599002e+03
3.0 9.492973e+03 9.508057e+03 9.660276e+03 9.645191e+03
4.0 9.540953e+03 9.532088e+03 9.663664e+03 9.672529e+03
5.0 9.562813e+03 9.558455e+03 9.669241e+03 9.673599e+03
6.0 9.537506e+03 9.576466e+03 9.660699e+03 9.621739e+03
7.0 9.526547e+03 9.548488e+03 9.659051e+03 9.637111e+03
8.0 9.550639e+03 9.573171e+03 9.668412e+03 9.645880e+03
9.0 9.571922e+03 9.557499e+03 9.669069e+03 9.683492e+03
10.0 9.563346e+03 9.578428e+03 9.659523e+03 9.644441e+03
11.0 9.592798e+03 9.548587e+03 9.662318e+03 9.706530e+03
12.0 9.582680e+03 9.540672e+03 9.673064e+03 9.715073e+03
13.0 9.627071e+03 9.577434e+03 9.681633e+03 9.731270e+03
14.0 9.618833e+03 9.609889e+03 9.675081e+03 9.684025e+03
15.0 9.595843e+03 9.595906e+03 9.663550e+03 9.663486e+03
16.0 9.580217e+03 9.576040e+03 9.666090e+03 9.670267e+03
17.0 9.577442e+03 9.604802e+03 9.675342e+03 9.647981e+03
18.0 9.563521e+03 9.588653e+03 9.682846e+03 9.657713e+03
19.0 9.527312e+03 9.587028e+03 9.687051e+03 9.627335e+03
20.0 9.537661e+03 9.579811e+03 9.688959e+03 9.646809e+03
21.0 9.544965e+03 9.521731e+03 9.689495e+03 9.712729e+03
0.4 9.540953e+03 9.532088e+03 9.663664e+03 9.672529e+03
1.4 9.562813e+03 9.558455e+03 9.669241e+03 9.673599e+03
2.4 9.537506e+03 9.576466e+03 9.660699e+03 9.621739e+03
3.4 9.526547e+03 9.548488e+03 9.659051e+03 9.637111e+03
4.4 9.550639e+03 9.573171e+03 9.668412e+03 9.645880e+03
5.4 9.571922e+03 9.557499e+03 9.669069e+03 9.683492e+03
6.4 9.563346e+03 9.578428e+03 9.659523e+03 9.644441e+03
7.4 9.592798e+03 9.548587e+03 9.662318e+03 9.706530e+03
8.4 9.582680e+03 9.540672e+03 9.673064e+03 9.715073e+03
9.4 9.627071e+03 9.577434e+03 9.681633e+03 9.731270e+03
10.4 9.618833e+03 9.609889e+03 9.675081e+03 9.684025e+03
11.4 9.595843e+03 9.595906e+03 9.663550e+03 9.663486e+03
12.4 9.580217e+03 9.576040e+03 9.666090e+03 9.670267e+03
13.4 9.577442e+03 9.604802e+03 9.675342e+03 9.647981e+03
14.4 9.563521e+03 9.588653e+03 9.682846e+03 9.657713e+03
15.4 9.527312e+03 9.587028e+03 9.687051e+03 9.627335e+03
16.4 9.537661e+03 9.579811e+03 9.688959e+03 9.646809e+03
17.4 9.544965e+03 9.521731e+03 9.689495e+03 9.712729e+03
18.4 9.549736e+03 9.532585e+03 9.689243e+03 9.706394e+03
19.4 9.588594e+03 9.556844e+03 9.688633e+03 9.720384e+03
20.4 9.591582e+03 9.585932e+03 9.687978e+03 9.693628e+03
0.7 9.550639e+03 9.573171e+03 9.668412e+03 9.645880e+03
1.7 9.571922e+03 9.557499e+03 9.669069e+03 9.683492e+03
2.7 9.563346e+03 9.578428e+03 9.659523e+03 9.644441e+03
3.7 9.592798e+03 9.548587e+03 9.662318e+03 9.706530e+03
4.7 9.582680e+03 9.540672e+03 9.673064e+03 9.715073e+03
5.7 9.627071e+03 9.577434e+03 9.681633e+03 9.731270e+03
6.7 9.618833e+03 9.609889e+03 9.675081e+03 9.684025e+03
7.7 9.595843e+03 9.595906e+03 9.663550e+03 9.663486e+03
8.7 9.580217e+03 9.576040e+03 9.666090e+03 9.670267e+03
9.7 9.577442e+03 9.604802e+03 9.675342e+03 9.647981e+03
10.7 9.563521e+03 9.588653e+03 9.682846e+03 9.657713e+03
11.7 9.527312e+03 9.587028e+03 9.687051e+03 9.627335e+03
12.7 9.537661e+03 9.579811e+03 9.688959e+03 9.646809e+03
13.7 9.544965e+03 9.521731e+03 9.689495e+03 9.712729e+03
14.7 9.549736e+03 9.532585e+03 9.689243e+03 9.706394e+03
15.7 9.588594e+03 9.556844e+03 9.688633e+03 9.720384e+03
16.7 9.591582e+03 9.585932e+03 9.687978e+03 9.693628e+03
17.7 9.590162e+03 9.595840e+03 9.687447e+03 9.681769e+03
18.7 9.578430e+03 9.583568e+03 9.687087e+03 9.681949e+03
19.7 9.569532e+03 9.574896e+03 9.686871e+03 9.681507e+03
20.7 9.596466e+03 9.555332e+03 9.686754e+03 9.727888e+03
0.9 9.627071e+03 9.577434e+03 9.681633e+03 9.731270e+03
1.9 9.618833e+03 9.609889e+03 9.675081e+03 9.684025e+03
2.9 9.595843e+03 9.595906e+03 9.663550e+03 9.663486e+03
3.9 9.580217e+03 9.576040e+03 9.666090e+03 9.670267e+03
4.9 9.577442e+03 9.604802e+03 9.675342e+03 9.647981e+03
5.9 9.563521e+03 9.588653e+03 9.682846e+03 9.657713e+03
6.9 9.527312e+03 9.587028e+03 9.687051e+03 9.627335e+03
7.9 9.537661e+03 9.579811e+03 9.688959e+03 9.646809e+03
8.9 9.544965e+03 9.521731e+03 9.689495e+03 9.712729e+03
9.9 9.549736e+03 9.532585e+03 9.689243e+03 9.706394e+03
10.9 9.588594e+03 9.556844e+03 9.688633e+03 9.720384e+03
11.9 9.591582e+03 9.585932e+03 9.687978e+03 9.693628e+03
12.9 9.590162e+03 9.595840e+03 9.687447e+03 9.681769e+03
13.9 9.578430e+03 9.583568e+03 9.687087e+03 9.681949e+03
14.9 9.569532e+03 9.574896e+03 9.686871e+03 9.681507e+03
15.9 9.596466e+03 9.555332e+03 9.686754e+03 9.727888e+03
16.9 9.604097e+03 9.574942e+03 9.686696e+03 9.715851e+03
17.9 9.606279e+03 9.612969e+03 9.686670e+03 9.679980e+03
18.9 9.592644e+03 9.569841e+03 9.686659e+03 9.709462e+03
19.9 9.646161e+03 9.630832e+03 9.686630e+03 9.701960e+03
20.9 9.655643e+03 9.579407e+03 9.680625e+03 9.756861e+03
0.5 9.646161e+03 9.630832e+03 9.686630e+03 9.701960e+03
1.5 9.655643e+03 9.579407e+03 9.680625e+03 9.756861e+03
2.5 9.612351e+03 9.602519e+03 9.664155e+03 9.673986e+03
3.5 9.599302e+03 9.568504e+03 9.660308e+03 9.691106e+03
4.5 9.600748e+03 9.610415e+03 9.667986e+03 9.658318e+03
5.5 9.589613e+03 9.576241e+03 9.665233e+03 9.678605e+03
6.5 9.549037e+03 9.574950e+03 9.656776e+03 9.630864e+03
7.5 9.531868e+03 9.499923e+03 9.661954e+03 9.693899e+03
8.5 9.538713e+03 9.531543e+03 9.673462e+03 9.680631e+03
0.9 9.600748e+03 9.610415e+03 9.667986e+03 9.658318e+03
1.9 9.589613e+03 9.576241e+03 9.665233e+03 9.678605e+03
2.9 9.549037e+03 9.574950e+03 9.656776e+03 9.630864e+03
3.9 9.531868e+03 9.499923e+03 9.661954e+03 9.693899e+03
4.9 9.538713e+03 9.531543e+03 9.673462e+03 9.680631e+03
