0.2 4.140408e+03 4.218102e+03 3.423781e+03 3.346087e+03
1.1 4.105662e+03 4.252780e+03 3.430492e+03 3.283374e+03
2.1 4.194807e+03 4.298645e+03 3.478892e+03 3.375053e+03
3.1 4.200511e+03 4.305943e+03 3.509651e+03 3.404218e+03
4.1 4.275059e+03 4.304870e+03 3.492284e+03 3.462474e+03
5.1 4.326102e+03 4.246396e+03 3.461172e+03 3.540878e+03
6.1 4.277128e+03 4.264547e+03 3.437911e+03 3.450492e+03
7.1 4.237304e+03 4.252086e+03 3.424597e+03 3.409815e+03
8.1 4.269448e+03 4.291348e+03 3.418180e+03 3.396281e+03
9.1 4.421676e+03 4.331108e+03 3.416152e+03 3.506720e+03
10.1 4.512834e+03 4.329614e+03 3.416709e+03 3.599929e+03
11.1 4.445021e+03 4.259326e+03 3.418404e+03 3.604100e+03
12.1 4.287312e+03 4.256886e+03 3.420231e+03 3.450657e+03
13.1 4.257719e+03 4.232034e+03 3.424861e+03 3.450546e+03
14.1 4.306945e+03 4.305117e+03 3.468139e+03 3.469966e+03
15.1 4.299121e+03 4.318720e+03 3.507806e+03 3.488207e+03
16.1 4.372706e+03 4.320407e+03 3.496990e+03 3.549288e+03
17.1 4.334500e+03 4.279157e+03 3.466097e+03 3.521440e+03
18.1 4.249450e+03 4.264511e+03 3.441077e+03 3.426016e+03
19.1 4.334199e+03 4.282649e+03 3.429035e+03 3.480585e+03
20.1 4.389783e+03 4.315691e+03 3.462750e+03 3.536842e+03
1.0 4.257719e+03 4.232034e+03 3.424861e+03 3.450546e+03
2.0 4.306945e+03 4.305117e+03 3.468139e+03 3.469966e+03
3.0 4.299121e+03 4.318720e+03 3.507806e+03 3.488207e+03
4.0 4.372706e+03 4.320407e+03 3.496990e+03 3.549288e+03
5.0 4.334500e+03 4.279157e+03 3.466097e+03 3.521440e+03
6.0 4.249450e+03 4.264511e+03 3.441077e+03 3.426016e+03
7.0 4.334199e+03 4.282649e+03 3.429035e+03 3.480585e+03
8.0 4.389783e+03 4.315691e+03 3.462750e+03 3.536842e+03
9.0 4.367751e+03 4.338514e+03 3.500478e+03 3.529715e+03
10.0 4.247700e+03 4.338251e+03 3.490751e+03 3.400200e+03
11.0 4.241839e+03 4.342497e+03 3.473439e+03 3.372781e+03
12.0 4.288225e+03 4.339493e+03 3.501822e+03 3.450554e+03
13.0 4.280206e+03 4.377152e+03 3.509873e+03 3.412927e+03
14.0 4.256595e+03 4.354592e+03 3.480982e+03 3.382985e+03
15.0 4.293136e+03 4.352648e+03 3.448297e+03 3.388785e+03
16.0 4.336084e+03 4.399112e+03 3.427384e+03 3.364356e+03
17.0 4.360256e+03 4.378738e+03 3.417207e+03 3.398726e+03
18.0 4.320570e+03 4.368533e+03 3.413627e+03 3.365663e+03
19.0 4.353072e+03 4.403206e+03 3.413739e+03 3.363605e+03
20.0 4.346715e+03 4.404092e+03 3.415659e+03 3.358282e+03
21.0 4.304134e+03 4.379633e+03 3.418079e+03 3.342580e+03
0.9 4.334199e+03 4.282649e+03 3.429035e+03 3.480585e+03
1.9 4.389783e+03 4.315691e+03 3.462750e+03 3.536842e+03
2.9 4.367751e+03 4.338514e+03 3.500478e+03 3.529715e+03
3.9 4.247700e+03 4.338251e+03 3.490751e+03 3.400200e+03
4.9 4.241839e+03 4.342497e+03 3.473439e+03 3.372781e+03
5.9 4.288225e+03 4.339493e+03 3.501822e+03 3.450554e+03
6.9 4.280206e+03 4.377152e+03 3.509873e+03 3.412927e+03
7.9 4.256595e+03 4.354592e+03 3.480982e+03 3.382985e+03
8.9 4.293136e+03 4.352648e+03 3.448297e+03 3.388785e+03
9.9 4.336084e+03 4.399112e+03 3.427384e+03 3.364356e+03
10.9 4.360256e+03 4.378738e+03 3.417207e+03 3.398726e+03
11.9 4.320570e+03 4.368533e+03 3.413627e+03 3.365663e+03
12.9 4.353072e+03 4.403206e+03 3.413739e+03 3.363605e+03
13.9 4.346715e+03 4.404092e+03 3.415659e+03 3.358282e+03
14.9 4.304134e+03 4.379633e+03 3.418079e+03 3.342580e+03
15.9 4.375903e+03 4.367433e+03 3.420210e+03 3.428680e+03
16.9 4.445619e+03 4.338861e+03 3.430906e+03 3.537664e+03
17.9 4.474238e+03 4.396218e+03 3.482389e+03 3.560409e+03
18.9 4.514371e+03 4.414420e+03 3.509175e+03 3.609126e+03
19.9 4.467141e+03 4.387229e+03 3.489428e+03 3.569340e+03
20.9 4.381405e+03 4.369763e+03 3.458656e+03 3.470298e+03
0.3 4.247700e+03 4.338251e+03 3.490751e+03 3.400200e+03
1.3 4.241839e+03 4.342497e+03 3.473439e+03 3.372781e+03
2.3 4.288225e+03 4.339493e+03 3.501822e+03 3.450554e+03
3.3 4.280206e+03 4.377152e+03 3.509873e+03 3.412927e+03
4.3 4.256595e+03 4.354592e+03 3.480982e+03 3.382985e+03
5.3 4.293136e+03 4.352648e+03 3.448297e+03 3.388785e+03
6.3 4.336084e+03 4.399112e+03 3.427384e+03 3.364356e+03
7.3 4.360256e+03 4.378738e+03 3.417207e+03 3.398726e+03
8.3 4.320570e+03 4.368533e+03 3.413627e+03 3.365663e+03
9.3 4.353072e+03 4.403206e+03 3.413739e+03 3.363605e+03
10.3 4.346715e+03 4.404092e+03 3.415659e+03 3.358282e+03
11.3 4.304134e+03 4.379633e+03 3.418079e+03 3.342580e+03
12.3 4.375903e+03 4.367433e+03 3.420210e+03 3.428680e+03
13.3 4.445619e+03 4.338861e+03 3.430906e+03 3.537664e+03
14.3 4.474238e+03 4.396218e+03 3.482389e+03 3.560409e+03
15.3 4.514371e+03 4.414420e+03 3.509175e+03 3.609126e+03
16.3 4.467141e+03 4.387229e+03 3.489428e+03 3.569340e+03
17.3 4.381405e+03 4.369763e+03 3.458656e+03 3.470298e+03
18.3 4.400512e+03 4.406298e+03 3.436378e+03 3.430592e+03
19.3 4.552013e+03 4.445048e+03 3.423804e+03 3.530769e+03
20.3 4.477623e+03 4.472437e+03 3.417857e+03 3.423043e+03
0.2 4.375903e+03 4.367433e+03 3.420210e+03 3.428680e+03
1.2 4.445619e+03 4.338861e+03 3.430906e+03 3.537664e+03
2.2 4.474238e+03 4.396218e+03 3.482389e+03 3.560409e+03
3.2 4.514371e+03 4.414420e+03 3.509175e+03 3.609126e+03
4.2 4.467141e+03 4.387229e+03 3.489428e+03 3.569340e+03
5.2 4.381405e+03 4.369763e+03 3.458656e+03 3.470298e+03
6.2 4.400512e+03 4.406298e+03 3.436378e+03 3.430592e+03
7.2 4.552013e+03 4.445048e+03 3.423804e+03 3.530769e+03
8.2 4.477623e+03 4.472437e+03 3.417857e+03 3.423043e+03
9.2 4.449713e+03 4.453030e+03 3.416121e+03 3.412805e+03
10.2 4.380491e+03 4.463611e+03 3.416827e+03 3.333706e+03
11.2 4.386056e+03 4.495690e+03 3.418566e+03 3.308932e+03
12.2 4.431160e+03 4.473987e+03 3.420374e+03 3.377547e+03
13.2 4.428167e+03 4.432195e+03 3.421787e+03 3.417759e+03
14.2 4.447979e+03 4.412944e+03 3.425472e+03 3.460507e+03
15.2 4.542359e+03 4.461648e+03 3.468428e+03 3.549139e+03
16.2 4.617375e+03 4.491384e+03 3.511652e+03 3.637644e+03
17.2 4.599368e+03 4.477574e+03 3.502013e+03 3.623807e+03
18.2 4.610161e+03 4.447709e+03 3.469662e+03 3.632114e+03
19.2 4.485050e+03 4.421057e+03 3.442885e+03 3.506877e+03
20.2 4.463132e+03 4.468991e+03 3.428938e+03 3.423079e+03
0.9 4.447979e+03 4.412944e+03 3.425472e+03 3.460507e+03
1.9 4.542359e+03 4.461648e+03 3.468428e+03 3.549139e+03
2.9 4.617375e+03 4.491384e+03 3.511652e+03 3.637644e+03
3.9 4.599368e+03 4.477574e+03 3.502013e+03 3.623807e+03
4.9 4.610161e+03 4.447709e+03 3.469662e+03 3.632114e+03
5.9 4.485050e+03 4.421057e+03 3.442885e+03 3.506877e+03
6.9 4.463132e+03 4.468991e+03 3.428938e+03 3.423079e+03
7.9 4.392687e+03 4.492186e+03 3.459449e+03 3.359950e+03
8.9 4.457827e+03 4.527282e+03 3.499253e+03 3.429798e+03
9.9 4.465534e+03 4.505027e+03 3.491848e+03 3.452355e+03
10.9 4.446436e+03 4.487246e+03 3.462754e+03 3.421943e+03
11.9 4.324935e+03 4.451556e+03 3.438731e+03 3.312110e+03
12.9 4.456826e+03 4.459783e+03 3.424751e+03 3.421795e+03
13.9 4.591090e+03 4.499937e+03 3.417966e+03 3.509119e+03
14.9 4.575564e+03 4.563745e+03 3.415674e+03 3.427494e+03
15.9 4.647159e+03 4.538426e+03 3.416082e+03 3.524815e+03
16.9 4.584623e+03 4.510880e+03 3.417781e+03 3.491524e+03
17.9 4.453722e+03 4.479748e+03 3.419725e+03 3.393699e+03
18.9 4.254699e+03 4.453608e+03 3.421334e+03 3.222425e+03
19.9 4.359547e+03 4.504434e+03 3.422439e+03 3.277552e+03
20.9 4.406321e+03 4.553841e+03 3.423105e+03 3.275585e+03
0.9 4.463132e+03 4.468991e+03 3.428938e+03 3.423079e+03
1.9 4.392687e+03 4.492186e+03 3.459449e+03 3.359950e+03
2.9 4.457827e+03 4.527282e+03 3.499253e+03 3.429798e+03
3.9 4.465534e+03 4.505027e+03 3.491848e+03 3.452355e+03
4.9 4.446436e+03 4.487246e+03 3.462754e+03 3.421943e+03
5.9 4.324935e+03 4.451556e+03 3.438731e+03 3.312110e+03
6.9 4.456826e+03 4.459783e+03 3.424751e+03 3.421795e+03
7.9 4.591090e+03 4.499937e+03 3.417966e+03 3.509119e+03
8.9 4.575564e+03 4.563745e+03 3.415674e+03 3.427494e+03
9.9 4.647159e+03 4.538426e+03 3.416082e+03 3.524815e+03
10.9 4.584623e+03 4.510880e+03 3.417781e+03 3.491524e+03
11.9 4.453722e+03 4.479748e+03 3.419725e+03 3.393699e+03
12.9 4.254699e+03 4.453608e+03 3.421334e+03 3.222425e+03
13.9 4.359547e+03 4.504434e+03 3.422439e+03 3.277552e+03
14.9 4.406321e+03 4.553841e+03 3.423105e+03 3.275585e+03
15.9 4.411939e+03 4.532875e+03 3.423463e+03 3.302527e+03
16.9 4.363807e+03 4.506085e+03 3.423640e+03 3.281362e+03
17.9 4.338424e+03 4.477908e+03 3.423722e+03 3.284238e+03
18.9 4.459244e+03 4.548746e+03 3.423758e+03 3.334255e+03
19.9 4.463978e+03 4.578061e+03 3.423772e+03 3.309690e+03
20.9 4.496325e+03 4.530213e+03 3.423780e+03 3.389892e+03
0.7 4.578624e+03 4.561575e+03 3.424446e+03 3.441495e+03
1.7 4.496645e+03 4.535637e+03 3.454650e+03 3.415658e+03
2.7 4.484111e+03 4.561860e+03 3.503229e+03 3.425481e+03
3.7 4.389742e+03 4.410103e+03 3.503623e+03 3.483262e+03
4.7 4.381800e+03 4.411081e+03 3.479520e+03 3.450238e+03
5.7 4.584087e+03 4.485251e+03 3.498498e+03 3.597333e+03
6.7 4.567620e+03 4.434598e+03 3.514898e+03 3.647920e+03
7.7 4.493504e+03 4.394648e+03 3.490475e+03 3.589331e+03
8.7 4.530759e+03 4.332324e+03 3.455650e+03 3.654086e+03
9.7 4.540727e+03 4.309944e+03 3.431421e+03 3.662204e+03
10.7 4.420692e+03 4.268525e+03 3.418976e+03 3.571142e+03
11.7 4.363232e+03 4.278373e+03 3.415818e+03 3.500677e+03
12.7 4.245556e+03 4.177785e+03 3.452443e+03 3.520214e+03
13.7 3.502691e+03 3.572496e+03 3.497934e+03 3.428129e+03
14.7 4.124768e+03 4.147596e+03 3.494027e+03 3.471200e+03
15.7 4.336194e+03 4.159771e+03 3.465690e+03 3.642114e+03
16.7 4.391080e+03 4.093233e+03 3.441112e+03 3.738959e+03
17.7 4.429600e+03 4.092605e+03 3.426321e+03 3.763316e+03
18.7 4.201610e+03 3.882220e+03 3.418863e+03 3.738253e+03
19.7 4.157045e+03 4.010653e+03 3.416138e+03 3.562529e+03
20.7 3.989171e+03 4.010201e+03 3.431674e+03 3.410645e+03
0.1 4.389742e+03 4.410103e+03 3.503623e+03 3.483262e+03
1.1 4.381800e+03 4.411081e+03 3.479520e+03 3.450238e+03
2.1 4.584087e+03 4.485251e+03 3.498498e+03 3.597333e+03
3.1 4.567620e+03 4.434598e+03 3.514898e+03 3.647920e+03
4.1 4.493504e+03 4.394648e+03 3.490475e+03 3.589331e+03
5.1 4.530759e+03 4.332324e+03 3.455650e+03 3.654086e+03
6.1 4.540727e+03 4.309944e+03 3.431421e+03 3.662204e+03
7.1 4.420692e+03 4.268525e+03 3.418976e+03 3.571142e+03
8.1 4.363232e+03 4.278373e+03 3.415818e+03 3.500677e+03
9.1 4.245556e+03 4.177785e+03 3.452443e+03 3.520214e+03
10.1 3.502691e+03 3.572496e+03 3.497934e+03 3.428129e+03
11.1 4.124768e+03 4.147596e+03 3.494027e+03 3.471200e+03
12.1 4.336194e+03 4.159771e+03 3.465690e+03 3.642114e+03
13.1 4.391080e+03 4.093233e+03 3.441112e+03 3.738959e+03
14.1 4.429600e+03 4.092605e+03 3.426321e+03 3.763316e+03
15.1 4.201610e+03 3.882220e+03 3.418863e+03 3.738253e+03
16.1 4.157045e+03 4.010653e+03 3.416138e+03 3.562529e+03
17.1 3.989171e+03 4.010201e+03 3.431674e+03 3.410645e+03
18.1 4.148005e+03 4.033604e+03 3.485803e+03 3.600204e+03
19.1 4.190561e+03 4.162620e+03 3.504607e+03 3.532547e+03
20.1 4.109880e+03 4.125556e+03 3.481783e+03 3.466107e+03
0.9 4.363232e+03 4.278373e+03 3.415818e+03 3.500677e+03
1.9 4.245556e+03 4.177785e+03 3.452443e+03 3.520214e+03
2.9 3.502691e+03 3.572496e+03 3.497934e+03 3.428129e+03
3.9 4.124768e+03 4.147596e+03 3.494027e+03 3.471200e+03
4.9 4.336194e+03 4.159771e+03 3.465690e+03 3.642114e+03
5.9 4.391080e+03 4.093233e+03 3.441112e+03 3.738959e+03
6.9 4.429600e+03 4.092605e+03 3.426321e+03 3.763316e+03
7.9 4.201610e+03 3.882220e+03 3.418863e+03 3.738253e+03
8.9 4.157045e+03 4.010653e+03 3.416138e+03 3.562529e+03
9.9 3.989171e+03 4.010201e+03 3.431674e+03 3.410645e+03
10.9 4.148005e+03 4.033604e+03 3.485803e+03 3.600204e+03
11.9 4.190561e+03 4.162620e+03 3.504607e+03 3.532547e+03
12.9 4.109880e+03 4.125556e+03 3.481783e+03 3.466107e+03
13.9 4.051405e+03 4.126269e+03 3.452791e+03 3.377927e+03
14.9 3.933387e+03 4.116653e+03 3.432975e+03 3.249709e+03
15.9 3.780039e+03 4.077074e+03 3.436542e+03 3.139507e+03
16.9 3.728739e+03 4.087196e+03 3.486429e+03 3.127972e+03
17.9 3.589561e+03 3.966403e+03 3.505524e+03 3.128683e+03
18.9 3.298702e+03 3.458919e+03 3.481985e+03 3.321768e+03
19.9 3.293556e+03 3.457121e+03 3.451962e+03 3.288396e+03
20.9 3.476456e+03 3.549571e+03 3.431722e+03 3.358607e+03
0.4 4.157045e+03 4.010653e+03 3.416138e+03 3.562529e+03
1.4 3.989171e+03 4.010201e+03 3.431674e+03 3.410645e+03
2.4 4.148005e+03 4.033604e+03 3.485803e+03 3.600204e+03
3.4 4.190561e+03 4.162620e+03 3.504607e+03 3.532547e+03
4.4 4.109880e+03 4.125556e+03 3.481783e+03 3.466107e+03
5.4 4.051405e+03 4.126269e+03 3.452791e+03 3.377927e+03
6.4 3.933387e+03 4.116653e+03 3.432975e+03 3.249709e+03
7.4 3.780039e+03 4.077074e+03 3.436542e+03 3.139507e+03
8.4 3.728739e+03 4.087196e+03 3.486429e+03 3.127972e+03
9.4 3.589561e+03 3.966403e+03 3.505524e+03 3.128683e+03
10.4 3.298702e+03 3.458919e+03 3.481985e+03 3.321768e+03
11.4 3.293556e+03 3.457121e+03 3.451962e+03 3.288396e+03
12.4 3.476456e+03 3.549571e+03 3.431722e+03 3.358607e+03
13.4 3.796371e+03 3.619092e+03 3.420898e+03 3.598177e+03
14.4 3.662191e+03 3.549419e+03 3.416185e+03 3.528957e+03
15.4 3.529638e+03 3.412018e+03 3.415265e+03 3.532885e+03
16.4 3.465770e+03 3.462670e+03 3.416470e+03 3.419570e+03
17.4 3.197070e+03 3.207477e+03 3.418470e+03 3.408063e+03
18.4 2.972227e+03 3.213651e+03 3.420385e+03 3.178960e+03
19.4 3.062131e+03 3.130931e+03 3.421825e+03 3.353025e+03
20.4 3.246397e+03 3.436195e+03 3.428118e+03 3.238319e+03
0.4 3.933387e+03 4.116653e+03 3.432975e+03 3.249709e+03
1.4 3.780039e+03 4.077074e+03 3.436542e+03 3.139507e+03
2.4 3.728739e+03 4.087196e+03 3.486429e+03 3.127972e+03
3.4 3.589561e+03 3.966403e+03 3.505524e+03 3.128683e+03
4.4 3.298702e+03 3.458919e+03 3.481985e+03 3.321768e+03
5.4 3.293556e+03 3.457121e+03 3.451962e+03 3.288396e+03
6.4 3.476456e+03 3.549571e+03 3.431722e+03 3.358607e+03
7.4 3.796371e+03 3.619092e+03 3.420898e+03 3.598177e+03
8.4 3.662191e+03 3.549419e+03 3.416185e+03 3.528957e+03
9.4 3.529638e+03 3.412018e+03 3.415265e+03 3.532885e+03
10.4 3.465770e+03 3.462670e+03 3.416470e+03 3.419570e+03
11.4 3.197070e+03 3.207477e+03 3.418470e+03 3.408063e+03
12.4 2.972227e+03 3.213651e+03 3.420385e+03 3.178960e+03
13.4 3.062131e+03 3.130931e+03 3.421825e+03 3.353025e+03
14.4 3.246397e+03 3.436195e+03 3.428118e+03 3.238319e+03
15.4 2.948801e+03 2.968544e+03 3.476972e+03 3.457229e+03
16.4 3.293193e+03 3.335949e+03 3.513280e+03 3.470524e+03
17.4 3.162140e+03 3.443438e+03 3.497817e+03 3.216520e+03
18.4 3.172225e+03 3.191058e+03 3.465185e+03 3.446353e+03
19.4 3.163580e+03 3.286763e+03 3.439984e+03 3.316800e+03
20.4 3.041286e+03 3.152168e+03 3.429524e+03 3.318642e+03
0.1 3.062131e+03 3.130931e+03 3.421825e+03 3.353025e+03
1.1 3.246397e+03 3.436195e+03 3.428118e+03 3.238319e+03
2.1 2.948801e+03 2.968544e+03 3.476972e+03 3.457229e+03
3.1 3.293193e+03 3.335949e+03 3.513280e+03 3.470524e+03
4.1 3.162140e+03 3.443438e+03 3.497817e+03 3.216520e+03
5.1 3.172225e+03 3.191058e+03 3.465185e+03 3.446353e+03
6.1 3.163580e+03 3.286763e+03 3.439984e+03 3.316800e+03
7.1 3.041286e+03 3.152168e+03 3.429524e+03 3.318642e+03
8.1 3.101790e+03 3.244547e+03 3.466955e+03 3.324198e+03
9.1 3.125066e+03 3.319019e+03 3.501014e+03 3.307061e+03
10.1 3.237751e+03 3.260366e+03 3.488122e+03 3.465507e+03
11.1 2.671296e+03 2.861422e+03 3.458715e+03 3.268589e+03
12.1 3.158196e+03 3.148538e+03 3.443637e+03 3.453295e+03
13.1 3.548543e+03 3.360465e+03 3.480072e+03 3.668150e+03
14.1 3.445142e+03 3.299471e+03 3.503337e+03 3.649008e+03
15.1 3.636891e+03 3.378549e+03 3.483385e+03 3.741728e+03
16.1 3.576157e+03 3.393312e+03 3.474764e+03 3.657609e+03
17.1 3.298217e+03 3.191917e+03 3.505549e+03 3.611848e+03
18.1 3.318224e+03 3.175825e+03 3.503584e+03 3.645983e+03
19.1 3.277855e+03 3.149935e+03 3.471698e+03 3.599618e+03
20.1 2.787525e+03 2.629310e+03 3.441688e+03 3.599904e+03
1.0 3.041286e+03 3.152168e+03 3.429524e+03 3.318642e+03
2.0 3.101790e+03 3.244547e+03 3.466955e+03 3.324198e+03
3.0 3.125066e+03 3.319019e+03 3.501014e+03 3.307061e+03
4.0 3.237751e+03 3.260366e+03 3.488122e+03 3.465507e+03
5.0 2.671296e+03 2.861422e+03 3.458715e+03 3.268589e+03
6.0 3.158196e+03 3.148538e+03 3.443637e+03 3.453295e+03
7.0 3.548543e+03 3.360465e+03 3.480072e+03 3.668150e+03
8.0 3.445142e+03 3.299471e+03 3.503337e+03 3.649008e+03
9.0 3.636891e+03 3.378549e+03 3.483385e+03 3.741728e+03
10.0 3.576157e+03 3.393312e+03 3.474764e+03 3.657609e+03
11.0 3.298217e+03 3.191917e+03 3.505549e+03 3.611848e+03
12.0 3.318224e+03 3.175825e+03 3.503584e+03 3.645983e+03
13.0 3.277855e+03 3.149935e+03 3.471698e+03 3.599618e+03
14.0 2.787525e+03 2.629310e+03 3.441688e+03 3.599904e+03
15.0 3.118065e+03 2.932814e+03 3.424015e+03 3.609266e+03
16.0 3.063418e+03 2.943956e+03 3.436291e+03 3.555753e+03
17.0 3.215707e+03 3.064350e+03 3.486096e+03 3.637453e+03
18.0 3.172088e+03 3.148661e+03 3.497524e+03 3.520951e+03
19.0 3.005447e+03 2.957065e+03 3.472994e+03 3.521376e+03
20.0 3.108450e+03 3.091375e+03 3.446075e+03 3.463151e+03
21.0 3.031613e+03 3.111879e+03 3.428791e+03 3.348525e+03
0.2 2.671296e+03 2.861422e+03 3.458715e+03 3.268589e+03
1.2 3.158196e+03 3.148538e+03 3.443637e+03 3.453295e+03
2.2 3.548543e+03 3.360465e+03 3.480072e+03 3.668150e+03
3.2 3.445142e+03 3.299471e+03 3.503337e+03 3.649008e+03
4.2 3.636891e+03 3.378549e+03 3.483385e+03 3.741728e+03
5.2 3.576157e+03 3.393312e+03 3.474764e+03 3.657609e+03
6.2 3.298217e+03 3.191917e+03 3.505549e+03 3.611848e+03
7.2 3.318224e+03 3.175825e+03 3.503584e+03 3.645983e+03
8.2 3.277855e+03 3.149935e+03 3.471698e+03 3.599618e+03
9.2 2.787525e+03 2.629310e+03 3.441688e+03 3.599904e+03
10.2 3.118065e+03 2.932814e+03 3.424015e+03 3.609266e+03
11.2 3.063418e+03 2.943956e+03 3.436291e+03 3.555753e+03
12.2 3.215707e+03 3.064350e+03 3.486096e+03 3.637453e+03
13.2 3.172088e+03 3.148661e+03 3.497524e+03 3.520951e+03
14.2 3.005447e+03 2.957065e+03 3.472994e+03 3.521376e+03
15.2 3.108450e+03 3.091375e+03 3.446075e+03 3.463151e+03
16.2 3.031613e+03 3.111879e+03 3.428791e+03 3.348525e+03
17.2 2.974408e+03 3.103090e+03 3.419803e+03 3.291121e+03
18.2 2.998672e+03 3.056550e+03 3.426189e+03 3.368311e+03
19.2 3.088482e+03 3.039442e+03 3.476845e+03 3.525885e+03
20.2 3.025288e+03 2.868669e+03 3.502914e+03 3.659533e+03
0.5 3.636891e+03 3.378549e+03 3.483385e+03 3.741728e+03
1.5 3.576157e+03 3.393312e+03 3.474764e+03 3.657609e+03
2.5 3.298217e+03 3.191917e+03 3.505549e+03 3.611848e+03
3.5 3.318224e+03 3.175825e+03 3.503584e+03 3.645983e+03
4.5 3.277855e+03 3.149935e+03 3.471698e+03 3.599618e+03
5.5 2.787525e+03 2.629310e+03 3.441688e+03 3.599904e+03
6.5 3.118065e+03 2.932814e+03 3.424015e+03 3.609266e+03
7.5 3.063418e+03 2.943956e+03 3.436291e+03 3.555753e+03
8.5 3.215707e+03 3.064350e+03 3.486096e+03 3.637453e+03
9.5 3.172088e+03 3.148661e+03 3.497524e+03 3.520951e+03
10.5 3.005447e+03 2.957065e+03 3.472994e+03 3.521376e+03
11.5 3.108450e+03 3.091375e+03 3.446075e+03 3.463151e+03
12.5 3.031613e+03 3.111879e+03 3.428791e+03 3.348525e+03
13.5 2.974408e+03 3.103090e+03 3.419803e+03 3.291121e+03
14.5 2.998672e+03 3.056550e+03 3.426189e+03 3.368311e+03
15.5 3.088482e+03 3.039442e+03 3.476845e+03 3.525885e+03
16.5 3.025288e+03 2.868669e+03 3.502914e+03 3.659533e+03
17.5 2.905051e+03 2.940214e+03 3.484017e+03 3.448854e+03
18.5 2.985698e+03 2.979391e+03 3.454980e+03 3.461287e+03
19.5 3.125755e+03 3.061417e+03 3.434242e+03 3.498580e+03
20.5 3.058889e+03 2.885618e+03 3.422689e+03 3.595961e+03
0.5 3.118065e+03 2.932814e+03 3.424015e+03 3.609266e+03
1.5 3.063418e+03 2.943956e+03 3.436291e+03 3.555753e+03
2.5 3.215707e+03 3.064350e+03 3.486096e+03 3.637453e+03
3.5 3.172088e+03 3.148661e+03 3.497524e+03 3.520951e+03
4.5 3.005447e+03 2.957065e+03 3.472994e+03 3.521376e+03
5.5 3.108450e+03 3.091375e+03 3.446075e+03 3.463151e+03
6.5 3.031613e+03 3.111879e+03 3.428791e+03 3.348525e+03
7.5 2.974408e+03 3.103090e+03 3.419803e+03 3.291121e+03
8.5 2.998672e+03 3.056550e+03 3.426189e+03 3.368311e+03
9.5 3.088482e+03 3.039442e+03 3.476845e+03 3.525885e+03
10.5 3.025288e+03 2.868669e+03 3.502914e+03 3.659533e+03
11.5 2.905051e+03 2.940214e+03 3.484017e+03 3.448854e+03
12.5 2.985698e+03 2.979391e+03 3.454980e+03 3.461287e+03
13.5 3.125755e+03 3.061417e+03 3.434242e+03 3.498580e+03
14.5 3.058889e+03 2.885618e+03 3.422689e+03 3.595961e+03
15.5 2.741308e+03 2.894743e+03 3.417340e+03 3.263904e+03
16.5 2.911225e+03 2.952920e+03 3.415923e+03 3.374228e+03
17.5 2.939855e+03 2.917684e+03 3.416786e+03 3.438956e+03
18.5 2.952380e+03 2.996902e+03 3.418587e+03 3.374065e+03
19.5 2.858367e+03 2.933482e+03 3.420408e+03 3.345292e+03
20.5 2.793361e+03 2.886370e+03 3.421815e+03 3.328805e+03
0.3 2.974408e+03 3.103090e+03 3.419803e+03 3.291121e+03
1.3 2.998672e+03 3.056550e+03 3.426189e+03 3.368311e+03
2.3 3.088482e+03 3.039442e+03 3.476845e+03 3.525885e+03
3.3 3.025288e+03 2.868669e+03 3.502914e+03 3.659533e+03
4.3 2.905051e+03 2.940214e+03 3.484017e+03 3.448854e+03
5.3 2.985698e+03 2.979391e+03 3.454980e+03 3.461287e+03
6.3 3.125755e+03 3.061417e+03 3.434242e+03 3.498580e+03
7.3 3.058889e+03 2.885618e+03 3.422689e+03 3.595961e+03
8.3 2.741308e+03 2.894743e+03 3.417340e+03 3.263904e+03
9.3 2.911225e+03 2.952920e+03 3.415923e+03 3.374228e+03
10.3 2.939855e+03 2.917684e+03 3.416786e+03 3.438956e+03
11.3 2.952380e+03 2.996902e+03 3.418587e+03 3.374065e+03
12.3 2.858367e+03 2.933482e+03 3.420408e+03 3.345292e+03
13.3 2.793361e+03 2.886370e+03 3.421815e+03 3.328805e+03
14.3 2.840273e+03 2.895300e+03 3.422737e+03 3.367710e+03
15.3 2.892327e+03 2.893204e+03 3.423267e+03 3.422390e+03
16.3 2.860700e+03 2.867243e+03 3.423544e+03 3.417002e+03
17.3 2.865986e+03 2.901010e+03 3.423679e+03 3.388655e+03
18.3 3.015981e+03 3.006870e+03 3.423739e+03 3.432851e+03
19.3 3.085794e+03 3.074988e+03 3.423765e+03 3.434571e+03
20.3 3.114632e+03 3.096646e+03 3.423775e+03 3.441761e+03
0.6 3.126367e+03 2.997730e+03 3.423976e+03 3.552613e+03
1.6 3.041013e+03 2.954659e+03 3.447110e+03 3.533464e+03
2.6 2.996173e+03 2.847454e+03 3.498690e+03 3.647409e+03
3.6 2.848177e+03 2.892916e+03 3.506367e+03 3.461628e+03
4.6 2.896452e+03 2.878130e+03 3.478748e+03 3.497070e+03
5.6 2.865738e+03 2.725375e+03 3.449861e+03 3.590224e+03
6.6 2.831660e+03 2.833013e+03 3.431155e+03 3.429802e+03
7.6 2.721325e+03 2.825972e+03 3.421172e+03 3.316526e+03
8.6 2.702996e+03 2.758307e+03 3.416889e+03 3.361578e+03
9.6 2.733997e+03 2.818640e+03 3.421504e+03 3.336861e+03
10.6 2.963103e+03 3.078284e+03 3.469327e+03 3.354145e+03
11.6 2.940243e+03 3.044598e+03 3.504835e+03 3.400481e+03
12.6 2.860819e+03 3.005083e+03 3.491118e+03 3.346854e+03
13.6 2.858672e+03 2.924282e+03 3.461198e+03 3.395588e+03
14.6 2.862056e+03 2.887541e+03 3.438105e+03 3.412620e+03
15.6 2.814203e+03 2.877830e+03 3.424737e+03 3.361109e+03
16.6 2.879025e+03 2.851265e+03 3.418226e+03 3.445986e+03
17.6 2.879195e+03 2.903000e+03 3.416105e+03 3.392300e+03
18.6 2.842014e+03 2.828157e+03 3.416602e+03 3.430459e+03
19.6 2.864587e+03 2.839808e+03 3.418285e+03 3.443064e+03
20.6 2.862248e+03 2.842502e+03 3.420129e+03 3.439876e+03
0.1 2.702996e+03 2.758307e+03 3.416889e+03 3.361578e+03
1.1 2.733997e+03 2.818640e+03 3.421504e+03 3.336861e+03
2.1 2.963103e+03 3.078284e+03 3.469327e+03 3.354145e+03
3.1 2.940243e+03 3.044598e+03 3.504835e+03 3.400481e+03
4.1 2.860819e+03 3.005083e+03 3.491118e+03 3.346854e+03
5.1 2.858672e+03 2.924282e+03 3.461198e+03 3.395588e+03
6.1 2.862056e+03 2.887541e+03 3.438105e+03 3.412620e+03
7.1 2.814203e+03 2.877830e+03 3.424737e+03 3.361109e+03
8.1 2.879025e+03 2.851265e+03 3.418226e+03 3.445986e+03
9.1 2.879195e+03 2.903000e+03 3.416105e+03 3.392300e+03
10.1 2.842014e+03 2.828157e+03 3.416602e+03 3.430459e+03
11.1 2.864587e+03 2.839808e+03 3.418285e+03 3.443064e+03
12.1 2.862248e+03 2.842502e+03 3.420129e+03 3.439876e+03
13.1 2.868100e+03 2.840749e+03 3.421615e+03 3.448967e+03
14.1 2.903618e+03 2.891832e+03 3.422611e+03 3.434397e+03
15.1 2.939549e+03 2.916307e+03 3.423197e+03 3.446439e+03
16.1 2.901352e+03 2.915794e+03 3.423510e+03 3.409067e+03
17.1 2.766178e+03 2.794913e+03 3.423662e+03 3.394927e+03
18.1 2.716536e+03 2.702963e+03 3.423732e+03 3.437305e+03
19.1 2.663297e+03 2.654346e+03 3.423762e+03 3.432712e+03
20.1 2.640900e+03 2.640856e+03 3.423774e+03 3.423817e+03
0.3 2.645052e+03 2.621765e+03 3.423784e+03 3.447071e+03
1.3 2.714652e+03 2.670928e+03 3.434825e+03 3.478549e+03
2.3 2.628457e+03 2.627682e+03 3.486354e+03 3.487129e+03
3.3 2.716404e+03 2.723703e+03 3.509508e+03 3.502209e+03
4.3 2.735659e+03 2.725525e+03 3.487879e+03 3.498013e+03
5.3 2.688962e+03 2.683898e+03 3.457186e+03 3.462250e+03
6.3 2.675492e+03 2.679014e+03 3.435463e+03 3.431941e+03
7.3 2.694157e+03 2.707900e+03 3.423328e+03 3.409585e+03
8.3 2.685204e+03 2.678245e+03 3.417669e+03 3.424628e+03
9.3 2.685260e+03 2.644102e+03 3.416111e+03 3.457268e+03
10.3 2.673933e+03 2.611772e+03 3.417242e+03 3.479403e+03
11.3 2.666238e+03 2.615861e+03 3.444936e+03 3.495312e+03
12.3 2.675820e+03 2.658195e+03 3.497333e+03 3.514958e+03
13.3 2.666646e+03 2.675130e+03 3.503422e+03 3.494938e+03
14.3 2.793778e+03 2.791066e+03 3.475890e+03 3.478602e+03
15.3 2.827837e+03 2.814856e+03 3.448998e+03 3.461979e+03
16.3 2.892110e+03 2.817374e+03 3.464199e+03 3.538935e+03
17.3 2.875949e+03 2.824857e+03 3.501626e+03 3.552718e+03
18.3 2.865943e+03 2.821923e+03 3.495294e+03 3.539314e+03
19.3 2.908318e+03 2.923502e+03 3.464777e+03 3.449593e+03
20.3 2.876819e+03 2.827320e+03 3.438948e+03 3.488447e+03
0.6 2.673933e+03 2.611772e+03 3.417242e+03 3.479403e+03
1.6 2.666238e+03 2.615861e+03 3.444936e+03 3.495312e+03
2.6 2.675820e+03 2.658195e+03 3.497333e+03 3.514958e+03
3.6 2.666646e+03 2.675130e+03 3.503422e+03 3.494938e+03
4.6 2.793778e+03 2.791066e+03 3.475890e+03 3.478602e+03
5.6 2.827837e+03 2.814856e+03 3.448998e+03 3.461979e+03
6.6 2.892110e+03 2.817374e+03 3.464199e+03 3.538935e+03
7.6 2.875949e+03 2.824857e+03 3.501626e+03 3.552718e+03
8.6 2.865943e+03 2.821923e+03 3.495294e+03 3.539314e+03
9.6 2.908318e+03 2.923502e+03 3.464777e+03 3.449593e+03
10.6 2.876819e+03 2.827320e+03 3.438948e+03 3.488447e+03
11.6 2.873736e+03 2.768229e+03 3.424923e+03 3.530431e+03
12.6 2.999256e+03 2.813325e+03 3.449605e+03 3.635536e+03
13.6 2.878980e+03 2.778558e+03 3.495161e+03 3.595583e+03
14.6 2.778379e+03 2.717251e+03 3.494705e+03 3.555833e+03
15.6 2.881020e+03 2.791483e+03 3.472862e+03 3.562400e+03
16.6 2.837576e+03 2.858291e+03 3.496883e+03 3.476168e+03
17.6 2.661239e+03 2.763700e+03 3.516170e+03 3.413709e+03
18.6 2.639411e+03 2.736629e+03 3.491892e+03 3.394674e+03
19.6 2.765759e+03 2.832681e+03 3.456388e+03 3.389465e+03
20.6 2.743962e+03 2.788599e+03 3.431589e+03 3.386952e+03
0.8 2.827837e+03 2.814856e+03 3.448998e+03 3.461979e+03
1.8 2.892110e+03 2.817374e+03 3.464199e+03 3.538935e+03
2.8 2.875949e+03 2.824857e+03 3.501626e+03 3.552718e+03
3.8 2.865943e+03 2.821923e+03 3.495294e+03 3.539314e+03
4.8 2.908318e+03 2.923502e+03 3.464777e+03 3.449593e+03
5.8 2.876819e+03 2.827320e+03 3.438948e+03 3.488447e+03
6.8 2.873736e+03 2.768229e+03 3.424923e+03 3.530431e+03
7.8 2.999256e+03 2.813325e+03 3.449605e+03 3.635536e+03
8.8 2.878980e+03 2.778558e+03 3.495161e+03 3.595583e+03
9.8 2.778379e+03 2.717251e+03 3.494705e+03 3.555833e+03
10.8 2.881020e+03 2.791483e+03 3.472862e+03 3.562400e+03
11.8 2.837576e+03 2.858291e+03 3.496883e+03 3.476168e+03
12.8 2.661239e+03 2.763700e+03 3.516170e+03 3.413709e+03
13.8 2.639411e+03 2.736629e+03 3.491892e+03 3.394674e+03
14.8 2.765759e+03 2.832681e+03 3.456388e+03 3.389465e+03
15.8 2.743962e+03 2.788599e+03 3.431589e+03 3.386952e+03
16.8 2.669946e+03 2.794296e+03 3.418804e+03 3.294454e+03
17.8 2.620744e+03 2.704146e+03 3.413766e+03 3.330365e+03
18.8 2.751906e+03 2.818329e+03 3.413152e+03 3.346730e+03
19.8 2.770757e+03 2.849848e+03 3.414864e+03 3.335773e+03
20.8 2.702199e+03 2.809391e+03 3.433934e+03 3.326741e+03
0.7 2.873736e+03 2.768229e+03 3.424923e+03 3.530431e+03
1.7 2.999256e+03 2.813325e+03 3.449605e+03 3.635536e+03
2.7 2.878980e+03 2.778558e+03 3.495161e+03 3.595583e+03
3.7 2.778379e+03 2.717251e+03 3.494705e+03 3.555833e+03
4.7 2.881020e+03 2.791483e+03 3.472862e+03 3.562400e+03
5.7 2.837576e+03 2.858291e+03 3.496883e+03 3.476168e+03
6.7 2.661239e+03 2.763700e+03 3.516170e+03 3.413709e+03
7.7 2.639411e+03 2.736629e+03 3.491892e+03 3.394674e+03
8.7 2.765759e+03 2.832681e+03 3.456388e+03 3.389465e+03
9.7 2.743962e+03 2.788599e+03 3.431589e+03 3.386952e+03
10.7 2.669946e+03 2.794296e+03 3.418804e+03 3.294454e+03
11.7 2.620744e+03 2.704146e+03 3.413766e+03 3.330365e+03
12.7 2.751906e+03 2.818329e+03 3.413152e+03 3.346730e+03
13.7 2.770757e+03 2.849848e+03 3.414864e+03 3.335773e+03
14.7 2.702199e+03 2.809391e+03 3.433934e+03 3.326741e+03
15.7 2.740814e+03 2.761754e+03 3.488860e+03 3.467919e+03
16.7 2.929661e+03 2.791962e+03 3.505957e+03 3.643656e+03
17.7 2.954507e+03 2.800610e+03 3.482052e+03 3.635949e+03
18.7 2.811189e+03 2.729138e+03 3.453034e+03 3.535086e+03
19.7 2.864530e+03 2.750725e+03 3.457701e+03 3.571506e+03
20.7 2.981430e+03 2.813964e+03 3.497972e+03 3.665438e+03
0.1 2.778379e+03 2.717251e+03 3.494705e+03 3.555833e+03
1.1 2.881020e+03 2.791483e+03 3.472862e+03 3.562400e+03
2.1 2.837576e+03 2.858291e+03 3.496883e+03 3.476168e+03
3.1 2.661239e+03 2.763700e+03 3.516170e+03 3.413709e+03
4.1 2.639411e+03 2.736629e+03 3.491892e+03 3.394674e+03
5.1 2.765759e+03 2.832681e+03 3.456388e+03 3.389465e+03
6.1 2.743962e+03 2.788599e+03 3.431589e+03 3.386952e+03
7.1 2.669946e+03 2.794296e+03 3.418804e+03 3.294454e+03
8.1 2.620744e+03 2.704146e+03 3.413766e+03 3.330365e+03
9.1 2.751906e+03 2.818329e+03 3.413152e+03 3.346730e+03
10.1 2.770757e+03 2.849848e+03 3.414864e+03 3.335773e+03
11.1 2.702199e+03 2.809391e+03 3.433934e+03 3.326741e+03
12.1 2.740814e+03 2.761754e+03 3.488860e+03 3.467919e+03
13.1 2.929661e+03 2.791962e+03 3.505957e+03 3.643656e+03
14.1 2.954507e+03 2.800610e+03 3.482052e+03 3.635949e+03
15.1 2.811189e+03 2.729138e+03 3.453034e+03 3.535086e+03
16.1 2.864530e+03 2.750725e+03 3.457701e+03 3.571506e+03
17.1 2.981430e+03 2.813964e+03 3.497972e+03 3.665438e+03
18.1 2.862268e+03 2.807199e+03 3.499280e+03 3.554349e+03
19.1 2.725965e+03 2.742236e+03 3.470146e+03 3.453875e+03
20.1 2.759993e+03 2.786256e+03 3.442519e+03 3.416256e+03
0.4 2.770757e+03 2.849848e+03 3.414864e+03 3.335773e+03
1.4 2.702199e+03 2.809391e+03 3.433934e+03 3.326741e+03
2.4 2.740814e+03 2.761754e+03 3.488860e+03 3.467919e+03
3.4 2.929661e+03 2.791962e+03 3.505957e+03 3.643656e+03
4.4 2.954507e+03 2.800610e+03 3.482052e+03 3.635949e+03
5.4 2.811189e+03 2.729138e+03 3.453034e+03 3.535086e+03
6.4 2.864530e+03 2.750725e+03 3.457701e+03 3.571506e+03
7.4 2.981430e+03 2.813964e+03 3.497972e+03 3.665438e+03
8.4 2.862268e+03 2.807199e+03 3.499280e+03 3.554349e+03
9.4 2.725965e+03 2.742236e+03 3.470146e+03 3.453875e+03
10.4 2.759993e+03 2.786256e+03 3.442519e+03 3.416256e+03
11.4 2.685102e+03 2.789957e+03 3.425927e+03 3.321073e+03
12.4 2.598173e+03 2.763119e+03 3.417896e+03 3.252950e+03
13.4 2.611560e+03 2.763922e+03 3.415056e+03 3.262694e+03
14.4 2.689252e+03 2.782862e+03 3.415251e+03 3.321641e+03
15.4 2.726428e+03 2.826538e+03 3.416962e+03 3.316852e+03
16.4 2.694127e+03 2.786825e+03 3.419059e+03 3.326360e+03
17.4 2.720609e+03 2.796068e+03 3.420867e+03 3.345408e+03
18.4 2.748354e+03 2.795431e+03 3.422150e+03 3.375072e+03
19.4 2.826429e+03 2.844127e+03 3.422941e+03 3.405243e+03
20.4 2.843803e+03 2.873727e+03 3.423379e+03 3.393455e+03
0.6 2.811189e+03 2.729138e+03 3.453034e+03 3.535086e+03
1.6 2.864530e+03 2.750725e+03 3.457701e+03 3.571506e+03
2.6 2.981430e+03 2.813964e+03 3.497972e+03 3.665438e+03
3.6 2.862268e+03 2.807199e+03 3.499280e+03 3.554349e+03
4.6 2.725965e+03 2.742236e+03 3.470146e+03 3.453875e+03
5.6 2.759993e+03 2.786256e+03 3.442519e+03 3.416256e+03
6.6 2.685102e+03 2.789957e+03 3.425927e+03 3.321073e+03
7.6 2.598173e+03 2.763119e+03 3.417896e+03 3.252950e+03
8.6 2.611560e+03 2.763922e+03 3.415056e+03 3.262694e+03
9.6 2.689252e+03 2.782862e+03 3.415251e+03 3.321641e+03
10.6 2.726428e+03 2.826538e+03 3.416962e+03 3.316852e+03
11.6 2.694127e+03 2.786825e+03 3.419059e+03 3.326360e+03
12.6 2.720609e+03 2.796068e+03 3.420867e+03 3.345408e+03
13.6 2.748354e+03 2.795431e+03 3.422150e+03 3.375072e+03
14.6 2.826429e+03 2.844127e+03 3.422941e+03 3.405243e+03
15.6 2.843803e+03 2.873727e+03 3.423379e+03 3.393455e+03
16.6 2.832312e+03 2.795596e+03 3.423602e+03 3.460319e+03
17.6 2.900518e+03 2.854309e+03 3.423705e+03 3.469914e+03
18.6 2.958638e+03 2.938213e+03 3.423751e+03 3.444175e+03
19.6 2.840804e+03 2.838206e+03 3.423769e+03 3.426368e+03
20.6 2.809755e+03 2.834430e+03 3.423777e+03 3.399102e+03
1.0 2.787127e+03 2.787256e+03 3.427944e+03 3.427815e+03
2.0 2.732124e+03 2.796366e+03 3.472527e+03 3.408284e+03
3.0 2.715999e+03 2.841303e+03 3.508979e+03 3.383674e+03
4.0 2.717527e+03 2.811952e+03 3.495644e+03 3.401220e+03
5.0 2.720800e+03 2.762848e+03 3.464502e+03 3.422454e+03
6.0 2.756091e+03 2.782993e+03 3.440019e+03 3.413117e+03
7.0 2.768688e+03 2.762816e+03 3.428887e+03 3.434759e+03
8.0 2.858468e+03 2.809099e+03 3.464138e+03 3.513507e+03
9.0 2.843903e+03 2.830914e+03 3.500807e+03 3.513797e+03
10.0 2.835573e+03 2.811150e+03 3.490032e+03 3.514455e+03
11.0 2.829757e+03 2.786592e+03 3.460618e+03 3.503784e+03
12.0 2.818145e+03 2.740585e+03 3.443378e+03 3.520938e+03
13.0 2.901802e+03 2.810131e+03 3.477611e+03 3.569282e+03
14.0 2.952182e+03 2.937485e+03 3.503465e+03 3.518162e+03
15.0 2.963206e+03 2.970446e+03 3.485022e+03 3.477781e+03
16.0 2.868563e+03 2.745473e+03 3.454424e+03 3.577514e+03
17.0 3.002371e+03 2.880860e+03 3.432602e+03 3.554113e+03
18.0 2.969491e+03 2.856001e+03 3.420970e+03 3.534460e+03
19.0 2.834603e+03 2.800972e+03 3.415962e+03 3.449592e+03
20.0 2.843142e+03 2.808333e+03 3.414897e+03 3.449706e+03
21.0 2.846332e+03 2.835573e+03 3.416035e+03 3.426794e+03
1.0 2.768688e+03 2.762816e+03 3.428887e+03 3.434759e+03
2.0 2.858468e+03 2.809099e+03 3.464138e+03 3.513507e+03
3.0 2.843903e+03 2.830914e+03 3.500807e+03 3.513797e+03
4.0 2.835573e+03 2.811150e+03 3.490032e+03 3.514455e+03
5.0 2.829757e+03 2.786592e+03 3.460618e+03 3.503784e+03
6.0 2.818145e+03 2.740585e+03 3.443378e+03 3.520938e+03
7.0 2.901802e+03 2.810131e+03 3.477611e+03 3.569282e+03
8.0 2.952182e+03 2.937485e+03 3.503465e+03 3.518162e+03
9.0 2.963206e+03 2.970446e+03 3.485022e+03 3.477781e+03
10.0 2.868563e+03 2.745473e+03 3.454424e+03 3.577514e+03
11.0 3.002371e+03 2.880860e+03 3.432602e+03 3.554113e+03
12.0 2.969491e+03 2.856001e+03 3.420970e+03 3.534460e+03
13.0 2.834603e+03 2.800972e+03 3.415962e+03 3.449592e+03
14.0 2.843142e+03 2.808333e+03 3.414897e+03 3.449706e+03
15.0 2.846332e+03 2.835573e+03 3.416035e+03 3.426794e+03
16.0 2.768866e+03 2.803605e+03 3.418053e+03 3.383314e+03
17.0 2.740859e+03 2.781100e+03 3.420051e+03 3.379811e+03
0.1 2.829757e+03 2.786592e+03 3.460618e+03 3.503784e+03
1.1 2.818145e+03 2.740585e+03 3.443378e+03 3.520938e+03
2.1 2.901802e+03 2.810131e+03 3.477611e+03 3.569282e+03
3.1 2.952182e+03 2.937485e+03 3.503465e+03 3.518162e+03
4.1 2.963206e+03 2.970446e+03 3.485022e+03 3.477781e+03
5.1 2.868563e+03 2.745473e+03 3.454424e+03 3.577514e+03
6.1 3.002371e+03 2.880860e+03 3.432602e+03 3.554113e+03
7.1 2.969491e+03 2.856001e+03 3.420970e+03 3.534460e+03
8.1 2.834603e+03 2.800972e+03 3.415962e+03 3.449592e+03
9.1 2.843142e+03 2.808333e+03 3.414897e+03 3.449706e+03
10.1 2.846332e+03 2.835573e+03 3.416035e+03 3.426794e+03
11.1 2.768866e+03 2.803605e+03 3.418053e+03 3.383314e+03
12.1 2.740859e+03 2.781100e+03 3.420051e+03 3.379811e+03
