0.2 5.175235e+03 5.114658e+03 4.380258e+03 4.440834e+03
1.2 5.092911e+03 5.102697e+03 4.381610e+03 4.371823e+03
2.2 4.995653e+03 5.062534e+03 4.395231e+03 4.328350e+03
3.2 4.979733e+03 5.116691e+03 4.417097e+03 4.280138e+03
4.2 5.063325e+03 5.163330e+03 4.421356e+03 4.321351e+03
5.2 5.070320e+03 5.164044e+03 4.408684e+03 4.314959e+03
6.2 5.129124e+03 5.165996e+03 4.394207e+03 4.357335e+03
7.2 5.162326e+03 5.088223e+03 4.385624e+03 4.459727e+03
8.2 5.136133e+03 5.128398e+03 4.393467e+03 4.401201e+03
9.2 5.102595e+03 5.117191e+03 4.413177e+03 4.398581e+03
10.2 5.158117e+03 5.145241e+03 4.417662e+03 4.430537e+03
11.2 5.301152e+03 5.183706e+03 4.405820e+03 4.523267e+03
12.2 5.360519e+03 5.184720e+03 4.392183e+03 4.567983e+03
13.2 5.293171e+03 5.100247e+03 4.384191e+03 4.577116e+03
14.2 5.147676e+03 5.119546e+03 4.392106e+03 4.420235e+03
15.2 5.115609e+03 5.090781e+03 4.413174e+03 4.438003e+03
16.2 5.179065e+03 5.192086e+03 4.420325e+03 4.407304e+03
17.2 5.175229e+03 5.188328e+03 4.409009e+03 4.395910e+03
18.2 5.241164e+03 5.190645e+03 4.394332e+03 4.444852e+03
19.2 5.205386e+03 5.136315e+03 4.384710e+03 4.453781e+03
20.2 5.125791e+03 5.124631e+03 4.389564e+03 4.390724e+03
21.2 5.205567e+03 5.158691e+03 4.409520e+03 4.456396e+03
0.1 5.129124e+03 5.165996e+03 4.394207e+03 4.357335e+03
1.1 5.162326e+03 5.088223e+03 4.385624e+03 4.459727e+03
2.1 5.136133e+03 5.128398e+03 4.393467e+03 4.401201e+03
3.1 5.102595e+03 5.117191e+03 4.413177e+03 4.398581e+03
4.1 5.158117e+03 5.145241e+03 4.417662e+03 4.430537e+03
5.1 5.301152e+03 5.183706e+03 4.405820e+03 4.523267e+03
6.1 5.360519e+03 5.184720e+03 4.392183e+03 4.567983e+03
7.1 5.293171e+03 5.100247e+03 4.384191e+03 4.577116e+03
8.1 5.147676e+03 5.119546e+03 4.392106e+03 4.420235e+03
9.1 5.115609e+03 5.090781e+03 4.413174e+03 4.438003e+03
10.1 5.179065e+03 5.192086e+03 4.420325e+03 4.407304e+03
11.1 5.175229e+03 5.188328e+03 4.409009e+03 4.395910e+03
12.1 5.241164e+03 5.190645e+03 4.394332e+03 4.444852e+03
13.1 5.205386e+03 5.136315e+03 4.384710e+03 4.453781e+03
14.1 5.125791e+03 5.124631e+03 4.389564e+03 4.390724e+03
15.1 5.205567e+03 5.158691e+03 4.409520e+03 4.456396e+03
16.1 5.243634e+03 5.199581e+03 4.417981e+03 4.462035e+03
17.1 5.210291e+03 5.217314e+03 4.410513e+03 4.403491e+03
18.1 5.121458e+03 5.218599e+03 4.412930e+03 4.315789e+03
19.1 5.115893e+03 5.230538e+03 4.423513e+03 4.308867e+03
20.1 5.151399e+03 5.219216e+03 4.418678e+03 4.350861e+03
21.1 5.147019e+03 5.266775e+03 4.408923e+03 4.289166e+03
0.1 5.360519e+03 5.184720e+03 4.392183e+03 4.567983e+03
1.1 5.293171e+03 5.100247e+03 4.384191e+03 4.577116e+03
2.1 5.147676e+03 5.119546e+03 4.392106e+03 4.420235e+03
3.1 5.115609e+03 5.090781e+03 4.413174e+03 4.438003e+03
4.1 5.179065e+03 5.192086e+03 4.420325e+03 4.407304e+03
5.1 5.175229e+03 5.188328e+03 4.409009e+03 4.395910e+03
6.1 5.241164e+03 5.190645e+03 4.394332e+03 4.444852e+03
7.1 5.205386e+03 5.136315e+03 4.384710e+03 4.453781e+03
8.1 5.125791e+03 5.124631e+03 4.389564e+03 4.390724e+03
9.1 5.205567e+03 5.158691e+03 4.409520e+03 4.456396e+03
10.1 5.243634e+03 5.199581e+03 4.417981e+03 4.462035e+03
11.1 5.210291e+03 5.217314e+03 4.410513e+03 4.403491e+03
12.1 5.121458e+03 5.218599e+03 4.412930e+03 4.315789e+03
13.1 5.115893e+03 5.230538e+03 4.423513e+03 4.308867e+03
14.1 5.151399e+03 5.219216e+03 4.418678e+03 4.350861e+03
15.1 5.147019e+03 5.266775e+03 4.408923e+03 4.289166e+03
16.1 5.127582e+03 5.237424e+03 4.415618e+03 4.305776e+03
17.1 5.174085e+03 5.230463e+03 4.421737e+03 4.365358e+03
18.1 5.199751e+03 5.268191e+03 4.412236e+03 4.343797e+03
19.1 5.216518e+03 5.236376e+03 4.408831e+03 4.388973e+03
20.1 5.201204e+03 5.240282e+03 4.419319e+03 4.380242e+03
21.1 5.211792e+03 5.274750e+03 4.418855e+03 4.355897e+03
1.0 5.205386e+03 5.136315e+03 4.384710e+03 4.453781e+03
2.0 5.125791e+03 5.124631e+03 4.389564e+03 4.390724e+03
3.0 5.205567e+03 5.158691e+03 4.409520e+03 4.456396e+03
4.0 5.243634e+03 5.199581e+03 4.417981e+03 4.462035e+03
5.0 5.210291e+03 5.217314e+03 4.410513e+03 4.403491e+03
6.0 5.121458e+03 5.218599e+03 4.412930e+03 4.315789e+03
7.0 5.115893e+03 5.230538e+03 4.423513e+03 4.308867e+03
8.0 5.151399e+03 5.219216e+03 4.418678e+03 4.350861e+03
9.0 5.147019e+03 5.266775e+03 4.408923e+03 4.289166e+03
10.0 5.127582e+03 5.237424e+03 4.415618e+03 4.305776e+03
11.0 5.174085e+03 5.230463e+03 4.421737e+03 4.365358e+03
12.0 5.199751e+03 5.268191e+03 4.412236e+03 4.343797e+03
13.0 5.216518e+03 5.236376e+03 4.408831e+03 4.388973e+03
14.0 5.201204e+03 5.240282e+03 4.419319e+03 4.380242e+03
15.0 5.211792e+03 5.274750e+03 4.418855e+03 4.355897e+03
16.0 5.209729e+03 5.259990e+03 4.404404e+03 4.354143e+03
17.0 5.210678e+03 5.239048e+03 4.391424e+03 4.363054e+03
18.0 5.261954e+03 5.238003e+03 4.397235e+03 4.421186e+03
19.0 5.329255e+03 5.216511e+03 4.414216e+03 4.526961e+03
20.0 5.355911e+03 5.292467e+03 4.415238e+03 4.478682e+03
21.0 5.360859e+03 5.298425e+03 4.402243e+03 4.464677e+03
22.0 5.321407e+03 5.267921e+03 4.392366e+03 4.445852e+03
0.4 5.243634e+03 5.199581e+03 4.417981e+03 4.462035e+03
1.4 5.210291e+03 5.217314e+03 4.410513e+03 4.403491e+03
2.4 5.121458e+03 5.218599e+03 4.412930e+03 4.315789e+03
3.4 5.115893e+03 5.230538e+03 4.423513e+03 4.308867e+03
4.4 5.151399e+03 5.219216e+03 4.418678e+03 4.350861e+03
5.4 5.147019e+03 5.266775e+03 4.408923e+03 4.289166e+03
6.4 5.127582e+03 5.237424e+03 4.415618e+03 4.305776e+03
7.3 5.174085e+03 5.230463e+03 4.421737e+03 4.365358e+03
8.3 5.199751e+03 5.268191e+03 4.412236e+03 4.343797e+03
9.3 5.216518e+03 5.236376e+03 4.408831e+03 4.388973e+03
10.3 5.201204e+03 5.240282e+03 4.419319e+03 4.380242e+03
11.3 5.211792e+03 5.274750e+03 4.418855e+03 4.355897e+03
12.3 5.209729e+03 5.259990e+03 4.404404e+03 4.354143e+03
13.3 5.210678e+03 5.239048e+03 4.391424e+03 4.363054e+03
14.3 5.261954e+03 5.238003e+03 4.397235e+03 4.421186e+03
15.3 5.329255e+03 5.216511e+03 4.414216e+03 4.526961e+03
16.3 5.355911e+03 5.292467e+03 4.415238e+03 4.478682e+03
17.3 5.360859e+03 5.298425e+03 4.402243e+03 4.464677e+03
18.3 5.321407e+03 5.267921e+03 4.392366e+03 4.445852e+03
19.3 5.252975e+03 5.252381e+03 4.401901e+03 4.402494e+03
20.3 5.289003e+03 5.291921e+03 4.417333e+03 4.414415e+03
21.3 5.399719e+03 5.320747e+03 4.414759e+03 4.493731e+03
0.7 5.151399e+03 5.219216e+03 4.418678e+03 4.350861e+03
1.7 5.147019e+03 5.266775e+03 4.408923e+03 4.289166e+03
2.7 5.127582e+03 5.237424e+03 4.415618e+03 4.305776e+03
3.7 5.174085e+03 5.230463e+03 4.421737e+03 4.365358e+03
4.7 5.199751e+03 5.268191e+03 4.412236e+03 4.343797e+03
5.7 5.216518e+03 5.236376e+03 4.408831e+03 4.388973e+03
6.7 5.201204e+03 5.240282e+03 4.419319e+03 4.380242e+03
7.7 5.211792e+03 5.274750e+03 4.418855e+03 4.355897e+03
8.7 5.209729e+03 5.259990e+03 4.404404e+03 4.354143e+03
9.7 5.210678e+03 5.239048e+03 4.391424e+03 4.363054e+03
10.7 5.261954e+03 5.238003e+03 4.397235e+03 4.421186e+03
11.7 5.329255e+03 5.216511e+03 4.414216e+03 4.526961e+03
12.7 5.355911e+03 5.292467e+03 4.415238e+03 4.478682e+03
13.7 5.360859e+03 5.298425e+03 4.402243e+03 4.464677e+03
14.7 5.321407e+03 5.267921e+03 4.392366e+03 4.445852e+03
15.7 5.252975e+03 5.252381e+03 4.401901e+03 4.402494e+03
16.7 5.289003e+03 5.291921e+03 4.417333e+03 4.414415e+03
17.7 5.399719e+03 5.320747e+03 4.414759e+03 4.493731e+03
18.7 5.345541e+03 5.346188e+03 4.408242e+03 4.407595e+03
19.7 5.312977e+03 5.328513e+03 4.417287e+03 4.401751e+03
20.7 5.269453e+03 5.337712e+03 4.422536e+03 4.354277e+03
21.7 5.266838e+03 5.365732e+03 4.410832e+03 4.311938e+03
0.1 5.174085e+03 5.230463e+03 4.421737e+03 4.365358e+03
1.1 5.199751e+03 5.268191e+03 4.412236e+03 4.343797e+03
2.1 5.216518e+03 5.236376e+03 4.408831e+03 4.388973e+03
3.1 5.201204e+03 5.240282e+03 4.419319e+03 4.380242e+03
4.1 5.211792e+03 5.274750e+03 4.418855e+03 4.355897e+03
5.1 5.209729e+03 5.259990e+03 4.404404e+03 4.354143e+03
6.1 5.210678e+03 5.239048e+03 4.391424e+03 4.363054e+03
7.1 5.261954e+03 5.238003e+03 4.397235e+03 4.421186e+03
8.1 5.329255e+03 5.216511e+03 4.414216e+03 4.526961e+03
9.1 5.355911e+03 5.292467e+03 4.415238e+03 4.478682e+03
10.1 5.360859e+03 5.298425e+03 4.402243e+03 4.464677e+03
11.1 5.321407e+03 5.267921e+03 4.392366e+03 4.445852e+03
12.1 5.252975e+03 5.252381e+03 4.401901e+03 4.402494e+03
13.1 5.289003e+03 5.291921e+03 4.417333e+03 4.414415e+03
14.1 5.399719e+03 5.320747e+03 4.414759e+03 4.493731e+03
15.1 5.345541e+03 5.346188e+03 4.408242e+03 4.407595e+03
16.1 5.312977e+03 5.328513e+03 4.417287e+03 4.401751e+03
17.1 5.269453e+03 5.337712e+03 4.422536e+03 4.354277e+03
18.1 5.266838e+03 5.365732e+03 4.410832e+03 4.311938e+03
19.1 5.316750e+03 5.336324e+03 4.395181e+03 4.375607e+03
20.1 5.316149e+03 5.301027e+03 4.394127e+03 4.409249e+03
21.1 5.357883e+03 5.292515e+03 4.410575e+03 4.475943e+03
0.3 5.209729e+03 5.259990e+03 4.404404e+03 4.354143e+03
1.3 5.210678e+03 5.239048e+03 4.391424e+03 4.363054e+03
2.3 5.261954e+03 5.238003e+03 4.397235e+03 4.421186e+03
3.3 5.329255e+03 5.216511e+03 4.414216e+03 4.526961e+03
4.3 5.355911e+03 5.292467e+03 4.415238e+03 4.478682e+03
5.3 5.360859e+03 5.298425e+03 4.402243e+03 4.464677e+03
6.3 5.321407e+03 5.267921e+03 4.392366e+03 4.445852e+03
7.3 5.252975e+03 5.252381e+03 4.401901e+03 4.402494e+03
8.3 5.289003e+03 5.291921e+03 4.417333e+03 4.414415e+03
9.3 5.399719e+03 5.320747e+03 4.414759e+03 4.493731e+03
10.3 5.345541e+03 5.346188e+03 4.408242e+03 4.407595e+03
11.3 5.312977e+03 5.328513e+03 4.417287e+03 4.401751e+03
12.3 5.269453e+03 5.337712e+03 4.422536e+03 4.354277e+03
13.3 5.266838e+03 5.365732e+03 4.410832e+03 4.311938e+03
14.3 5.316750e+03 5.336324e+03 4.395181e+03 4.375607e+03
15.3 5.316149e+03 5.301027e+03 4.394127e+03 4.409249e+03
16.3 5.357883e+03 5.292515e+03 4.410575e+03 4.475943e+03
17.3 5.413775e+03 5.350839e+03 4.417242e+03 4.480177e+03
18.3 5.486673e+03 5.376856e+03 4.406523e+03 4.516340e+03
19.3 5.451824e+03 5.362105e+03 4.392446e+03 4.482166e+03
20.3 5.443734e+03 5.318718e+03 4.383265e+03 4.508281e+03
21.3 5.339581e+03 5.291075e+03 4.387744e+03 4.436249e+03
0.4 5.360859e+03 5.298425e+03 4.402243e+03 4.464677e+03
1.4 5.321407e+03 5.267921e+03 4.392366e+03 4.445852e+03
2.4 5.252975e+03 5.252381e+03 4.401901e+03 4.402494e+03
3.4 5.289003e+03 5.291921e+03 4.417333e+03 4.414415e+03
4.4 5.399719e+03 5.320747e+03 4.414759e+03 4.493731e+03
5.4 5.345541e+03 5.346188e+03 4.408242e+03 4.407595e+03
6.4 5.312977e+03 5.328513e+03 4.417287e+03 4.401751e+03
7.4 5.269453e+03 5.337712e+03 4.422536e+03 4.354277e+03
8.4 5.266838e+03 5.365732e+03 4.410832e+03 4.311938e+03
9.4 5.316750e+03 5.336324e+03 4.395181e+03 4.375607e+03
10.4 5.316149e+03 5.301027e+03 4.394127e+03 4.409249e+03
11.4 5.357883e+03 5.292515e+03 4.410575e+03 4.475943e+03
12.4 5.413775e+03 5.350839e+03 4.417242e+03 4.480177e+03
13.4 5.486673e+03 5.376856e+03 4.406523e+03 4.516340e+03
14.4 5.451824e+03 5.362105e+03 4.392446e+03 4.482166e+03
15.4 5.443734e+03 5.318718e+03 4.383265e+03 4.508281e+03
16.4 5.339581e+03 5.291075e+03 4.387744e+03 4.436249e+03
17.4 5.336010e+03 5.361991e+03 4.407975e+03 4.381994e+03
18.4 5.287931e+03 5.386460e+03 4.417959e+03 4.319430e+03
19.4 5.367147e+03 5.412159e+03 4.408853e+03 4.363840e+03
20.4 5.352178e+03 5.379935e+03 4.394855e+03 4.367098e+03
21.4 5.351318e+03 5.365552e+03 4.385073e+03 4.370839e+03
0.8 5.399719e+03 5.320747e+03 4.414759e+03 4.493731e+03
1.8 5.345541e+03 5.346188e+03 4.408242e+03 4.407595e+03
2.8 5.312977e+03 5.328513e+03 4.417287e+03 4.401751e+03
3.8 5.269453e+03 5.337712e+03 4.422536e+03 4.354277e+03
4.8 5.266838e+03 5.365732e+03 4.410832e+03 4.311938e+03
5.8 5.316750e+03 5.336324e+03 4.395181e+03 4.375607e+03
6.8 5.316149e+03 5.301027e+03 4.394127e+03 4.409249e+03
7.8 5.357883e+03 5.292515e+03 4.410575e+03 4.475943e+03
8.8 5.413775e+03 5.350839e+03 4.417242e+03 4.480177e+03
9.8 5.486673e+03 5.376856e+03 4.406523e+03 4.516340e+03
10.8 5.451824e+03 5.362105e+03 4.392446e+03 4.482166e+03
11.8 5.443734e+03 5.318718e+03 4.383265e+03 4.508281e+03
12.8 5.339581e+03 5.291075e+03 4.387744e+03 4.436249e+03
13.8 5.336010e+03 5.361991e+03 4.407975e+03 4.381994e+03
14.8 5.287931e+03 5.386460e+03 4.417959e+03 4.319430e+03
15.8 5.367147e+03 5.412159e+03 4.408853e+03 4.363840e+03
16.8 5.352178e+03 5.379935e+03 4.394855e+03 4.367098e+03
17.8 5.351318e+03 5.365552e+03 4.385073e+03 4.370839e+03
18.8 5.234176e+03 5.323928e+03 4.388480e+03 4.298728e+03
19.8 5.369146e+03 5.338345e+03 4.408095e+03 4.438895e+03
20.8 5.471670e+03 5.366715e+03 4.418356e+03 4.523312e+03
21.8 5.467207e+03 5.420960e+03 4.409420e+03 4.455667e+03
1.0 5.316750e+03 5.336324e+03 4.395181e+03 4.375607e+03
2.0 5.316149e+03 5.301027e+03 4.394127e+03 4.409249e+03
3.0 5.357883e+03 5.292515e+03 4.410575e+03 4.475943e+03
4.0 5.413775e+03 5.350839e+03 4.417242e+03 4.480177e+03
5.0 5.486673e+03 5.376856e+03 4.406523e+03 4.516340e+03
6.0 5.451824e+03 5.362105e+03 4.392446e+03 4.482166e+03
7.0 5.443734e+03 5.318718e+03 4.383265e+03 4.508281e+03
8.0 5.339581e+03 5.291075e+03 4.387744e+03 4.436249e+03
9.0 5.336010e+03 5.361991e+03 4.407975e+03 4.381994e+03
10.0 5.287931e+03 5.386460e+03 4.417959e+03 4.319430e+03
11.0 5.367147e+03 5.412159e+03 4.408853e+03 4.363840e+03
12.0 5.352178e+03 5.379935e+03 4.394855e+03 4.367098e+03
13.0 5.351318e+03 5.365552e+03 4.385073e+03 4.370839e+03
14.0 5.234176e+03 5.323928e+03 4.388480e+03 4.298728e+03
15.0 5.369146e+03 5.338345e+03 4.408095e+03 4.438895e+03
16.0 5.471670e+03 5.366715e+03 4.418356e+03 4.523312e+03
17.0 5.467207e+03 5.420960e+03 4.409420e+03 4.455667e+03
18.0 5.496692e+03 5.393043e+03 4.395284e+03 4.498934e+03
19.0 5.398690e+03 5.368434e+03 4.385209e+03 4.415465e+03
20.0 5.268457e+03 5.337041e+03 4.387620e+03 4.319036e+03
21.0 5.123396e+03 5.318691e+03 4.406894e+03 4.211599e+03
22.0 5.206371e+03 5.372686e+03 4.418373e+03 4.252059e+03
0.9 5.443734e+03 5.318718e+03 4.383265e+03 4.508281e+03
1.9 5.339581e+03 5.291075e+03 4.387744e+03 4.436249e+03
2.9 5.336010e+03 5.361991e+03 4.407975e+03 4.381994e+03
3.9 5.287931e+03 5.386460e+03 4.417959e+03 4.319430e+03
4.9 5.367147e+03 5.412159e+03 4.408853e+03 4.363840e+03
5.9 5.352178e+03 5.379935e+03 4.394855e+03 4.367098e+03
6.9 5.351318e+03 5.365552e+03 4.385073e+03 4.370839e+03
7.9 5.234176e+03 5.323928e+03 4.388480e+03 4.298728e+03
8.9 5.369146e+03 5.338345e+03 4.408095e+03 4.438895e+03
9.9 5.471670e+03 5.366715e+03 4.418356e+03 4.523312e+03
10.9 5.467207e+03 5.420960e+03 4.409420e+03 4.455667e+03
11.9 5.496692e+03 5.393043e+03 4.395284e+03 4.498934e+03
12.9 5.398690e+03 5.368434e+03 4.385209e+03 4.415465e+03
13.9 5.268457e+03 5.337041e+03 4.387620e+03 4.319036e+03
14.9 5.123396e+03 5.318691e+03 4.406894e+03 4.211599e+03
15.9 5.206371e+03 5.372686e+03 4.418373e+03 4.252059e+03
16.9 5.281205e+03 5.413627e+03 4.410233e+03 4.277810e+03
17.9 5.261173e+03 5.389852e+03 4.396696e+03 4.268017e+03
18.9 5.223675e+03 5.362929e+03 4.396887e+03 4.257634e+03
19.9 5.210447e+03 5.345199e+03 4.413262e+03 4.278511e+03
20.9 5.332876e+03 5.432641e+03 4.418780e+03 4.319015e+03
21.9 5.392891e+03 5.478651e+03 4.409875e+03 4.324115e+03
0.9 5.351318e+03 5.365552e+03 4.385073e+03 4.370839e+03
1.9 5.234176e+03 5.323928e+03 4.388480e+03 4.298728e+03
2.9 5.369146e+03 5.338345e+03 4.408095e+03 4.438895e+03
3.9 5.471670e+03 5.366715e+03 4.418356e+03 4.523312e+03
4.9 5.467207e+03 5.420960e+03 4.409420e+03 4.455667e+03
5.9 5.496692e+03 5.393043e+03 4.395284e+03 4.498934e+03
6.9 5.398690e+03 5.368434e+03 4.385209e+03 4.415465e+03
7.9 5.268457e+03 5.337041e+03 4.387620e+03 4.319036e+03
8.9 5.123396e+03 5.318691e+03 4.406894e+03 4.211599e+03
9.9 5.206371e+03 5.372686e+03 4.418373e+03 4.252059e+03
10.9 5.281205e+03 5.413627e+03 4.410233e+03 4.277810e+03
11.9 5.261173e+03 5.389852e+03 4.396696e+03 4.268017e+03
12.9 5.223675e+03 5.362929e+03 4.396887e+03 4.257634e+03
13.9 5.210447e+03 5.345199e+03 4.413262e+03 4.278511e+03
14.9 5.332876e+03 5.432641e+03 4.418780e+03 4.319015e+03
15.9 5.392891e+03 5.478651e+03 4.409875e+03 4.324115e+03
16.9 5.416733e+03 5.423666e+03 4.412218e+03 4.405285e+03
17.9 5.522913e+03 5.475369e+03 4.422584e+03 4.470127e+03
18.9 5.513275e+03 5.483415e+03 4.417492e+03 4.447352e+03
19.9 5.547692e+03 5.507778e+03 4.408317e+03 4.448231e+03
20.9 5.474341e+03 5.465308e+03 4.415634e+03 4.424668e+03
21.9 5.419083e+03 5.452928e+03 4.421482e+03 4.387637e+03
0.8 5.398690e+03 5.368434e+03 4.385209e+03 4.415465e+03
1.8 5.268457e+03 5.337041e+03 4.387620e+03 4.319036e+03
2.8 5.123396e+03 5.318691e+03 4.406894e+03 4.211599e+03
3.8 5.206371e+03 5.372686e+03 4.418373e+03 4.252059e+03
4.8 5.281205e+03 5.413627e+03 4.410233e+03 4.277810e+03
5.8 5.261173e+03 5.389852e+03 4.396696e+03 4.268017e+03
6.8 5.223675e+03 5.362929e+03 4.396887e+03 4.257634e+03
7.8 5.210447e+03 5.345199e+03 4.413262e+03 4.278511e+03
8.8 5.332876e+03 5.432641e+03 4.418780e+03 4.319015e+03
9.8 5.392891e+03 5.478651e+03 4.409875e+03 4.324115e+03
10.8 5.416733e+03 5.423666e+03 4.412218e+03 4.405285e+03
11.8 5.522913e+03 5.475369e+03 4.422584e+03 4.470127e+03
12.8 5.513275e+03 5.483415e+03 4.417492e+03 4.447352e+03
13.8 5.547692e+03 5.507778e+03 4.408317e+03 4.448231e+03
14.8 5.474341e+03 5.465308e+03 4.415634e+03 4.424668e+03
15.8 5.419083e+03 5.452928e+03 4.421482e+03 4.387637e+03
16.8 5.410717e+03 5.482232e+03 4.411699e+03 4.340185e+03
17.8 5.378753e+03 5.356916e+03 4.408378e+03 4.430214e+03
18.8 5.378027e+03 5.357707e+03 4.419060e+03 4.439380e+03
19.8 5.563461e+03 5.425841e+03 4.418740e+03 4.556360e+03
20.8 5.534038e+03 5.369993e+03 4.404372e+03 4.568417e+03
21.8 5.456492e+03 5.316572e+03 4.389582e+03 4.529502e+03
1.0 5.261173e+03 5.389852e+03 4.396696e+03 4.268017e+03
2.0 5.223675e+03 5.362929e+03 4.396887e+03 4.257634e+03
3.0 5.210447e+03 5.345199e+03 4.413262e+03 4.278511e+03
4.0 5.332876e+03 5.432641e+03 4.418780e+03 4.319015e+03
5.0 5.392891e+03 5.478651e+03 4.409875e+03 4.324115e+03
6.0 5.416733e+03 5.423666e+03 4.412218e+03 4.405285e+03
7.0 5.522913e+03 5.475369e+03 4.422584e+03 4.470127e+03
8.0 5.513275e+03 5.483415e+03 4.417492e+03 4.447352e+03
9.0 5.547692e+03 5.507778e+03 4.408317e+03 4.448231e+03
10.0 5.474341e+03 5.465308e+03 4.415634e+03 4.424668e+03
11.0 5.419083e+03 5.452928e+03 4.421482e+03 4.387637e+03
12.0 5.410717e+03 5.482232e+03 4.411699e+03 4.340185e+03
13.0 5.378753e+03 5.356916e+03 4.408378e+03 4.430214e+03
14.0 5.378027e+03 5.357707e+03 4.419060e+03 4.439380e+03
15.0 5.563461e+03 5.425841e+03 4.418740e+03 4.556360e+03
16.0 5.534038e+03 5.369993e+03 4.404372e+03 4.568417e+03
17.0 5.456492e+03 5.316572e+03 4.389582e+03 4.529502e+03
18.0 5.451036e+03 5.237936e+03 4.380396e+03 4.593496e+03
19.0 5.445214e+03 5.220072e+03 4.376466e+03 4.601607e+03
20.0 5.325369e+03 5.180792e+03 4.384169e+03 4.528747e+03
21.0 5.272709e+03 5.210321e+03 4.406610e+03 4.468999e+03
22.0 5.204678e+03 5.093880e+03 4.418519e+03 4.529317e+03
0.4 5.332876e+03 5.432641e+03 4.418780e+03 4.319015e+03
1.4 5.392891e+03 5.478651e+03 4.409875e+03 4.324115e+03
2.4 5.416733e+03 5.423666e+03 4.412218e+03 4.405285e+03
3.4 5.522913e+03 5.475369e+03 4.422584e+03 4.470127e+03
4.4 5.513275e+03 5.483415e+03 4.417492e+03 4.447352e+03
5.4 5.547692e+03 5.507778e+03 4.408317e+03 4.448231e+03
6.4 5.474341e+03 5.465308e+03 4.415634e+03 4.424668e+03
7.4 5.419083e+03 5.452928e+03 4.421482e+03 4.387637e+03
8.4 5.410717e+03 5.482232e+03 4.411699e+03 4.340185e+03
9.4 5.378753e+03 5.356916e+03 4.408378e+03 4.430214e+03
10.4 5.378027e+03 5.357707e+03 4.419060e+03 4.439380e+03
11.4 5.563461e+03 5.425841e+03 4.418740e+03 4.556360e+03
12.4 5.534038e+03 5.369993e+03 4.404372e+03 4.568417e+03
13.4 5.456492e+03 5.316572e+03 4.389582e+03 4.529502e+03
14.4 5.451036e+03 5.237936e+03 4.380396e+03 4.593496e+03
15.4 5.445214e+03 5.220072e+03 4.376466e+03 4.601607e+03
16.4 5.325369e+03 5.180792e+03 4.384169e+03 4.528747e+03
17.4 5.272709e+03 5.210321e+03 4.406610e+03 4.468999e+03
18.4 5.204678e+03 5.093880e+03 4.418519e+03 4.529317e+03
19.4 4.587978e+03 4.663784e+03 4.410298e+03 4.334491e+03
20.4 5.345087e+03 5.342798e+03 4.397099e+03 4.399387e+03
21.4 5.445279e+03 5.304484e+03 4.398316e+03 4.539111e+03
0.8 5.513275e+03 5.483415e+03 4.417492e+03 4.447352e+03
1.8 5.547692e+03 5.507778e+03 4.408317e+03 4.448231e+03
2.8 5.474341e+03 5.465308e+03 4.415634e+03 4.424668e+03
3.8 5.419083e+03 5.452928e+03 4.421482e+03 4.387637e+03
4.8 5.410717e+03 5.482232e+03 4.411699e+03 4.340185e+03
5.8 5.378753e+03 5.356916e+03 4.408378e+03 4.430214e+03
6.8 5.378027e+03 5.357707e+03 4.419060e+03 4.439380e+03
7.8 5.563461e+03 5.425841e+03 4.418740e+03 4.556360e+03
8.8 5.534038e+03 5.369993e+03 4.404372e+03 4.568417e+03
9.8 5.456492e+03 5.316572e+03 4.389582e+03 4.529502e+03
10.8 5.451036e+03 5.237936e+03 4.380396e+03 4.593496e+03
11.8 5.445214e+03 5.220072e+03 4.376466e+03 4.601607e+03
12.8 5.325369e+03 5.180792e+03 4.384169e+03 4.528747e+03
13.8 5.272709e+03 5.210321e+03 4.406610e+03 4.468999e+03
14.8 5.204678e+03 5.093880e+03 4.418519e+03 4.529317e+03
15.8 4.587978e+03 4.663784e+03 4.410298e+03 4.334491e+03
16.8 5.345087e+03 5.342798e+03 4.397099e+03 4.399387e+03
17.8 5.445279e+03 5.304484e+03 4.398316e+03 4.539111e+03
18.8 5.432186e+03 5.210212e+03 4.414620e+03 4.636593e+03
19.8 5.414896e+03 5.175459e+03 4.418756e+03 4.658193e+03
20.8 5.209350e+03 4.953799e+03 4.409660e+03 4.665211e+03
21.8 5.100876e+03 5.047725e+03 4.412935e+03 4.466086e+03
0.1 5.419083e+03 5.452928e+03 4.421482e+03 4.387637e+03
1.1 5.410717e+03 5.482232e+03 4.411699e+03 4.340185e+03
2.1 5.378753e+03 5.356916e+03 4.408378e+03 4.430214e+03
3.1 5.378027e+03 5.357707e+03 4.419060e+03 4.439380e+03
4.1 5.563461e+03 5.425841e+03 4.418740e+03 4.556360e+03
5.1 5.534038e+03 5.369993e+03 4.404372e+03 4.568417e+03
6.1 5.456492e+03 5.316572e+03 4.389582e+03 4.529502e+03
7.1 5.451036e+03 5.237936e+03 4.380396e+03 4.593496e+03
8.1 5.445214e+03 5.220072e+03 4.376466e+03 4.601607e+03
9.1 5.325369e+03 5.180792e+03 4.384169e+03 4.528747e+03
10.1 5.272709e+03 5.210321e+03 4.406610e+03 4.468999e+03
11.1 5.204678e+03 5.093880e+03 4.418519e+03 4.529317e+03
12.1 4.587978e+03 4.663784e+03 4.410298e+03 4.334491e+03
13.1 5.345087e+03 5.342798e+03 4.397099e+03 4.399387e+03
14.1 5.445279e+03 5.304484e+03 4.398316e+03 4.539111e+03
15.1 5.432186e+03 5.210212e+03 4.414620e+03 4.636593e+03
16.1 5.414896e+03 5.175459e+03 4.418756e+03 4.658193e+03
17.1 5.209350e+03 4.953799e+03 4.409660e+03 4.665211e+03
18.1 5.100876e+03 5.047725e+03 4.412935e+03 4.466086e+03
19.1 5.013674e+03 5.035890e+03 4.422837e+03 4.400620e+03
20.1 5.100412e+03 4.985461e+03 4.416586e+03 4.531537e+03
21.1 5.127297e+03 5.110291e+03 4.400362e+03 4.417368e+03
0.9 5.445214e+03 5.220072e+03 4.376466e+03 4.601607e+03
1.9 5.325369e+03 5.180792e+03 4.384169e+03 4.528747e+03
2.9 5.272709e+03 5.210321e+03 4.406610e+03 4.468999e+03
3.9 5.204678e+03 5.093880e+03 4.418519e+03 4.529317e+03
4.9 4.587978e+03 4.663784e+03 4.410298e+03 4.334491e+03
5.9 5.345087e+03 5.342798e+03 4.397099e+03 4.399387e+03
6.9 5.445279e+03 5.304484e+03 4.398316e+03 4.539111e+03
7.9 5.432186e+03 5.210212e+03 4.414620e+03 4.636593e+03
8.9 5.414896e+03 5.175459e+03 4.418756e+03 4.658193e+03
9.9 5.209350e+03 4.953799e+03 4.409660e+03 4.665211e+03
10.9 5.100876e+03 5.047725e+03 4.412935e+03 4.466086e+03
11.9 5.013674e+03 5.035890e+03 4.422837e+03 4.400620e+03
12.9 5.100412e+03 4.985461e+03 4.416586e+03 4.531537e+03
13.9 5.127297e+03 5.110291e+03 4.400362e+03 4.417368e+03
14.9 5.007442e+03 5.053798e+03 4.386747e+03 4.340391e+03
15.9 4.962787e+03 5.037363e+03 4.381960e+03 4.307383e+03
16.9 4.828497e+03 5.052067e+03 4.395842e+03 4.172272e+03
17.9 4.725423e+03 5.041253e+03 4.414829e+03 4.098999e+03
18.9 4.722074e+03 5.045200e+03 4.414785e+03 4.091658e+03
19.9 4.597913e+03 4.926389e+03 4.409012e+03 4.080536e+03
20.9 4.017094e+03 4.121506e+03 4.418053e+03 4.313640e+03
21.9 4.156060e+03 4.321149e+03 4.423657e+03 4.258568e+03
0.1 4.587978e+03 4.663784e+03 4.410298e+03 4.334491e+03
1.1 5.345087e+03 5.342798e+03 4.397099e+03 4.399387e+03
2.1 5.445279e+03 5.304484e+03 4.398316e+03 4.539111e+03
3.1 5.432186e+03 5.210212e+03 4.414620e+03 4.636593e+03
4.1 5.414896e+03 5.175459e+03 4.418756e+03 4.658193e+03
5.1 5.209350e+03 4.953799e+03 4.409660e+03 4.665211e+03
6.1 5.100876e+03 5.047725e+03 4.412935e+03 4.466086e+03
7.1 5.013674e+03 5.035890e+03 4.422837e+03 4.400620e+03
8.1 5.100412e+03 4.985461e+03 4.416586e+03 4.531537e+03
9.1 5.127297e+03 5.110291e+03 4.400362e+03 4.417368e+03
10.1 5.007442e+03 5.053798e+03 4.386747e+03 4.340391e+03
11.1 4.962787e+03 5.037363e+03 4.381960e+03 4.307383e+03
12.1 4.828497e+03 5.052067e+03 4.395842e+03 4.172272e+03
13.1 4.725423e+03 5.041253e+03 4.414829e+03 4.098999e+03
14.1 4.722074e+03 5.045200e+03 4.414785e+03 4.091658e+03
15.1 4.597913e+03 4.926389e+03 4.409012e+03 4.080536e+03
16.1 4.017094e+03 4.121506e+03 4.418053e+03 4.313640e+03
17.1 4.156060e+03 4.321149e+03 4.423657e+03 4.258568e+03
18.1 4.467165e+03 4.477250e+03 4.413237e+03 4.403151e+03
19.1 4.658989e+03 4.434448e+03 4.409852e+03 4.634393e+03
20.1 4.454863e+03 4.384314e+03 4.420084e+03 4.490633e+03
21.1 4.323957e+03 4.210356e+03 4.418886e+03 4.532487e+03
0.4 5.414896e+03 5.175459e+03 4.418756e+03 4.658193e+03
1.4 5.209350e+03 4.953799e+03 4.409660e+03 4.665211e+03
2.4 5.100876e+03 5.047725e+03 4.412935e+03 4.466086e+03
3.4 5.013674e+03 5.035890e+03 4.422837e+03 4.400620e+03
4.4 5.100412e+03 4.985461e+03 4.416586e+03 4.531537e+03
5.4 5.127297e+03 5.110291e+03 4.400362e+03 4.417368e+03
6.4 5.007442e+03 5.053798e+03 4.386747e+03 4.340391e+03
7.4 4.962787e+03 5.037363e+03 4.381960e+03 4.307383e+03
8.4 4.828497e+03 5.052067e+03 4.395842e+03 4.172272e+03
9.4 4.725423e+03 5.041253e+03 4.414829e+03 4.098999e+03
10.4 4.722074e+03 5.045200e+03 4.414785e+03 4.091658e+03
11.4 4.597913e+03 4.926389e+03 4.409012e+03 4.080536e+03
12.4 4.017094e+03 4.121506e+03 4.418053e+03 4.313640e+03
13.4 4.156060e+03 4.321149e+03 4.423657e+03 4.258568e+03
14.4 4.467165e+03 4.477250e+03 4.413237e+03 4.403151e+03
15.4 4.658989e+03 4.434448e+03 4.409852e+03 4.634393e+03
16.4 4.454863e+03 4.384314e+03 4.420084e+03 4.490633e+03
17.4 4.323957e+03 4.210356e+03 4.418886e+03 4.532487e+03
18.4 4.292302e+03 4.336168e+03 4.404115e+03 4.360249e+03
19.4 3.993825e+03 4.032402e+03 4.389335e+03 4.350758e+03
20.4 3.712182e+03 4.000609e+03 4.381334e+03 4.092907e+03
21.4 4.100946e+03 4.071402e+03 4.389816e+03 4.419360e+03
0.4 5.007442e+03 5.053798e+03 4.386747e+03 4.340391e+03
1.4 4.962787e+03 5.037363e+03 4.381960e+03 4.307383e+03
2.4 4.828497e+03 5.052067e+03 4.395842e+03 4.172272e+03
3.4 4.725423e+03 5.041253e+03 4.414829e+03 4.098999e+03
4.4 4.722074e+03 5.045200e+03 4.414785e+03 4.091658e+03
5.4 4.597913e+03 4.926389e+03 4.409012e+03 4.080536e+03
6.4 4.017094e+03 4.121506e+03 4.418053e+03 4.313640e+03
7.4 4.156060e+03 4.321149e+03 4.423657e+03 4.258568e+03
8.4 4.467165e+03 4.477250e+03 4.413237e+03 4.403151e+03
9.4 4.658989e+03 4.434448e+03 4.409852e+03 4.634393e+03
10.4 4.454863e+03 4.384314e+03 4.420084e+03 4.490633e+03
11.4 4.323957e+03 4.210356e+03 4.418886e+03 4.532487e+03
12.4 4.292302e+03 4.336168e+03 4.404115e+03 4.360249e+03
13.4 3.993825e+03 4.032402e+03 4.389335e+03 4.350758e+03
14.4 3.712182e+03 4.000609e+03 4.381334e+03 4.092907e+03
15.4 4.100946e+03 4.071402e+03 4.389816e+03 4.419360e+03
16.4 4.160530e+03 4.377797e+03 4.410703e+03 4.193436e+03
17.4 3.698396e+03 3.749522e+03 4.416654e+03 4.365528e+03
18.4 4.321062e+03 4.355343e+03 4.405612e+03 4.371331e+03
19.4 4.272263e+03 4.487662e+03 4.392206e+03 4.176807e+03
20.4 4.246376e+03 4.203084e+03 4.384004e+03 4.427297e+03
21.4 4.200221e+03 4.376504e+03 4.390956e+03 4.214673e+03
0.8 4.722074e+03 5.045200e+03 4.414785e+03 4.091658e+03
1.8 4.597913e+03 4.926389e+03 4.409012e+03 4.080536e+03
2.8 4.017094e+03 4.121506e+03 4.418053e+03 4.313640e+03
3.8 4.156060e+03 4.321149e+03 4.423657e+03 4.258568e+03
4.8 4.467165e+03 4.477250e+03 4.413237e+03 4.403151e+03
5.8 4.658989e+03 4.434448e+03 4.409852e+03 4.634393e+03
6.8 4.454863e+03 4.384314e+03 4.420084e+03 4.490633e+03
7.8 4.323957e+03 4.210356e+03 4.418886e+03 4.532487e+03
8.8 4.292302e+03 4.336168e+03 4.404115e+03 4.360249e+03
9.8 3.993825e+03 4.032402e+03 4.389335e+03 4.350758e+03
10.8 3.712182e+03 4.000609e+03 4.381334e+03 4.092907e+03
11.8 4.100946e+03 4.071402e+03 4.389816e+03 4.419360e+03
12.8 4.160530e+03 4.377797e+03 4.410703e+03 4.193436e+03
13.8 3.698396e+03 3.749522e+03 4.416654e+03 4.365528e+03
14.8 4.321062e+03 4.355343e+03 4.405612e+03 4.371331e+03
15.8 4.272263e+03 4.487662e+03 4.392206e+03 4.176807e+03
16.8 4.246376e+03 4.203084e+03 4.384004e+03 4.427297e+03
17.8 4.200221e+03 4.376504e+03 4.390956e+03 4.214673e+03
18.8 4.174656e+03 4.243811e+03 4.411252e+03 4.342097e+03
19.8 4.232081e+03 4.372443e+03 4.417890e+03 4.277527e+03
20.8 4.261482e+03 4.450889e+03 4.406993e+03 4.217586e+03
21.8 4.336637e+03 4.331671e+03 4.394688e+03 4.399654e+03
0.1 4.156060e+03 4.321149e+03 4.423657e+03 4.258568e+03
1.1 4.467165e+03 4.477250e+03 4.413237e+03 4.403151e+03
2.1 4.658989e+03 4.434448e+03 4.409852e+03 4.634393e+03
3.1 4.454863e+03 4.384314e+03 4.420084e+03 4.490633e+03
4.1 4.323957e+03 4.210356e+03 4.418886e+03 4.532487e+03
5.1 4.292302e+03 4.336168e+03 4.404115e+03 4.360249e+03
6.1 3.993825e+03 4.032402e+03 4.389335e+03 4.350758e+03
7.1 3.712182e+03 4.000609e+03 4.381334e+03 4.092907e+03
8.1 4.100946e+03 4.071402e+03 4.389816e+03 4.419360e+03
9.1 4.160530e+03 4.377797e+03 4.410703e+03 4.193436e+03
10.1 3.698396e+03 3.749522e+03 4.416654e+03 4.365528e+03
11.1 4.321062e+03 4.355343e+03 4.405612e+03 4.371331e+03
12.1 4.272263e+03 4.487662e+03 4.392206e+03 4.176807e+03
13.1 4.246376e+03 4.203084e+03 4.384004e+03 4.427297e+03
14.1 4.200221e+03 4.376504e+03 4.390956e+03 4.214673e+03
15.1 4.174656e+03 4.243811e+03 4.411252e+03 4.342097e+03
16.1 4.232081e+03 4.372443e+03 4.417890e+03 4.277527e+03
17.1 4.261482e+03 4.450889e+03 4.406993e+03 4.217586e+03
18.1 4.336637e+03 4.331671e+03 4.394688e+03 4.399654e+03
19.1 3.724240e+03 3.957269e+03 4.399306e+03 4.166277e+03
20.1 4.369812e+03 4.321841e+03 4.415925e+03 4.463895e+03
21.1 4.632635e+03 4.444261e+03 4.417413e+03 4.605786e+03
0.1 3.993825e+03 4.032402e+03 4.389335e+03 4.350758e+03
1.1 3.712182e+03 4.000609e+03 4.381334e+03 4.092907e+03
2.1 4.100946e+03 4.071402e+03 4.389816e+03 4.419360e+03
3.1 4.160530e+03 4.377797e+03 4.410703e+03 4.193436e+03
4.1 3.698396e+03 3.749522e+03 4.416654e+03 4.365528e+03
5.1 4.321062e+03 4.355343e+03 4.405612e+03 4.371331e+03
6.1 4.272263e+03 4.487662e+03 4.392206e+03 4.176807e+03
7.1 4.246376e+03 4.203084e+03 4.384004e+03 4.427297e+03
8.1 4.200221e+03 4.376504e+03 4.390956e+03 4.214673e+03
9.1 4.174656e+03 4.243811e+03 4.411252e+03 4.342097e+03
10.1 4.232081e+03 4.372443e+03 4.417890e+03 4.277527e+03
11.1 4.261482e+03 4.450889e+03 4.406993e+03 4.217586e+03
12.1 4.336637e+03 4.331671e+03 4.394688e+03 4.399654e+03
13.1 3.724240e+03 3.957269e+03 4.399306e+03 4.166277e+03
14.1 4.369812e+03 4.321841e+03 4.415925e+03 4.463895e+03
15.1 4.632635e+03 4.444261e+03 4.417413e+03 4.605786e+03
16.1 4.543244e+03 4.405202e+03 4.408835e+03 4.546877e+03
17.1 4.666096e+03 4.473483e+03 4.414606e+03 4.607219e+03
18.1 4.648133e+03 4.482124e+03 4.423090e+03 4.589099e+03
19.1 4.305431e+03 4.178115e+03 4.414515e+03 4.541830e+03
20.1 4.297498e+03 4.195713e+03 4.398094e+03 4.499879e+03
21.1 4.310100e+03 4.181899e+03 4.385325e+03 4.513525e+03
0.1 4.272263e+03 4.487662e+03 4.392206e+03 4.176807e+03
1.1 4.246376e+03 4.203084e+03 4.384004e+03 4.427297e+03
2.1 4.200221e+03 4.376504e+03 4.390956e+03 4.214673e+03
3.1 4.174656e+03 4.243811e+03 4.411252e+03 4.342097e+03
4.1 4.232081e+03 4.372443e+03 4.417890e+03 4.277527e+03
5.1 4.261482e+03 4.450889e+03 4.406993e+03 4.217586e+03
6.1 4.336637e+03 4.331671e+03 4.394688e+03 4.399654e+03
7.1 3.724240e+03 3.957269e+03 4.399306e+03 4.166277e+03
8.1 4.369812e+03 4.321841e+03 4.415925e+03 4.463895e+03
9.1 4.632635e+03 4.444261e+03 4.417413e+03 4.605786e+03
10.1 4.543244e+03 4.405202e+03 4.408835e+03 4.546877e+03
11.1 4.666096e+03 4.473483e+03 4.414606e+03 4.607219e+03
12.1 4.648133e+03 4.482124e+03 4.423090e+03 4.589099e+03
13.1 4.305431e+03 4.178115e+03 4.414515e+03 4.541830e+03
14.1 4.297498e+03 4.195713e+03 4.398094e+03 4.499879e+03
15.1 4.310100e+03 4.181899e+03 4.385325e+03 4.513525e+03
16.1 3.696370e+03 3.472017e+03 4.382709e+03 4.607063e+03
17.1 4.044043e+03 3.854070e+03 4.399010e+03 4.588982e+03
18.1 4.062319e+03 3.919949e+03 4.416145e+03 4.558515e+03
19.1 4.230854e+03 4.039926e+03 4.413553e+03 4.604481e+03
20.1 4.137582e+03 4.136458e+03 4.409395e+03 4.410518e+03
21.1 3.890089e+03 3.872549e+03 4.419779e+03 4.437319e+03
0.2 4.261482e+03 4.450889e+03 4.406993e+03 4.217586e+03
1.2 4.336637e+03 4.331671e+03 4.394688e+03 4.399654e+03
2.2 3.724240e+03 3.957269e+03 4.399306e+03 4.166277e+03
3.2 4.369812e+03 4.321841e+03 4.415925e+03 4.463895e+03
4.2 4.632635e+03 4.444261e+03 4.417413e+03 4.605786e+03
5.2 4.543244e+03 4.405202e+03 4.408835e+03 4.546877e+03
6.2 4.666096e+03 4.473483e+03 4.414606e+03 4.607219e+03
7.2 4.648133e+03 4.482124e+03 4.423090e+03 4.589099e+03
8.2 4.305431e+03 4.178115e+03 4.414515e+03 4.541830e+03
9.2 4.297498e+03 4.195713e+03 4.398094e+03 4.499879e+03
10.2 4.310100e+03 4.181899e+03 4.385325e+03 4.513525e+03
11.2 3.696370e+03 3.472017e+03 4.382709e+03 4.607063e+03
12.2 4.044043e+03 3.854070e+03 4.399010e+03 4.588982e+03
13.2 4.062319e+03 3.919949e+03 4.416145e+03 4.558515e+03
14.2 4.230854e+03 4.039926e+03 4.413553e+03 4.604481e+03
15.2 4.137582e+03 4.136458e+03 4.409395e+03 4.410518e+03
16.2 3.890089e+03 3.872549e+03 4.419779e+03 4.437319e+03
17.2 4.044749e+03 4.046229e+03 4.422901e+03 4.421421e+03
18.2 3.997729e+03 4.061782e+03 4.411670e+03 4.347617e+03
19.2 3.940077e+03 4.063983e+03 4.410950e+03 4.287044e+03
20.2 3.964155e+03 4.013365e+03 4.421069e+03 4.371859e+03
21.2 4.033397e+03 4.013435e+03 4.417355e+03 4.437316e+03
0.6 4.632635e+03 4.444261e+03 4.417413e+03 4.605786e+03
1.6 4.543244e+03 4.405202e+03 4.408835e+03 4.546877e+03
2.6 4.666096e+03 4.473483e+03 4.414606e+03 4.607219e+03
3.6 4.648133e+03 4.482124e+03 4.423090e+03 4.589099e+03
4.6 4.305431e+03 4.178115e+03 4.414515e+03 4.541830e+03
5.6 4.297498e+03 4.195713e+03 4.398094e+03 4.499879e+03
6.6 4.310100e+03 4.181899e+03 4.385325e+03 4.513525e+03
7.6 3.696370e+03 3.472017e+03 4.382709e+03 4.607063e+03
8.6 4.044043e+03 3.854070e+03 4.399010e+03 4.588982e+03
9.6 4.062319e+03 3.919949e+03 4.416145e+03 4.558515e+03
10.6 4.230854e+03 4.039926e+03 4.413553e+03 4.604481e+03
11.6 4.137582e+03 4.136458e+03 4.409395e+03 4.410518e+03
12.6 3.890089e+03 3.872549e+03 4.419779e+03 4.437319e+03
13.6 4.044749e+03 4.046229e+03 4.422901e+03 4.421421e+03
14.6 3.997729e+03 4.061782e+03 4.411670e+03 4.347617e+03
15.6 3.940077e+03 4.063983e+03 4.410950e+03 4.287044e+03
16.6 3.964155e+03 4.013365e+03 4.421069e+03 4.371859e+03
17.6 4.033397e+03 4.013435e+03 4.417355e+03 4.437316e+03
18.6 3.937007e+03 3.777323e+03 4.407568e+03 4.567252e+03
19.6 3.822530e+03 3.875580e+03 4.413959e+03 4.360908e+03
20.6 3.946917e+03 3.909437e+03 4.421292e+03 4.458772e+03
21.6 4.076852e+03 3.999672e+03 4.411762e+03 4.488942e+03
0.5 4.310100e+03 4.181899e+03 4.385325e+03 4.513525e+03
1.5 3.696370e+03 3.472017e+03 4.382709e+03 4.607063e+03
2.5 4.044043e+03 3.854070e+03 4.399010e+03 4.588982e+03
3.5 4.062319e+03 3.919949e+03 4.416145e+03 4.558515e+03
4.5 4.230854e+03 4.039926e+03 4.413553e+03 4.604481e+03
5.5 4.137582e+03 4.136458e+03 4.409395e+03 4.410518e+03
6.5 3.890089e+03 3.872549e+03 4.419779e+03 4.437319e+03
7.5 4.044749e+03 4.046229e+03 4.422901e+03 4.421421e+03
8.5 3.997729e+03 4.061782e+03 4.411670e+03 4.347617e+03
9.5 3.940077e+03 4.063983e+03 4.410950e+03 4.287044e+03
10.5 3.964155e+03 4.013365e+03 4.421069e+03 4.371859e+03
11.5 4.033397e+03 4.013435e+03 4.417355e+03 4.437316e+03
12.5 3.937007e+03 3.777323e+03 4.407568e+03 4.567252e+03
13.5 3.822530e+03 3.875580e+03 4.413959e+03 4.360908e+03
14.5 3.946917e+03 3.909437e+03 4.421292e+03 4.458772e+03
15.5 4.076852e+03 3.999672e+03 4.411762e+03 4.488942e+03
16.5 3.908897e+03 3.869113e+03 4.396028e+03 4.435812e+03
17.5 3.844996e+03 3.999848e+03 4.392251e+03 4.237399e+03
18.5 4.028377e+03 3.999844e+03 4.407798e+03 4.436332e+03
19.5 3.991944e+03 3.906946e+03 4.417419e+03 4.502418e+03
20.5 3.970616e+03 4.000365e+03 4.409853e+03 4.380104e+03
21.5 3.833039e+03 3.911830e+03 4.409188e+03 4.330398e+03
0.9 4.230854e+03 4.039926e+03 4.413553e+03 4.604481e+03
1.9 4.137582e+03 4.136458e+03 4.409395e+03 4.410518e+03
2.9 3.890089e+03 3.872549e+03 4.419779e+03 4.437319e+03
3.9 4.044749e+03 4.046229e+03 4.422901e+03 4.421421e+03
4.9 3.997729e+03 4.061782e+03 4.411670e+03 4.347617e+03
5.9 3.940077e+03 4.063983e+03 4.410950e+03 4.287044e+03
6.9 3.964155e+03 4.013365e+03 4.421069e+03 4.371859e+03
7.9 4.033397e+03 4.013435e+03 4.417355e+03 4.437316e+03
8.9 3.937007e+03 3.777323e+03 4.407568e+03 4.567252e+03
9.9 3.822530e+03 3.875580e+03 4.413959e+03 4.360908e+03
10.9 3.946917e+03 3.909437e+03 4.421292e+03 4.458772e+03
11.9 4.076852e+03 3.999672e+03 4.411762e+03 4.488942e+03
12.9 3.908897e+03 3.869113e+03 4.396028e+03 4.435812e+03
13.9 3.844996e+03 3.999848e+03 4.392251e+03 4.237399e+03
14.9 4.028377e+03 3.999844e+03 4.407798e+03 4.436332e+03
15.9 3.991944e+03 3.906946e+03 4.417419e+03 4.502418e+03
16.9 3.970616e+03 4.000365e+03 4.409853e+03 4.380104e+03
17.9 3.833039e+03 3.911830e+03 4.409188e+03 4.330398e+03
18.9 3.763972e+03 3.851552e+03 4.420725e+03 4.333144e+03
19.9 3.809704e+03 3.844361e+03 4.419469e+03 4.384812e+03
20.9 3.808832e+03 3.835444e+03 4.404503e+03 4.377892e+03
21.9 3.761426e+03 3.806248e+03 4.392115e+03 4.347293e+03
0.3 4.044749e+03 4.046229e+03 4.422901e+03 4.421421e+03
1.3 3.997729e+03 4.061782e+03 4.411670e+03 4.347617e+03
2.3 3.940077e+03 4.063983e+03 4.410950e+03 4.287044e+03
3.3 3.964155e+03 4.013365e+03 4.421069e+03 4.371859e+03
4.3 4.033397e+03 4.013435e+03 4.417355e+03 4.437316e+03
5.3 3.937007e+03 3.777323e+03 4.407568e+03 4.567252e+03
6.3 3.822530e+03 3.875580e+03 4.413959e+03 4.360908e+03
7.3 3.946917e+03 3.909437e+03 4.421292e+03 4.458772e+03
8.3 4.076852e+03 3.999672e+03 4.411762e+03 4.488942e+03
9.3 3.908897e+03 3.869113e+03 4.396028e+03 4.435812e+03
10.3 3.844996e+03 3.999848e+03 4.392251e+03 4.237399e+03
11.3 4.028377e+03 3.999844e+03 4.407798e+03 4.436332e+03
12.3 3.991944e+03 3.906946e+03 4.417419e+03 4.502418e+03
13.3 3.970616e+03 4.000365e+03 4.409853e+03 4.380104e+03
14.3 3.833039e+03 3.911830e+03 4.409188e+03 4.330398e+03
15.3 3.763972e+03 3.851552e+03 4.420725e+03 4.333144e+03
16.3 3.809704e+03 3.844361e+03 4.419469e+03 4.384812e+03
17.3 3.808832e+03 3.835444e+03 4.404503e+03 4.377892e+03
18.3 3.761426e+03 3.806248e+03 4.392115e+03 4.347293e+03
19.3 3.813296e+03 3.869033e+03 4.399344e+03 4.343608e+03
20.3 3.975216e+03 3.974574e+03 4.415513e+03 4.416155e+03
21.3 4.038074e+03 4.022496e+03 4.414626e+03 4.430205e+03
0.7 4.033397e+03 4.013435e+03 4.417355e+03 4.437316e+03
1.7 3.937007e+03 3.777323e+03 4.407568e+03 4.567252e+03
2.7 3.822530e+03 3.875580e+03 4.413959e+03 4.360908e+03
3.7 3.946917e+03 3.909437e+03 4.421292e+03 4.458772e+03
4.7 4.076852e+03 3.999672e+03 4.411762e+03 4.488942e+03
5.7 3.908897e+03 3.869113e+03 4.396028e+03 4.435812e+03
6.7 3.844996e+03 3.999848e+03 4.392251e+03 4.237399e+03
7.7 4.028377e+03 3.999844e+03 4.407798e+03 4.436332e+03
8.7 3.991944e+03 3.906946e+03 4.417419e+03 4.502418e+03
9.7 3.970616e+03 4.000365e+03 4.409853e+03 4.380104e+03
10.7 3.833039e+03 3.911830e+03 4.409188e+03 4.330398e+03
11.7 3.763972e+03 3.851552e+03 4.420725e+03 4.333144e+03
12.7 3.809704e+03 3.844361e+03 4.419469e+03 4.384812e+03
13.7 3.808832e+03 3.835444e+03 4.404503e+03 4.377892e+03
14.7 3.761426e+03 3.806248e+03 4.392115e+03 4.347293e+03
15.7 3.813296e+03 3.869033e+03 4.399344e+03 4.343608e+03
16.7 3.975216e+03 3.974574e+03 4.415513e+03 4.416155e+03
17.7 4.038074e+03 4.022496e+03 4.414626e+03 4.430205e+03
18.7 4.073456e+03 4.028268e+03 4.401045e+03 4.446233e+03
19.7 3.989661e+03 4.033876e+03 4.388268e+03 4.344053e+03
20.7 3.826701e+03 3.827493e+03 4.382608e+03 4.381816e+03
21.7 3.575276e+03 3.670743e+03 4.394412e+03 4.298945e+03
0.8 3.908897e+03 3.869113e+03 4.396028e+03 4.435812e+03
1.8 3.844996e+03 3.999848e+03 4.392251e+03 4.237399e+03
2.8 4.028377e+03 3.999844e+03 4.407798e+03 4.436332e+03
3.8 3.991944e+03 3.906946e+03 4.417419e+03 4.502418e+03
4.8 3.970616e+03 4.000365e+03 4.409853e+03 4.380104e+03
5.8 3.833039e+03 3.911830e+03 4.409188e+03 4.330398e+03
6.8 3.763972e+03 3.851552e+03 4.420725e+03 4.333144e+03
7.8 3.809704e+03 3.844361e+03 4.419469e+03 4.384812e+03
8.8 3.808832e+03 3.835444e+03 4.404503e+03 4.377892e+03
9.8 3.761426e+03 3.806248e+03 4.392115e+03 4.347293e+03
10.8 3.813296e+03 3.869033e+03 4.399344e+03 4.343608e+03
11.8 3.975216e+03 3.974574e+03 4.415513e+03 4.416155e+03
12.8 4.038074e+03 4.022496e+03 4.414626e+03 4.430205e+03
13.8 4.073456e+03 4.028268e+03 4.401045e+03 4.446233e+03
14.8 3.989661e+03 4.033876e+03 4.388268e+03 4.344053e+03
15.8 3.826701e+03 3.827493e+03 4.382608e+03 4.381816e+03
16.8 3.575276e+03 3.670743e+03 4.394412e+03 4.298945e+03
17.8 4.120246e+03 4.008443e+03 4.414241e+03 4.526044e+03
18.8 4.093468e+03 4.032058e+03 4.416148e+03 4.477558e+03
19.8 3.957460e+03 3.943566e+03 4.403513e+03 4.417407e+03
20.8 3.835262e+03 3.870396e+03 4.390499e+03 4.355366e+03
21.8 3.785714e+03 3.868268e+03 4.384041e+03 4.301487e+03
0.2 3.991944e+03 3.906946e+03 4.417419e+03 4.502418e+03
1.2 3.970616e+03 4.000365e+03 4.409853e+03 4.380104e+03
2.2 3.833039e+03 3.911830e+03 4.409188e+03 4.330398e+03
3.2 3.763972e+03 3.851552e+03 4.420725e+03 4.333144e+03
4.2 3.809704e+03 3.844361e+03 4.419469e+03 4.384812e+03
5.2 3.808832e+03 3.835444e+03 4.404503e+03 4.377892e+03
6.2 3.761426e+03 3.806248e+03 4.392115e+03 4.347293e+03
7.2 3.813296e+03 3.869033e+03 4.399344e+03 4.343608e+03
8.2 3.975216e+03 3.974574e+03 4.415513e+03 4.416155e+03
9.2 4.038074e+03 4.022496e+03 4.414626e+03 4.430205e+03
10.2 4.073456e+03 4.028268e+03 4.401045e+03 4.446233e+03
11.2 3.989661e+03 4.033876e+03 4.388268e+03 4.344053e+03
12.2 3.826701e+03 3.827493e+03 4.382608e+03 4.381816e+03
13.2 3.575276e+03 3.670743e+03 4.394412e+03 4.298945e+03
14.2 4.120246e+03 4.008443e+03 4.414241e+03 4.526044e+03
15.2 4.093468e+03 4.032058e+03 4.416148e+03 4.477558e+03
16.2 3.957460e+03 3.943566e+03 4.403513e+03 4.417407e+03
17.2 3.835262e+03 3.870396e+03 4.390499e+03 4.355366e+03
18.2 3.785714e+03 3.868268e+03 4.384041e+03 4.301487e+03
19.2 3.796252e+03 3.881893e+03 4.394793e+03 4.309152e+03
20.2 3.634754e+03 3.691463e+03 4.414412e+03 4.357702e+03
21.2 3.816090e+03 3.858660e+03 4.416700e+03 4.374130e+03
0.4 3.808832e+03 3.835444e+03 4.404503e+03 4.377892e+03
1.4 3.761426e+03 3.806248e+03 4.392115e+03 4.347293e+03
2.4 3.813296e+03 3.869033e+03 4.399344e+03 4.343608e+03
3.4 3.975216e+03 3.974574e+03 4.415513e+03 4.416155e+03
4.4 4.038074e+03 4.022496e+03 4.414626e+03 4.430205e+03
5.4 4.073456e+03 4.028268e+03 4.401045e+03 4.446233e+03
6.4 3.989661e+03 4.033876e+03 4.388268e+03 4.344053e+03
7.4 3.826701e+03 3.827493e+03 4.382608e+03 4.381816e+03
8.4 3.575276e+03 3.670743e+03 4.394412e+03 4.298945e+03
9.4 4.120246e+03 4.008443e+03 4.414241e+03 4.526044e+03
10.4 4.093468e+03 4.032058e+03 4.416148e+03 4.477558e+03
11.4 3.957460e+03 3.943566e+03 4.403513e+03 4.417407e+03
12.4 3.835262e+03 3.870396e+03 4.390499e+03 4.355366e+03
13.4 3.785714e+03 3.868268e+03 4.384041e+03 4.301487e+03
14.4 3.796252e+03 3.881893e+03 4.394793e+03 4.309152e+03
15.4 3.634754e+03 3.691463e+03 4.414412e+03 4.357702e+03
16.4 3.816090e+03 3.858660e+03 4.416700e+03 4.374130e+03
17.4 4.034840e+03 3.955112e+03 4.409123e+03 4.488852e+03
18.4 4.079055e+03 3.940378e+03 4.415789e+03 4.554465e+03
19.4 3.972369e+03 3.913181e+03 4.423959e+03 4.483147e+03
20.4 3.909803e+03 3.790678e+03 4.415249e+03 4.534374e+03
21.4 3.808263e+03 3.867817e+03 4.408490e+03 4.348936e+03
0.3 3.989661e+03 4.033876e+03 4.388268e+03 4.344053e+03
1.3 3.826701e+03 3.827493e+03 4.382608e+03 4.381816e+03
2.3 3.575276e+03 3.670743e+03 4.394412e+03 4.298945e+03
3.3 4.120246e+03 4.008443e+03 4.414241e+03 4.526044e+03
4.3 4.093468e+03 4.032058e+03 4.416148e+03 4.477558e+03
5.3 3.957460e+03 3.943566e+03 4.403513e+03 4.417407e+03
6.3 3.835262e+03 3.870396e+03 4.390499e+03 4.355366e+03
7.3 3.785714e+03 3.868268e+03 4.384041e+03 4.301487e+03
8.3 3.796252e+03 3.881893e+03 4.394793e+03 4.309152e+03
9.3 3.634754e+03 3.691463e+03 4.414412e+03 4.357702e+03
10.3 3.816090e+03 3.858660e+03 4.416700e+03 4.374130e+03
11.3 4.034840e+03 3.955112e+03 4.409123e+03 4.488852e+03
12.3 4.079055e+03 3.940378e+03 4.415789e+03 4.554465e+03
13.3 3.972369e+03 3.913181e+03 4.423959e+03 4.483147e+03
14.3 3.909803e+03 3.790678e+03 4.415249e+03 4.534374e+03
15.3 3.808263e+03 3.867817e+03 4.408490e+03 4.348936e+03
16.3 3.867098e+03 3.847856e+03 4.417947e+03 4.437189e+03
17.3 3.806690e+03 3.633618e+03 4.420517e+03 4.593588e+03
18.3 3.741145e+03 3.744690e+03 4.407428e+03 4.403882e+03
19.3 3.692349e+03 3.782171e+03 4.392982e+03 4.303160e+03
20.3 3.654903e+03 3.684904e+03 4.395421e+03 4.365420e+03
21.3 3.693826e+03 3.777044e+03 4.412535e+03 4.329318e+03
0.3 3.835262e+03 3.870396e+03 4.390499e+03 4.355366e+03
1.3 3.785714e+03 3.868268e+03 4.384041e+03 4.301487e+03
2.3 3.796252e+03 3.881893e+03 4.394793e+03 4.309152e+03
3.3 3.634754e+03 3.691463e+03 4.414412e+03 4.357702e+03
4.3 3.816090e+03 3.858660e+03 4.416700e+03 4.374130e+03
5.3 4.034840e+03 3.955112e+03 4.409123e+03 4.488852e+03
6.3 4.079055e+03 3.940378e+03 4.415789e+03 4.554465e+03
7.3 3.972369e+03 3.913181e+03 4.423959e+03 4.483147e+03
8.3 3.909803e+03 3.790678e+03 4.415249e+03 4.534374e+03
9.3 3.808263e+03 3.867817e+03 4.408490e+03 4.348936e+03
10.3 3.867098e+03 3.847856e+03 4.417947e+03 4.437189e+03
11.3 3.806690e+03 3.633618e+03 4.420517e+03 4.593588e+03
12.3 3.741145e+03 3.744690e+03 4.407428e+03 4.403882e+03
13.3 3.692349e+03 3.782171e+03 4.392982e+03 4.303160e+03
14.3 3.654903e+03 3.684904e+03 4.395421e+03 4.365420e+03
15.3 3.693826e+03 3.777044e+03 4.412535e+03 4.329318e+03
16.3 3.963603e+03 4.058852e+03 4.416399e+03 4.321151e+03
17.3 3.890948e+03 4.020019e+03 4.404375e+03 4.275304e+03
18.3 3.831733e+03 3.964218e+03 4.390733e+03 4.258248e+03
19.3 3.838941e+03 3.893566e+03 4.382731e+03 4.328105e+03
20.3 3.820530e+03 3.853990e+03 4.390040e+03 4.356579e+03
21.3 3.778864e+03 3.860453e+03 4.410677e+03 4.329089e+03
0.6 3.816090e+03 3.858660e+03 4.416700e+03 4.374130e+03
1.6 4.034840e+03 3.955112e+03 4.409123e+03 4.488852e+03
2.6 4.079055e+03 3.940378e+03 4.415789e+03 4.554465e+03
3.6 3.972369e+03 3.913181e+03 4.423959e+03 4.483147e+03
4.6 3.909803e+03 3.790678e+03 4.415249e+03 4.534374e+03
5.6 3.808263e+03 3.867817e+03 4.408490e+03 4.348936e+03
6.6 3.867098e+03 3.847856e+03 4.417947e+03 4.437189e+03
7.6 3.806690e+03 3.633618e+03 4.420517e+03 4.593588e+03
8.6 3.741145e+03 3.744690e+03 4.407428e+03 4.403882e+03
9.6 3.692349e+03 3.782171e+03 4.392982e+03 4.303160e+03
10.6 3.654903e+03 3.684904e+03 4.395421e+03 4.365420e+03
11.6 3.693826e+03 3.777044e+03 4.412535e+03 4.329318e+03
12.6 3.963603e+03 4.058852e+03 4.416399e+03 4.321151e+03
13.6 3.890948e+03 4.020019e+03 4.404375e+03 4.275304e+03
14.6 3.831733e+03 3.964218e+03 4.390733e+03 4.258248e+03
15.6 3.838941e+03 3.893566e+03 4.382731e+03 4.328105e+03
16.6 3.820530e+03 3.853990e+03 4.390040e+03 4.356579e+03
17.6 3.778864e+03 3.860453e+03 4.410677e+03 4.329089e+03
18.6 3.832853e+03 3.832901e+03 4.417567e+03 4.417519e+03
19.6 3.834744e+03 3.870903e+03 4.406826e+03 4.370667e+03
20.6 3.770822e+03 3.776414e+03 4.393099e+03 4.387507e+03
21.6 3.797523e+03 3.830755e+03 4.384317e+03 4.351085e+03
1.0 3.909803e+03 3.790678e+03 4.415249e+03 4.534374e+03
2.0 3.808263e+03 3.867817e+03 4.408490e+03 4.348936e+03
3.0 3.867098e+03 3.847856e+03 4.417947e+03 4.437189e+03
4.0 3.806690e+03 3.633618e+03 4.420517e+03 4.593588e+03
5.0 3.741145e+03 3.744690e+03 4.407428e+03 4.403882e+03
6.0 3.692349e+03 3.782171e+03 4.392982e+03 4.303160e+03
7.0 3.654903e+03 3.684904e+03 4.395421e+03 4.365420e+03
8.0 3.693826e+03 3.777044e+03 4.412535e+03 4.329318e+03
9.0 3.963603e+03 4.058852e+03 4.416399e+03 4.321151e+03
10.0 3.890948e+03 4.020019e+03 4.404375e+03 4.275304e+03
11.0 3.831733e+03 3.964218e+03 4.390733e+03 4.258248e+03
12.0 3.838941e+03 3.893566e+03 4.382731e+03 4.328105e+03
13.0 3.820530e+03 3.853990e+03 4.390040e+03 4.356579e+03
14.0 3.778864e+03 3.860453e+03 4.410677e+03 4.329089e+03
15.0 3.832853e+03 3.832901e+03 4.417567e+03 4.417519e+03
16.0 3.834744e+03 3.870903e+03 4.406826e+03 4.370667e+03
17.0 3.770822e+03 3.776414e+03 4.393099e+03 4.387507e+03
18.0 3.797523e+03 3.830755e+03 4.384317e+03 4.351085e+03
19.0 3.846514e+03 3.860210e+03 4.390072e+03 4.376376e+03
20.0 3.858940e+03 3.854093e+03 4.410254e+03 4.415101e+03
21.0 3.914326e+03 3.890689e+03 4.418120e+03 4.441757e+03
22.0 3.932349e+03 3.909022e+03 4.407824e+03 4.431151e+03
0.1 3.741145e+03 3.744690e+03 4.407428e+03 4.403882e+03
1.1 3.692349e+03 3.782171e+03 4.392982e+03 4.303160e+03
2.1 3.654903e+03 3.684904e+03 4.395421e+03 4.365420e+03
3.1 3.693826e+03 3.777044e+03 4.412535e+03 4.329318e+03
4.1 3.963603e+03 4.058852e+03 4.416399e+03 4.321151e+03
5.1 3.890948e+03 4.020019e+03 4.404375e+03 4.275304e+03
6.1 3.831733e+03 3.964218e+03 4.390733e+03 4.258248e+03
7.1 3.838941e+03 3.893566e+03 4.382731e+03 4.328105e+03
8.1 3.820530e+03 3.853990e+03 4.390040e+03 4.356579e+03
9.1 3.778864e+03 3.860453e+03 4.410677e+03 4.329089e+03
10.1 3.832853e+03 3.832901e+03 4.417567e+03 4.417519e+03
11.1 3.834744e+03 3.870903e+03 4.406826e+03 4.370667e+03
12.1 3.770822e+03 3.776414e+03 4.393099e+03 4.387507e+03
13.1 3.797523e+03 3.830755e+03 4.384317e+03 4.351085e+03
14.1 3.846514e+03 3.860210e+03 4.390072e+03 4.376376e+03
15.1 3.858940e+03 3.854093e+03 4.410254e+03 4.415101e+03
16.1 3.914326e+03 3.890689e+03 4.418120e+03 4.441757e+03
17.1 3.932349e+03 3.909022e+03 4.407824e+03 4.431151e+03
18.1 3.882425e+03 3.906996e+03 4.393876e+03 4.369305e+03
19.1 3.752412e+03 3.775067e+03 4.384117e+03 4.361462e+03
20.1 3.688473e+03 3.676338e+03 4.378833e+03 4.390967e+03
21.1 3.627870e+03 3.624545e+03 4.376549e+03 4.379875e+03
0.1 3.831733e+03 3.964218e+03 4.390733e+03 4.258248e+03
1.1 3.838941e+03 3.893566e+03 4.382731e+03 4.328105e+03
2.1 3.820530e+03 3.853990e+03 4.390040e+03 4.356579e+03
3.1 3.778864e+03 3.860453e+03 4.410677e+03 4.329089e+03
4.1 3.832853e+03 3.832901e+03 4.417567e+03 4.417519e+03
5.1 3.834744e+03 3.870903e+03 4.406826e+03 4.370667e+03
6.1 3.770822e+03 3.776414e+03 4.393099e+03 4.387507e+03
7.1 3.797523e+03 3.830755e+03 4.384317e+03 4.351085e+03
8.1 3.846514e+03 3.860210e+03 4.390072e+03 4.376376e+03
9.1 3.858940e+03 3.854093e+03 4.410254e+03 4.415101e+03
10.1 3.914326e+03 3.890689e+03 4.418120e+03 4.441757e+03
11.1 3.932349e+03 3.909022e+03 4.407824e+03 4.431151e+03
12.1 3.882425e+03 3.906996e+03 4.393876e+03 4.369305e+03
13.1 3.752412e+03 3.775067e+03 4.384117e+03 4.361462e+03
14.1 3.688473e+03 3.676338e+03 4.378833e+03 4.390967e+03
15.1 3.627870e+03 3.624545e+03 4.376549e+03 4.379875e+03
16.1 3.603408e+03 3.606670e+03 4.376117e+03 4.372855e+03
17.1 3.554295e+03 3.584008e+03 4.378954e+03 4.349242e+03
18.1 3.592115e+03 3.594371e+03 4.395842e+03 4.393586e+03
19.1 3.669719e+03 3.655766e+03 4.417506e+03 4.431460e+03
20.1 3.590972e+03 3.673319e+03 4.419238e+03 4.336891e+03
21.1 3.834258e+03 3.793651e+03 4.405960e+03 4.446567e+03
1.0 3.797523e+03 3.830755e+03 4.384317e+03 4.351085e+03
2.0 3.846514e+03 3.860210e+03 4.390072e+03 4.376376e+03
3.0 3.858940e+03 3.854093e+03 4.410254e+03 4.415101e+03
4.0 3.914326e+03 3.890689e+03 4.418120e+03 4.441757e+03
5.0 3.932349e+03 3.909022e+03 4.407824e+03 4.431151e+03
6.0 3.882425e+03 3.906996e+03 4.393876e+03 4.369305e+03
7.0 3.752412e+03 3.775067e+03 4.384117e+03 4.361462e+03
8.0 3.688473e+03 3.676338e+03 4.378833e+03 4.390967e+03
9.0 3.627870e+03 3.624545e+03 4.376549e+03 4.379875e+03
10.0 3.603408e+03 3.606670e+03 4.376117e+03 4.372855e+03
11.0 3.554295e+03 3.584008e+03 4.378954e+03 4.349242e+03
12.0 3.592115e+03 3.594371e+03 4.395842e+03 4.393586e+03
13.0 3.669719e+03 3.655766e+03 4.417506e+03 4.431460e+03
14.0 3.590972e+03 3.673319e+03 4.419238e+03 4.336891e+03
15.0 3.834258e+03 3.793651e+03 4.405960e+03 4.446567e+03
16.0 3.830265e+03 3.783210e+03 4.396010e+03 4.443065e+03
17.0 3.780594e+03 3.733730e+03 4.405516e+03 4.452380e+03
18.0 3.768268e+03 3.725081e+03 4.419339e+03 4.462526e+03
19.0 3.760326e+03 3.741369e+03 4.414791e+03 4.433748e+03
20.0 3.745069e+03 3.707989e+03 4.400033e+03 4.437112e+03
21.0 3.742481e+03 3.684457e+03 4.393192e+03 4.451215e+03
22.0 3.726102e+03 3.650818e+03 4.406377e+03 4.481660e+03
0.3 3.603408e+03 3.606670e+03 4.376117e+03 4.372855e+03
1.3 3.554295e+03 3.584008e+03 4.378954e+03 4.349242e+03
2.3 3.592115e+03 3.594371e+03 4.395842e+03 4.393586e+03
3.3 3.669719e+03 3.655766e+03 4.417506e+03 4.431460e+03
4.3 3.590972e+03 3.673319e+03 4.419238e+03 4.336891e+03
5.3 3.834258e+03 3.793651e+03 4.405960e+03 4.446567e+03
6.3 3.830265e+03 3.783210e+03 4.396010e+03 4.443065e+03
7.3 3.780594e+03 3.733730e+03 4.405516e+03 4.452380e+03
8.3 3.768268e+03 3.725081e+03 4.419339e+03 4.462526e+03
9.3 3.760326e+03 3.741369e+03 4.414791e+03 4.433748e+03
10.3 3.745069e+03 3.707989e+03 4.400033e+03 4.437112e+03
11.3 3.742481e+03 3.684457e+03 4.393192e+03 4.451215e+03
12.3 3.726102e+03 3.650818e+03 4.406377e+03 4.481660e+03
13.3 3.728830e+03 3.668217e+03 4.418602e+03 4.479215e+03
14.3 3.746522e+03 3.714380e+03 4.411745e+03 4.443886e+03
15.3 3.729983e+03 3.738980e+03 4.397259e+03 4.388262e+03
16.3 3.941059e+03 3.947396e+03 4.393493e+03 4.387156e+03
17.3 4.003908e+03 3.959466e+03 4.408765e+03 4.453207e+03
18.3 4.055870e+03 3.956737e+03 4.418637e+03 4.517770e+03
19.3 4.020667e+03 3.965893e+03 4.409738e+03 4.464512e+03
20.3 4.001913e+03 3.955893e+03 4.395109e+03 4.441130e+03
21.3 4.032531e+03 4.017051e+03 4.384584e+03 4.400065e+03
0.5 3.834258e+03 3.793651e+03 4.405960e+03 4.446567e+03
1.5 3.830265e+03 3.783210e+03 4.396010e+03 4.443065e+03
2.5 3.780594e+03 3.733730e+03 4.405516e+03 4.452380e+03
3.5 3.768268e+03 3.725081e+03 4.419339e+03 4.462526e+03
4.5 3.760326e+03 3.741369e+03 4.414791e+03 4.433748e+03
5.5 3.745069e+03 3.707989e+03 4.400033e+03 4.437112e+03
6.5 3.742481e+03 3.684457e+03 4.393192e+03 4.451215e+03
7.5 3.726102e+03 3.650818e+03 4.406377e+03 4.481660e+03
8.5 3.728830e+03 3.668217e+03 4.418602e+03 4.479215e+03
9.5 3.746522e+03 3.714380e+03 4.411745e+03 4.443886e+03
10.5 3.729983e+03 3.738980e+03 4.397259e+03 4.388262e+03
11.5 3.941059e+03 3.947396e+03 4.393493e+03 4.387156e+03
12.5 4.003908e+03 3.959466e+03 4.408765e+03 4.453207e+03
13.5 4.055870e+03 3.956737e+03 4.418637e+03 4.517770e+03
14.5 4.020667e+03 3.965893e+03 4.409738e+03 4.464512e+03
15.5 4.001913e+03 3.955893e+03 4.395109e+03 4.441130e+03
16.5 4.032531e+03 4.017051e+03 4.384584e+03 4.400065e+03
17.5 3.977709e+03 3.936638e+03 4.386104e+03 4.427175e+03
18.5 4.011596e+03 3.882884e+03 4.405121e+03 4.533833e+03
19.5 4.104484e+03 3.910054e+03 4.417951e+03 4.612381e+03
20.5 3.938198e+03 3.856494e+03 4.411997e+03 4.493701e+03
21.5 3.861493e+03 3.798506e+03 4.411043e+03 4.474030e+03
0.7 3.745069e+03 3.707989e+03 4.400033e+03 4.437112e+03
1.7 3.742481e+03 3.684457e+03 4.393192e+03 4.451215e+03
2.7 3.726102e+03 3.650818e+03 4.406377e+03 4.481660e+03
3.7 3.728830e+03 3.668217e+03 4.418602e+03 4.479215e+03
4.7 3.746522e+03 3.714380e+03 4.411745e+03 4.443886e+03
5.7 3.729983e+03 3.738980e+03 4.397259e+03 4.388262e+03
6.7 3.941059e+03 3.947396e+03 4.393493e+03 4.387156e+03
7.7 4.003908e+03 3.959466e+03 4.408765e+03 4.453207e+03
8.7 4.055870e+03 3.956737e+03 4.418637e+03 4.517770e+03
9.7 4.020667e+03 3.965893e+03 4.409738e+03 4.464512e+03
10.7 4.001913e+03 3.955893e+03 4.395109e+03 4.441130e+03
11.7 4.032531e+03 4.017051e+03 4.384584e+03 4.400065e+03
12.7 3.977709e+03 3.936638e+03 4.386104e+03 4.427175e+03
13.7 4.011596e+03 3.882884e+03 4.405121e+03 4.533833e+03
14.7 4.104484e+03 3.910054e+03 4.417951e+03 4.612381e+03
15.7 3.938198e+03 3.856494e+03 4.411997e+03 4.493701e+03
16.7 3.861493e+03 3.798506e+03 4.411043e+03 4.474030e+03
17.7 3.945069e+03 3.902410e+03 4.422207e+03 4.464865e+03
18.7 3.923575e+03 3.951452e+03 4.420975e+03 4.393098e+03
19.7 3.710484e+03 3.813799e+03 4.405725e+03 4.302410e+03
20.7 3.720717e+03 3.787004e+03 4.390395e+03 4.324108e+03
21.7 3.845614e+03 3.887986e+03 4.381831e+03 4.339458e+03
0.8 3.729983e+03 3.738980e+03 4.397259e+03 4.388262e+03
1.8 3.941059e+03 3.947396e+03 4.393493e+03 4.387156e+03
2.8 4.003908e+03 3.959466e+03 4.408765e+03 4.453207e+03
3.8 4.055870e+03 3.956737e+03 4.418637e+03 4.517770e+03
4.8 4.020667e+03 3.965893e+03 4.409738e+03 4.464512e+03
5.8 4.001913e+03 3.955893e+03 4.395109e+03 4.441130e+03
6.8 4.032531e+03 4.017051e+03 4.384584e+03 4.400065e+03
7.8 3.977709e+03 3.936638e+03 4.386104e+03 4.427175e+03
8.8 4.011596e+03 3.882884e+03 4.405121e+03 4.533833e+03
9.8 4.104484e+03 3.910054e+03 4.417951e+03 4.612381e+03
10.8 3.938198e+03 3.856494e+03 4.411997e+03 4.493701e+03
11.8 3.861493e+03 3.798506e+03 4.411043e+03 4.474030e+03
12.8 3.945069e+03 3.902410e+03 4.422207e+03 4.464865e+03
13.8 3.923575e+03 3.951452e+03 4.420975e+03 4.393098e+03
14.8 3.710484e+03 3.813799e+03 4.405725e+03 4.302410e+03
15.8 3.720717e+03 3.787004e+03 4.390395e+03 4.324108e+03
16.8 3.845614e+03 3.887986e+03 4.381831e+03 4.339458e+03
17.8 3.775107e+03 3.819376e+03 4.389552e+03 4.345282e+03
18.8 3.708639e+03 3.836648e+03 4.410361e+03 4.282352e+03
19.8 3.653343e+03 3.714083e+03 4.416894e+03 4.356154e+03
20.8 3.777421e+03 3.848726e+03 4.409571e+03 4.338266e+03
21.8 3.780446e+03 3.868774e+03 4.414117e+03 4.325790e+03
0.8 4.032531e+03 4.017051e+03 4.384584e+03 4.400065e+03
1.8 3.977709e+03 3.936638e+03 4.386104e+03 4.427175e+03
2.8 4.011596e+03 3.882884e+03 4.405121e+03 4.533833e+03
3.8 4.104484e+03 3.910054e+03 4.417951e+03 4.612381e+03
4.8 3.938198e+03 3.856494e+03 4.411997e+03 4.493701e+03
5.8 3.861493e+03 3.798506e+03 4.411043e+03 4.474030e+03
6.8 3.945069e+03 3.902410e+03 4.422207e+03 4.464865e+03
7.8 3.923575e+03 3.951452e+03 4.420975e+03 4.393098e+03
8.8 3.710484e+03 3.813799e+03 4.405725e+03 4.302410e+03
9.8 3.720717e+03 3.787004e+03 4.390395e+03 4.324108e+03
10.8 3.845614e+03 3.887986e+03 4.381831e+03 4.339458e+03
11.8 3.775107e+03 3.819376e+03 4.389552e+03 4.345282e+03
12.8 3.708639e+03 3.836648e+03 4.410361e+03 4.282352e+03
13.8 3.653343e+03 3.714083e+03 4.416894e+03 4.356154e+03
14.8 3.777421e+03 3.848726e+03 4.409571e+03 4.338266e+03
15.8 3.780446e+03 3.868774e+03 4.414117e+03 4.325790e+03
16.8 3.704498e+03 3.824222e+03 4.423894e+03 4.304169e+03
17.8 3.746825e+03 3.769472e+03 4.416968e+03 4.394321e+03
18.8 3.922674e+03 3.791146e+03 4.400479e+03 4.532006e+03
19.8 3.921899e+03 3.808286e+03 4.392180e+03 4.505793e+03
20.8 3.765194e+03 3.724704e+03 4.404638e+03 4.445128e+03
21.8 3.880867e+03 3.771100e+03 4.417440e+03 4.527206e+03
0.1 4.104484e+03 3.910054e+03 4.417951e+03 4.612381e+03
1.1 3.938198e+03 3.856494e+03 4.411997e+03 4.493701e+03
2.1 3.861493e+03 3.798506e+03 4.411043e+03 4.474030e+03
3.1 3.945069e+03 3.902410e+03 4.422207e+03 4.464865e+03
4.1 3.923575e+03 3.951452e+03 4.420975e+03 4.393098e+03
5.1 3.710484e+03 3.813799e+03 4.405725e+03 4.302410e+03
6.1 3.720717e+03 3.787004e+03 4.390395e+03 4.324108e+03
7.1 3.845614e+03 3.887986e+03 4.381831e+03 4.339458e+03
8.1 3.775107e+03 3.819376e+03 4.389552e+03 4.345282e+03
9.1 3.708639e+03 3.836648e+03 4.410361e+03 4.282352e+03
10.1 3.653343e+03 3.714083e+03 4.416894e+03 4.356154e+03
11.1 3.777421e+03 3.848726e+03 4.409571e+03 4.338266e+03
12.1 3.780446e+03 3.868774e+03 4.414117e+03 4.325790e+03
13.1 3.704498e+03 3.824222e+03 4.423894e+03 4.304169e+03
14.1 3.746825e+03 3.769472e+03 4.416968e+03 4.394321e+03
15.1 3.922674e+03 3.791146e+03 4.400479e+03 4.532006e+03
16.1 3.921899e+03 3.808286e+03 4.392180e+03 4.505793e+03
17.1 3.765194e+03 3.724704e+03 4.404638e+03 4.445128e+03
18.1 3.880867e+03 3.771100e+03 4.417440e+03 4.527206e+03
19.1 3.955399e+03 3.835129e+03 4.411981e+03 4.532252e+03
20.1 3.825911e+03 3.824975e+03 4.408404e+03 4.409340e+03
21.1 3.711700e+03 3.750540e+03 4.419326e+03 4.380487e+03
0.1 3.720717e+03 3.787004e+03 4.390395e+03 4.324108e+03
1.1 3.845614e+03 3.887986e+03 4.381831e+03 4.339458e+03
2.1 3.775107e+03 3.819376e+03 4.389552e+03 4.345282e+03
3.1 3.708639e+03 3.836648e+03 4.410361e+03 4.282352e+03
4.1 3.653343e+03 3.714083e+03 4.416894e+03 4.356154e+03
5.1 3.777421e+03 3.848726e+03 4.409571e+03 4.338266e+03
6.1 3.780446e+03 3.868774e+03 4.414117e+03 4.325790e+03
7.1 3.704498e+03 3.824222e+03 4.423894e+03 4.304169e+03
8.1 3.746825e+03 3.769472e+03 4.416968e+03 4.394321e+03
9.1 3.922674e+03 3.791146e+03 4.400479e+03 4.532006e+03
10.1 3.921899e+03 3.808286e+03 4.392180e+03 4.505793e+03
11.1 3.765194e+03 3.724704e+03 4.404638e+03 4.445128e+03
12.1 3.880867e+03 3.771100e+03 4.417440e+03 4.527206e+03
13.1 3.955399e+03 3.835129e+03 4.411981e+03 4.532252e+03
14.1 3.825911e+03 3.824975e+03 4.408404e+03 4.409340e+03
15.1 3.711700e+03 3.750540e+03 4.419326e+03 4.380487e+03
16.1 3.735863e+03 3.772307e+03 4.421172e+03 4.384729e+03
17.1 3.652590e+03 3.759424e+03 4.410129e+03 4.303296e+03
18.1 3.568859e+03 3.727825e+03 4.411322e+03 4.252357e+03
19.1 3.597812e+03 3.738361e+03 4.421256e+03 4.280707e+03
20.1 3.672429e+03 3.750221e+03 4.416221e+03 4.338429e+03
21.1 3.704705e+03 3.802452e+03 4.407341e+03 4.309594e+03
0.5 3.653343e+03 3.714083e+03 4.416894e+03 4.356154e+03
1.5 3.777421e+03 3.848726e+03 4.409571e+03 4.338266e+03
2.5 3.780446e+03 3.868774e+03 4.414117e+03 4.325790e+03
3.5 3.704498e+03 3.824222e+03 4.423894e+03 4.304169e+03
4.5 3.746825e+03 3.769472e+03 4.416968e+03 4.394321e+03
5.5 3.922674e+03 3.791146e+03 4.400479e+03 4.532006e+03
6.5 3.921899e+03 3.808286e+03 4.392180e+03 4.505793e+03
7.5 3.765194e+03 3.724704e+03 4.404638e+03 4.445128e+03
8.5 3.880867e+03 3.771100e+03 4.417440e+03 4.527206e+03
9.5 3.955399e+03 3.835129e+03 4.411981e+03 4.532252e+03
10.5 3.825911e+03 3.824975e+03 4.408404e+03 4.409340e+03
11.5 3.711700e+03 3.750540e+03 4.419326e+03 4.380487e+03
12.5 3.735863e+03 3.772307e+03 4.421172e+03 4.384729e+03
13.5 3.652590e+03 3.759424e+03 4.410129e+03 4.303296e+03
14.5 3.568859e+03 3.727825e+03 4.411322e+03 4.252357e+03
15.5 3.597812e+03 3.738361e+03 4.421256e+03 4.280707e+03
16.5 3.672429e+03 3.750221e+03 4.416221e+03 4.338429e+03
17.5 3.704705e+03 3.802452e+03 4.407341e+03 4.309594e+03
18.5 3.665650e+03 3.756022e+03 4.414990e+03 4.324618e+03
19.5 3.704586e+03 3.772537e+03 4.421104e+03 4.353153e+03
20.5 3.726480e+03 3.762847e+03 4.410423e+03 4.374055e+03
21.5 3.809440e+03 3.827691e+03 4.394878e+03 4.376627e+03
0.6 3.922674e+03 3.791146e+03 4.400479e+03 4.532006e+03
1.6 3.921899e+03 3.808286e+03 4.392180e+03 4.505793e+03
2.6 3.765194e+03 3.724704e+03 4.404638e+03 4.445128e+03
3.6 3.880867e+03 3.771100e+03 4.417440e+03 4.527206e+03
4.6 3.955399e+03 3.835129e+03 4.411981e+03 4.532252e+03
5.6 3.825911e+03 3.824975e+03 4.408404e+03 4.409340e+03
6.6 3.711700e+03 3.750540e+03 4.419326e+03 4.380487e+03
7.6 3.735863e+03 3.772307e+03 4.421172e+03 4.384729e+03
8.6 3.652590e+03 3.759424e+03 4.410129e+03 4.303296e+03
9.6 3.568859e+03 3.727825e+03 4.411322e+03 4.252357e+03
10.6 3.597812e+03 3.738361e+03 4.421256e+03 4.280707e+03
11.6 3.672429e+03 3.750221e+03 4.416221e+03 4.338429e+03
12.6 3.704705e+03 3.802452e+03 4.407341e+03 4.309594e+03
13.6 3.665650e+03 3.756022e+03 4.414990e+03 4.324618e+03
14.6 3.704586e+03 3.772537e+03 4.421104e+03 4.353153e+03
15.6 3.726480e+03 3.762847e+03 4.410423e+03 4.374055e+03
16.6 3.809440e+03 3.827691e+03 4.394878e+03 4.376627e+03
17.6 3.833687e+03 3.856857e+03 4.392482e+03 4.369311e+03
18.6 3.813709e+03 3.772382e+03 4.408703e+03 4.450031e+03
19.6 3.910237e+03 3.830933e+03 4.417307e+03 4.496611e+03
20.6 3.949128e+03 3.921743e+03 4.407703e+03 4.435088e+03
21.6 3.815830e+03 3.811790e+03 4.394355e+03 4.398395e+03
1.0 3.955399e+03 3.835129e+03 4.411981e+03 4.532252e+03
2.0 3.825911e+03 3.824975e+03 4.408404e+03 4.409340e+03
3.0 3.711700e+03 3.750540e+03 4.419326e+03 4.380487e+03
4.0 3.735863e+03 3.772307e+03 4.421172e+03 4.384729e+03
5.0 3.652590e+03 3.759424e+03 4.410129e+03 4.303296e+03
6.0 3.568859e+03 3.727825e+03 4.411322e+03 4.252357e+03
7.0 3.597812e+03 3.738361e+03 4.421256e+03 4.280707e+03
8.0 3.672429e+03 3.750221e+03 4.416221e+03 4.338429e+03
9.0 3.704705e+03 3.802452e+03 4.407341e+03 4.309594e+03
10.0 3.665650e+03 3.756022e+03 4.414990e+03 4.324618e+03
11.0 3.704586e+03 3.772537e+03 4.421104e+03 4.353153e+03
12.0 3.726480e+03 3.762847e+03 4.410423e+03 4.374055e+03
13.0 3.809440e+03 3.827691e+03 4.394878e+03 4.376627e+03
14.0 3.833687e+03 3.856857e+03 4.392482e+03 4.369311e+03
15.0 3.813709e+03 3.772382e+03 4.408703e+03 4.450031e+03
16.0 3.910237e+03 3.830933e+03 4.417307e+03 4.496611e+03
17.0 3.949128e+03 3.921743e+03 4.407703e+03 4.435088e+03
18.0 3.815830e+03 3.811790e+03 4.394355e+03 4.398395e+03
19.0 3.804330e+03 3.814065e+03 4.396070e+03 4.386336e+03
20.0 3.758325e+03 3.759503e+03 4.413058e+03 4.411881e+03
21.0 3.700342e+03 3.779831e+03 4.417792e+03 4.338303e+03
22.0 3.696223e+03 3.827427e+03 4.405919e+03 4.274716e+03
0.4 3.735863e+03 3.772307e+03 4.421172e+03 4.384729e+03
1.4 3.652590e+03 3.759424e+03 4.410129e+03 4.303296e+03
2.4 3.568859e+03 3.727825e+03 4.411322e+03 4.252357e+03
3.4 3.597812e+03 3.738361e+03 4.421256e+03 4.280707e+03
4.4 3.672429e+03 3.750221e+03 4.416221e+03 4.338429e+03
5.4 3.704705e+03 3.802452e+03 4.407341e+03 4.309594e+03
6.4 3.665650e+03 3.756022e+03 4.414990e+03 4.324618e+03
7.4 3.704586e+03 3.772537e+03 4.421104e+03 4.353153e+03
8.4 3.726480e+03 3.762847e+03 4.410423e+03 4.374055e+03
9.4 3.809440e+03 3.827691e+03 4.394878e+03 4.376627e+03
10.4 3.833687e+03 3.856857e+03 4.392482e+03 4.369311e+03
11.4 3.813709e+03 3.772382e+03 4.408703e+03 4.450031e+03
12.4 3.910237e+03 3.830933e+03 4.417307e+03 4.496611e+03
13.4 3.949128e+03 3.921743e+03 4.407703e+03 4.435088e+03
14.4 3.815830e+03 3.811790e+03 4.394355e+03 4.398395e+03
15.4 3.804330e+03 3.814065e+03 4.396070e+03 4.386336e+03
16.4 3.758325e+03 3.759503e+03 4.413058e+03 4.411881e+03
17.4 3.700342e+03 3.779831e+03 4.417792e+03 4.338303e+03
18.4 3.696223e+03 3.827427e+03 4.405919e+03 4.274716e+03
19.4 3.691216e+03 3.785031e+03 4.391810e+03 4.297995e+03
20.4 3.690426e+03 3.731059e+03 4.383124e+03 4.342491e+03
21.4 3.736886e+03 3.754052e+03 4.389185e+03 4.372018e+03
0.7 3.672429e+03 3.750221e+03 4.416221e+03 4.338429e+03
1.7 3.704705e+03 3.802452e+03 4.407341e+03 4.309594e+03
2.7 3.665650e+03 3.756022e+03 4.414990e+03 4.324618e+03
3.7 3.704586e+03 3.772537e+03 4.421104e+03 4.353153e+03
4.7 3.726480e+03 3.762847e+03 4.410423e+03 4.374055e+03
5.7 3.809440e+03 3.827691e+03 4.394878e+03 4.376627e+03
6.7 3.833687e+03 3.856857e+03 4.392482e+03 4.369311e+03
7.7 3.813709e+03 3.772382e+03 4.408703e+03 4.450031e+03
8.7 3.910237e+03 3.830933e+03 4.417307e+03 4.496611e+03
9.7 3.949128e+03 3.921743e+03 4.407703e+03 4.435088e+03
10.7 3.815830e+03 3.811790e+03 4.394355e+03 4.398395e+03
11.7 3.804330e+03 3.814065e+03 4.396070e+03 4.386336e+03
12.7 3.758325e+03 3.759503e+03 4.413058e+03 4.411881e+03
13.7 3.700342e+03 3.779831e+03 4.417792e+03 4.338303e+03
14.7 3.696223e+03 3.827427e+03 4.405919e+03 4.274716e+03
15.7 3.691216e+03 3.785031e+03 4.391810e+03 4.297995e+03
16.7 3.690426e+03 3.731059e+03 4.383124e+03 4.342491e+03
17.7 3.736886e+03 3.754052e+03 4.389185e+03 4.372018e+03
18.7 3.757286e+03 3.730537e+03 4.409684e+03 4.436433e+03
19.7 3.839721e+03 3.789406e+03 4.417794e+03 4.468109e+03
20.7 3.829100e+03 3.812879e+03 4.407653e+03 4.423874e+03
21.7 3.815906e+03 3.787742e+03 4.395002e+03 4.423166e+03
0.9 3.809440e+03 3.827691e+03 4.394878e+03 4.376627e+03
1.9 3.833687e+03 3.856857e+03 4.392482e+03 4.369311e+03
2.9 3.813709e+03 3.772382e+03 4.408703e+03 4.450031e+03
3.9 3.910237e+03 3.830933e+03 4.417307e+03 4.496611e+03
4.9 3.949128e+03 3.921743e+03 4.407703e+03 4.435088e+03
5.9 3.815830e+03 3.811790e+03 4.394355e+03 4.398395e+03
6.9 3.804330e+03 3.814065e+03 4.396070e+03 4.386336e+03
7.9 3.758325e+03 3.759503e+03 4.413058e+03 4.411881e+03
8.9 3.700342e+03 3.779831e+03 4.417792e+03 4.338303e+03
9.9 3.696223e+03 3.827427e+03 4.405919e+03 4.274716e+03
10.9 3.691216e+03 3.785031e+03 4.391810e+03 4.297995e+03
11.9 3.690426e+03 3.731059e+03 4.383124e+03 4.342491e+03
12.9 3.736886e+03 3.754052e+03 4.389185e+03 4.372018e+03
13.9 3.757286e+03 3.730537e+03 4.409684e+03 4.436433e+03
14.9 3.839721e+03 3.789406e+03 4.417794e+03 4.468109e+03
15.9 3.829100e+03 3.812879e+03 4.407653e+03 4.423874e+03
16.9 3.815906e+03 3.787742e+03 4.395002e+03 4.423166e+03
17.9 3.804857e+03 3.759758e+03 4.398441e+03 4.443540e+03
18.9 3.772863e+03 3.704709e+03 4.415187e+03 4.483340e+03
19.9 3.877259e+03 3.801007e+03 4.417848e+03 4.494101e+03
20.9 3.958608e+03 3.932896e+03 4.409059e+03 4.434770e+03
21.9 3.963601e+03 3.989417e+03 4.413901e+03 4.388086e+03
0.1 3.949128e+03 3.921743e+03 4.407703e+03 4.435088e+03
1.1 3.815830e+03 3.811790e+03 4.394355e+03 4.398395e+03
2.1 3.804330e+03 3.814065e+03 4.396070e+03 4.386336e+03
3.1 3.758325e+03 3.759503e+03 4.413058e+03 4.411881e+03
4.1 3.700342e+03 3.779831e+03 4.417792e+03 4.338303e+03
5.1 3.696223e+03 3.827427e+03 4.405919e+03 4.274716e+03
6.1 3.691216e+03 3.785031e+03 4.391810e+03 4.297995e+03
7.1 3.690426e+03 3.731059e+03 4.383124e+03 4.342491e+03
8.1 3.736886e+03 3.754052e+03 4.389185e+03 4.372018e+03
9.1 3.757286e+03 3.730537e+03 4.409684e+03 4.436433e+03
10.1 3.839721e+03 3.789406e+03 4.417794e+03 4.468109e+03
11.1 3.829100e+03 3.812879e+03 4.407653e+03 4.423874e+03
12.1 3.815906e+03 3.787742e+03 4.395002e+03 4.423166e+03
13.1 3.804857e+03 3.759758e+03 4.398441e+03 4.443540e+03
14.1 3.772863e+03 3.704709e+03 4.415187e+03 4.483340e+03
15.1 3.877259e+03 3.801007e+03 4.417848e+03 4.494101e+03
16.1 3.958608e+03 3.932896e+03 4.409059e+03 4.434770e+03
17.1 3.963601e+03 3.989417e+03 4.413901e+03 4.388086e+03
18.1 3.835222e+03 3.726036e+03 4.423036e+03 4.532222e+03
19.1 3.968772e+03 3.876460e+03 4.415723e+03 4.508035e+03
20.1 3.953038e+03 3.850113e+03 4.408345e+03 4.511269e+03
21.1 3.811686e+03 3.797899e+03 4.417307e+03 4.431095e+03
1.0 3.690426e+03 3.731059e+03 4.383124e+03 4.342491e+03
2.0 3.736886e+03 3.754052e+03 4.389185e+03 4.372018e+03
3.0 3.757286e+03 3.730537e+03 4.409684e+03 4.436433e+03
4.0 3.839721e+03 3.789406e+03 4.417794e+03 4.468109e+03
5.0 3.829100e+03 3.812879e+03 4.407653e+03 4.423874e+03
6.0 3.815906e+03 3.787742e+03 4.395002e+03 4.423166e+03
7.0 3.804857e+03 3.759758e+03 4.398441e+03 4.443540e+03
8.0 3.772863e+03 3.704709e+03 4.415187e+03 4.483340e+03
9.0 3.877259e+03 3.801007e+03 4.417848e+03 4.494101e+03
10.0 3.958608e+03 3.932896e+03 4.409059e+03 4.434770e+03
11.0 3.963601e+03 3.989417e+03 4.413901e+03 4.388086e+03
12.0 3.835222e+03 3.726036e+03 4.423036e+03 4.532222e+03
13.0 3.968772e+03 3.876460e+03 4.415723e+03 4.508035e+03
14.0 3.953038e+03 3.850113e+03 4.408345e+03 4.511269e+03
15.0 3.811686e+03 3.797899e+03 4.417307e+03 4.431095e+03
16.0 3.839682e+03 3.796264e+03 4.420842e+03 4.464260e+03
17.0 3.838396e+03 3.815116e+03 4.408314e+03 4.431594e+03
18.0 3.752241e+03 3.772704e+03 4.392617e+03 4.372154e+03
19.0 3.722546e+03 3.762626e+03 4.382033e+03 4.341952e+03
0.2 3.829100e+03 3.812879e+03 4.407653e+03 4.423874e+03
1.2 3.815906e+03 3.787742e+03 4.395002e+03 4.423166e+03
2.2 3.804857e+03 3.759758e+03 4.398441e+03 4.443540e+03
3.2 3.772863e+03 3.704709e+03 4.415187e+03 4.483340e+03
4.2 3.877259e+03 3.801007e+03 4.417848e+03 4.494101e+03
5.2 3.958608e+03 3.932896e+03 4.409059e+03 4.434770e+03
6.2 3.963601e+03 3.989417e+03 4.413901e+03 4.388086e+03
7.2 3.835222e+03 3.726036e+03 4.423036e+03 4.532222e+03
8.2 3.968772e+03 3.876460e+03 4.415723e+03 4.508035e+03
9.2 3.953038e+03 3.850113e+03 4.408345e+03 4.511269e+03
10.2 3.811686e+03 3.797899e+03 4.417307e+03 4.431095e+03
11.2 3.839682e+03 3.796264e+03 4.420842e+03 4.464260e+03
12.2 3.838396e+03 3.815116e+03 4.408314e+03 4.431594e+03
13.2 3.752241e+03 3.772704e+03 4.392617e+03 4.372154e+03
14.2 3.722546e+03 3.762626e+03 4.382033e+03 4.341952e+03
0.5 3.877259e+03 3.801007e+03 4.417848e+03 4.494101e+03
1.5 3.958608e+03 3.932896e+03 4.409059e+03 4.434770e+03
2.5 3.963601e+03 3.989417e+03 4.413901e+03 4.388086e+03
3.5 3.835222e+03 3.726036e+03 4.423036e+03 4.532222e+03
4.5 3.968772e+03 3.876460e+03 4.415723e+03 4.508035e+03
5.5 3.953038e+03 3.850113e+03 4.408345e+03 4.511269e+03
6.5 3.811686e+03 3.797899e+03 4.417307e+03 4.431095e+03
7.5 3.839682e+03 3.796264e+03 4.420842e+03 4.464260e+03
8.5 3.838396e+03 3.815116e+03 4.408314e+03 4.431594e+03
9.5 3.752241e+03 3.772704e+03 4.392617e+03 4.372154e+03
10.5 3.722546e+03 3.762626e+03 4.382033e+03 4.341952e+03
0.9 3.968772e+03 3.876460e+03 4.415723e+03 4.508035e+03
1.9 3.953038e+03 3.850113e+03 4.408345e+03 4.511269e+03
2.9 3.811686e+03 3.797899e+03 4.417307e+03 4.431095e+03
3.9 3.839682e+03 3.796264e+03 4.420842e+03 4.464260e+03
4.9 3.838396e+03 3.815116e+03 4.408314e+03 4.431594e+03
5.9 3.752241e+03 3.772704e+03 4.392617e+03 4.372154e+03
6.9 3.722546e+03 3.762626e+03 4.382033e+03 4.341952e+03
