0.2 6.555444e+03 6.419681e+03 6.051889e+03 6.187651e+03
1.2 6.445777e+03 6.435677e+03 6.054474e+03 6.064574e+03
2.2 6.309181e+03 6.384543e+03 6.080514e+03 6.005152e+03
3.2 6.353445e+03 6.509153e+03 6.122314e+03 5.966606e+03
4.2 6.482935e+03 6.551587e+03 6.130456e+03 6.061804e+03
5.2 6.433335e+03 6.551613e+03 6.106231e+03 5.987953e+03
6.2 6.520046e+03 6.580930e+03 6.078557e+03 6.017673e+03
7.2 6.470013e+03 6.405628e+03 6.062148e+03 6.126533e+03
8.2 6.471525e+03 6.562724e+03 6.077141e+03 5.985942e+03
9.2 6.459644e+03 6.471555e+03 6.114820e+03 6.102909e+03
10.2 6.671977e+03 6.544704e+03 6.123394e+03 6.250666e+03
11.2 6.747131e+03 6.614191e+03 6.100757e+03 6.233697e+03
12.2 6.810277e+03 6.567335e+03 6.074687e+03 6.317629e+03
13.2 6.678724e+03 6.420205e+03 6.059409e+03 6.317927e+03
14.2 6.524432e+03 6.520751e+03 6.074539e+03 6.078220e+03
15.2 6.432106e+03 6.428862e+03 6.114815e+03 6.118060e+03
16.2 6.668679e+03 6.654188e+03 6.128486e+03 6.142977e+03
17.2 6.629363e+03 6.605875e+03 6.106852e+03 6.130340e+03
18.2 6.654948e+03 6.640215e+03 6.078794e+03 6.093527e+03
19.2 6.593536e+03 6.521056e+03 6.060401e+03 6.132881e+03
20.2 6.483269e+03 6.491293e+03 6.069681e+03 6.061657e+03
21.2 6.572583e+03 6.535911e+03 6.107830e+03 6.144502e+03
0.1 6.520046e+03 6.580930e+03 6.078557e+03 6.017673e+03
1.1 6.470013e+03 6.405628e+03 6.062148e+03 6.126533e+03
2.1 6.471525e+03 6.562724e+03 6.077141e+03 5.985942e+03
3.1 6.459644e+03 6.471555e+03 6.114820e+03 6.102909e+03
4.1 6.671977e+03 6.544704e+03 6.123394e+03 6.250666e+03
5.1 6.747131e+03 6.614191e+03 6.100757e+03 6.233697e+03
6.1 6.810277e+03 6.567335e+03 6.074687e+03 6.317629e+03
7.1 6.678724e+03 6.420205e+03 6.059409e+03 6.317927e+03
8.1 6.524432e+03 6.520751e+03 6.074539e+03 6.078220e+03
9.1 6.432106e+03 6.428862e+03 6.114815e+03 6.118060e+03
10.1 6.668679e+03 6.654188e+03 6.128486e+03 6.142977e+03
11.1 6.629363e+03 6.605875e+03 6.106852e+03 6.130340e+03
12.1 6.654948e+03 6.640215e+03 6.078794e+03 6.093527e+03
13.1 6.593536e+03 6.521056e+03 6.060401e+03 6.132881e+03
14.1 6.483269e+03 6.491293e+03 6.069681e+03 6.061657e+03
15.1 6.572583e+03 6.535911e+03 6.107830e+03 6.144502e+03
16.1 6.679487e+03 6.641946e+03 6.124005e+03 6.161547e+03
17.1 6.581119e+03 6.637220e+03 6.109728e+03 6.053628e+03
18.1 6.479465e+03 6.657044e+03 6.114349e+03 5.936770e+03
19.1 6.476477e+03 6.675938e+03 6.134579e+03 5.935118e+03
20.1 6.561291e+03 6.633668e+03 6.125336e+03 6.052959e+03
21.1 6.604776e+03 6.764060e+03 6.106688e+03 5.947404e+03
0.1 6.810277e+03 6.567335e+03 6.074687e+03 6.317629e+03
1.1 6.678724e+03 6.420205e+03 6.059409e+03 6.317927e+03
2.1 6.524432e+03 6.520751e+03 6.074539e+03 6.078220e+03
3.1 6.432106e+03 6.428862e+03 6.114815e+03 6.118060e+03
4.1 6.668679e+03 6.654188e+03 6.128486e+03 6.142977e+03
5.1 6.629363e+03 6.605875e+03 6.106852e+03 6.130340e+03
6.1 6.654948e+03 6.640215e+03 6.078794e+03 6.093527e+03
7.1 6.593536e+03 6.521056e+03 6.060401e+03 6.132881e+03
8.1 6.483269e+03 6.491293e+03 6.069681e+03 6.061657e+03
9.1 6.572583e+03 6.535911e+03 6.107830e+03 6.144502e+03
10.1 6.679487e+03 6.641946e+03 6.124005e+03 6.161547e+03
11.1 6.581119e+03 6.637220e+03 6.109728e+03 6.053628e+03
12.1 6.479465e+03 6.657044e+03 6.114349e+03 5.936770e+03
13.1 6.476477e+03 6.675938e+03 6.134579e+03 5.935118e+03
14.1 6.561291e+03 6.633668e+03 6.125336e+03 6.052959e+03
15.1 6.604776e+03 6.764060e+03 6.106688e+03 5.947404e+03
16.1 6.551593e+03 6.675668e+03 6.119487e+03 5.995412e+03
17.1 6.648207e+03 6.663705e+03 6.131184e+03 6.115685e+03
18.1 6.676203e+03 6.722196e+03 6.113022e+03 6.067030e+03
19.1 6.706361e+03 6.632362e+03 6.106512e+03 6.180511e+03
20.1 6.630321e+03 6.680713e+03 6.126563e+03 6.076171e+03
21.1 6.598138e+03 6.719056e+03 6.125675e+03 6.004757e+03
1.0 6.593536e+03 6.521056e+03 6.060401e+03 6.132881e+03
2.0 6.483269e+03 6.491293e+03 6.069681e+03 6.061657e+03
3.0 6.572583e+03 6.535911e+03 6.107830e+03 6.144502e+03
4.0 6.679487e+03 6.641946e+03 6.124005e+03 6.161547e+03
5.0 6.581119e+03 6.637220e+03 6.109728e+03 6.053628e+03
6.0 6.479465e+03 6.657044e+03 6.114349e+03 5.936770e+03
7.0 6.476477e+03 6.675938e+03 6.134579e+03 5.935118e+03
8.0 6.561291e+03 6.633668e+03 6.125336e+03 6.052959e+03
9.0 6.604776e+03 6.764060e+03 6.106688e+03 5.947404e+03
10.0 6.551593e+03 6.675668e+03 6.119487e+03 5.995412e+03
11.0 6.648207e+03 6.663705e+03 6.131184e+03 6.115685e+03
12.0 6.676203e+03 6.722196e+03 6.113022e+03 6.067030e+03
13.0 6.706361e+03 6.632362e+03 6.106512e+03 6.180511e+03
14.0 6.630321e+03 6.680713e+03 6.126563e+03 6.076171e+03
15.0 6.598138e+03 6.719056e+03 6.125675e+03 6.004757e+03
16.0 6.681889e+03 6.653067e+03 6.098049e+03 6.126871e+03
17.0 6.714229e+03 6.661275e+03 6.073235e+03 6.126189e+03
18.0 6.617833e+03 6.632976e+03 6.084345e+03 6.069201e+03
19.0 6.712085e+03 6.594960e+03 6.116808e+03 6.233932e+03
20.0 6.778509e+03 6.776056e+03 6.118761e+03 6.121214e+03
21.0 6.727433e+03 6.711742e+03 6.093919e+03 6.109610e+03
22.0 6.663500e+03 6.683781e+03 6.075036e+03 6.054755e+03
0.4 6.679487e+03 6.641946e+03 6.124005e+03 6.161547e+03
1.4 6.581119e+03 6.637220e+03 6.109728e+03 6.053628e+03
2.4 6.479465e+03 6.657044e+03 6.114349e+03 5.936770e+03
3.4 6.476477e+03 6.675938e+03 6.134579e+03 5.935118e+03
4.4 6.561291e+03 6.633668e+03 6.125336e+03 6.052959e+03
5.4 6.604776e+03 6.764060e+03 6.106688e+03 5.947404e+03
6.4 6.551593e+03 6.675668e+03 6.119487e+03 5.995412e+03
7.3 6.648207e+03 6.663705e+03 6.131184e+03 6.115685e+03
8.3 6.676203e+03 6.722196e+03 6.113022e+03 6.067030e+03
9.3 6.706361e+03 6.632362e+03 6.106512e+03 6.180511e+03
10.3 6.630321e+03 6.680713e+03 6.126563e+03 6.076171e+03
11.3 6.598138e+03 6.719056e+03 6.125675e+03 6.004757e+03
12.3 6.681889e+03 6.653067e+03 6.098049e+03 6.126871e+03
13.3 6.714229e+03 6.661275e+03 6.073235e+03 6.126189e+03
14.3 6.617833e+03 6.632976e+03 6.084345e+03 6.069201e+03
15.3 6.712085e+03 6.594960e+03 6.116808e+03 6.233932e+03
16.3 6.778509e+03 6.776056e+03 6.118761e+03 6.121214e+03
17.3 6.727433e+03 6.711742e+03 6.093919e+03 6.109610e+03
18.3 6.663500e+03 6.683781e+03 6.075036e+03 6.054755e+03
19.3 6.667390e+03 6.664259e+03 6.093264e+03 6.096395e+03
20.3 6.720924e+03 6.760532e+03 6.122765e+03 6.083157e+03
21.3 6.810721e+03 6.722665e+03 6.117845e+03 6.205901e+03
0.7 6.561291e+03 6.633668e+03 6.125336e+03 6.052959e+03
1.7 6.604776e+03 6.764060e+03 6.106688e+03 5.947404e+03
2.7 6.551593e+03 6.675668e+03 6.119487e+03 5.995412e+03
3.7 6.648207e+03 6.663705e+03 6.131184e+03 6.115685e+03
4.7 6.676203e+03 6.722196e+03 6.113022e+03 6.067030e+03
5.7 6.706361e+03 6.632362e+03 6.106512e+03 6.180511e+03
6.7 6.630321e+03 6.680713e+03 6.126563e+03 6.076171e+03
7.7 6.598138e+03 6.719056e+03 6.125675e+03 6.004757e+03
8.7 6.681889e+03 6.653067e+03 6.098049e+03 6.126871e+03
9.7 6.714229e+03 6.661275e+03 6.073235e+03 6.126189e+03
10.7 6.617833e+03 6.632976e+03 6.084345e+03 6.069201e+03
11.7 6.712085e+03 6.594960e+03 6.116808e+03 6.233932e+03
12.7 6.778509e+03 6.776056e+03 6.118761e+03 6.121214e+03
13.7 6.727433e+03 6.711742e+03 6.093919e+03 6.109610e+03
14.7 6.663500e+03 6.683781e+03 6.075036e+03 6.054755e+03
15.7 6.667390e+03 6.664259e+03 6.093264e+03 6.096395e+03
16.7 6.720924e+03 6.760532e+03 6.122765e+03 6.083157e+03
17.7 6.810721e+03 6.722665e+03 6.117845e+03 6.205901e+03
18.7 6.748187e+03 6.799115e+03 6.105387e+03 6.054459e+03
19.7 6.721771e+03 6.756807e+03 6.122678e+03 6.087642e+03
20.7 6.701271e+03 6.771970e+03 6.132712e+03 6.062013e+03
21.7 6.697037e+03 6.868474e+03 6.110338e+03 5.938902e+03
0.1 6.648207e+03 6.663705e+03 6.131184e+03 6.115685e+03
1.1 6.676203e+03 6.722196e+03 6.113022e+03 6.067030e+03
2.1 6.706361e+03 6.632362e+03 6.106512e+03 6.180511e+03
3.1 6.630321e+03 6.680713e+03 6.126563e+03 6.076171e+03
4.1 6.598138e+03 6.719056e+03 6.125675e+03 6.004757e+03
5.1 6.681889e+03 6.653067e+03 6.098049e+03 6.126871e+03
6.1 6.714229e+03 6.661275e+03 6.073235e+03 6.126189e+03
7.1 6.617833e+03 6.632976e+03 6.084345e+03 6.069201e+03
8.1 6.712085e+03 6.594960e+03 6.116808e+03 6.233932e+03
9.1 6.778509e+03 6.776056e+03 6.118761e+03 6.121214e+03
10.1 6.727433e+03 6.711742e+03 6.093919e+03 6.109610e+03
11.1 6.663500e+03 6.683781e+03 6.075036e+03 6.054755e+03
12.1 6.667390e+03 6.664259e+03 6.093264e+03 6.096395e+03
13.1 6.720924e+03 6.760532e+03 6.122765e+03 6.083157e+03
14.1 6.810721e+03 6.722665e+03 6.117845e+03 6.205901e+03
15.1 6.748187e+03 6.799115e+03 6.105387e+03 6.054459e+03
16.1 6.721771e+03 6.756807e+03 6.122678e+03 6.087642e+03
17.1 6.701271e+03 6.771970e+03 6.132712e+03 6.062013e+03
18.1 6.697037e+03 6.868474e+03 6.110338e+03 5.938902e+03
19.1 6.791362e+03 6.773663e+03 6.080419e+03 6.098117e+03
20.1 6.741875e+03 6.694778e+03 6.078402e+03 6.125499e+03
21.1 6.740266e+03 6.704825e+03 6.109846e+03 6.145287e+03
0.3 6.681889e+03 6.653067e+03 6.098049e+03 6.126871e+03
1.3 6.714229e+03 6.661275e+03 6.073235e+03 6.126189e+03
2.3 6.617833e+03 6.632976e+03 6.084345e+03 6.069201e+03
3.3 6.712085e+03 6.594960e+03 6.116808e+03 6.233932e+03
4.3 6.778509e+03 6.776056e+03 6.118761e+03 6.121214e+03
5.3 6.727433e+03 6.711742e+03 6.093919e+03 6.109610e+03
6.3 6.663500e+03 6.683781e+03 6.075036e+03 6.054755e+03
7.3 6.667390e+03 6.664259e+03 6.093264e+03 6.096395e+03
8.3 6.720924e+03 6.760532e+03 6.122765e+03 6.083157e+03
9.3 6.810721e+03 6.722665e+03 6.117845e+03 6.205901e+03
10.3 6.748187e+03 6.799115e+03 6.105387e+03 6.054459e+03
11.3 6.721771e+03 6.756807e+03 6.122678e+03 6.087642e+03
12.3 6.701271e+03 6.771970e+03 6.132712e+03 6.062013e+03
13.3 6.697037e+03 6.868474e+03 6.110338e+03 5.938902e+03
14.3 6.791362e+03 6.773663e+03 6.080419e+03 6.098117e+03
15.3 6.741875e+03 6.694778e+03 6.078402e+03 6.125499e+03
16.3 6.740266e+03 6.704825e+03 6.109846e+03 6.145287e+03
17.3 6.804484e+03 6.765313e+03 6.122591e+03 6.161763e+03
18.3 6.925992e+03 6.796715e+03 6.102101e+03 6.231379e+03
19.3 6.898914e+03 6.809165e+03 6.075190e+03 6.164940e+03
20.3 6.788808e+03 6.707452e+03 6.057637e+03 6.138993e+03
21.3 6.672747e+03 6.666966e+03 6.066200e+03 6.071981e+03
0.4 6.727433e+03 6.711742e+03 6.093919e+03 6.109610e+03
1.4 6.663500e+03 6.683781e+03 6.075036e+03 6.054755e+03
2.4 6.667390e+03 6.664259e+03 6.093264e+03 6.096395e+03
3.4 6.720924e+03 6.760532e+03 6.122765e+03 6.083157e+03
4.4 6.810721e+03 6.722665e+03 6.117845e+03 6.205901e+03
5.4 6.748187e+03 6.799115e+03 6.105387e+03 6.054459e+03
6.4 6.721771e+03 6.756807e+03 6.122678e+03 6.087642e+03
7.4 6.701271e+03 6.771970e+03 6.132712e+03 6.062013e+03
8.4 6.697037e+03 6.868474e+03 6.110338e+03 5.938902e+03
9.4 6.791362e+03 6.773663e+03 6.080419e+03 6.098117e+03
10.4 6.741875e+03 6.694778e+03 6.078402e+03 6.125499e+03
11.4 6.740266e+03 6.704825e+03 6.109846e+03 6.145287e+03
12.4 6.804484e+03 6.765313e+03 6.122591e+03 6.161763e+03
13.4 6.925992e+03 6.796715e+03 6.102101e+03 6.231379e+03
14.4 6.898914e+03 6.809165e+03 6.075190e+03 6.164940e+03
15.4 6.788808e+03 6.707452e+03 6.057637e+03 6.138993e+03
16.4 6.672747e+03 6.666966e+03 6.066200e+03 6.071981e+03
17.4 6.874288e+03 6.853508e+03 6.104876e+03 6.125656e+03
18.4 6.824099e+03 6.842940e+03 6.123962e+03 6.105120e+03
19.4 6.969089e+03 6.866950e+03 6.106554e+03 6.208693e+03
20.4 6.861622e+03 6.776251e+03 6.079796e+03 6.165167e+03
21.4 6.800681e+03 6.798514e+03 6.061094e+03 6.063261e+03
0.8 6.810721e+03 6.722665e+03 6.117845e+03 6.205901e+03
1.8 6.748187e+03 6.799115e+03 6.105387e+03 6.054459e+03
2.8 6.721771e+03 6.756807e+03 6.122678e+03 6.087642e+03
3.8 6.701271e+03 6.771970e+03 6.132712e+03 6.062013e+03
4.8 6.697037e+03 6.868474e+03 6.110338e+03 5.938902e+03
5.8 6.791362e+03 6.773663e+03 6.080419e+03 6.098117e+03
6.8 6.741875e+03 6.694778e+03 6.078402e+03 6.125499e+03
7.8 6.740266e+03 6.704825e+03 6.109846e+03 6.145287e+03
8.8 6.804484e+03 6.765313e+03 6.122591e+03 6.161763e+03
9.8 6.925992e+03 6.796715e+03 6.102101e+03 6.231379e+03
10.8 6.898914e+03 6.809165e+03 6.075190e+03 6.164940e+03
11.8 6.788808e+03 6.707452e+03 6.057637e+03 6.138993e+03
12.8 6.672747e+03 6.666966e+03 6.066200e+03 6.071981e+03
13.8 6.874288e+03 6.853508e+03 6.104876e+03 6.125656e+03
14.8 6.824099e+03 6.842940e+03 6.123962e+03 6.105120e+03
15.8 6.969089e+03 6.866950e+03 6.106554e+03 6.208693e+03
16.8 6.861622e+03 6.776251e+03 6.079796e+03 6.165167e+03
17.8 6.800681e+03 6.798514e+03 6.061094e+03 6.063261e+03
18.8 6.551792e+03 6.703435e+03 6.067608e+03 5.915965e+03
19.8 6.772084e+03 6.734691e+03 6.105105e+03 6.142498e+03
20.8 6.845330e+03 6.698073e+03 6.124722e+03 6.271979e+03
21.8 6.940108e+03 6.851322e+03 6.107639e+03 6.196425e+03
1.0 6.791362e+03 6.773663e+03 6.080419e+03 6.098117e+03
2.0 6.741875e+03 6.694778e+03 6.078402e+03 6.125499e+03
3.0 6.740266e+03 6.704825e+03 6.109846e+03 6.145287e+03
4.0 6.804484e+03 6.765313e+03 6.122591e+03 6.161763e+03
5.0 6.925992e+03 6.796715e+03 6.102101e+03 6.231379e+03
6.0 6.898914e+03 6.809165e+03 6.075190e+03 6.164940e+03
7.0 6.788808e+03 6.707452e+03 6.057637e+03 6.138993e+03
8.0 6.672747e+03 6.666966e+03 6.066200e+03 6.071981e+03
9.0 6.874288e+03 6.853508e+03 6.104876e+03 6.125656e+03
10.0 6.824099e+03 6.842940e+03 6.123962e+03 6.105120e+03
11.0 6.969089e+03 6.866950e+03 6.106554e+03 6.208693e+03
12.0 6.861622e+03 6.776251e+03 6.079796e+03 6.165167e+03
13.0 6.800681e+03 6.798514e+03 6.061094e+03 6.063261e+03
14.0 6.551792e+03 6.703435e+03 6.067608e+03 5.915965e+03
15.0 6.772084e+03 6.734691e+03 6.105105e+03 6.142498e+03
16.0 6.845330e+03 6.698073e+03 6.124722e+03 6.271979e+03
17.0 6.940108e+03 6.851322e+03 6.107639e+03 6.196425e+03
18.0 6.769869e+03 6.772810e+03 6.080614e+03 6.077673e+03
19.0 6.738902e+03 6.741480e+03 6.061355e+03 6.058777e+03
20.0 6.607198e+03 6.708999e+03 6.065963e+03 5.964162e+03
21.0 6.456702e+03 6.706825e+03 6.102809e+03 5.852686e+03
22.0 6.594259e+03 6.770538e+03 6.124755e+03 5.948476e+03
0.9 6.788808e+03 6.707452e+03 6.057637e+03 6.138993e+03
1.9 6.672747e+03 6.666966e+03 6.066200e+03 6.071981e+03
2.9 6.874288e+03 6.853508e+03 6.104876e+03 6.125656e+03
3.9 6.824099e+03 6.842940e+03 6.123962e+03 6.105120e+03
4.9 6.969089e+03 6.866950e+03 6.106554e+03 6.208693e+03
5.9 6.861622e+03 6.776251e+03 6.079796e+03 6.165167e+03
6.9 6.800681e+03 6.798514e+03 6.061094e+03 6.063261e+03
7.9 6.551792e+03 6.703435e+03 6.067608e+03 5.915965e+03
8.9 6.772084e+03 6.734691e+03 6.105105e+03 6.142498e+03
9.9 6.845330e+03 6.698073e+03 6.124722e+03 6.271979e+03
10.9 6.940108e+03 6.851322e+03 6.107639e+03 6.196425e+03
11.9 6.769869e+03 6.772810e+03 6.080614e+03 6.077673e+03
12.9 6.738902e+03 6.741480e+03 6.061355e+03 6.058777e+03
13.9 6.607198e+03 6.708999e+03 6.065963e+03 5.964162e+03
14.9 6.456702e+03 6.706825e+03 6.102809e+03 5.852686e+03
15.9 6.594259e+03 6.770538e+03 6.124755e+03 5.948476e+03
16.9 6.721649e+03 6.836008e+03 6.109192e+03 5.994833e+03
17.9 6.645963e+03 6.815485e+03 6.083313e+03 5.913791e+03
18.9 6.532561e+03 6.759303e+03 6.083680e+03 5.856938e+03
19.9 6.505902e+03 6.737689e+03 6.114984e+03 5.883197e+03
20.9 6.722252e+03 6.951241e+03 6.125532e+03 5.896543e+03
21.9 7.067298e+03 7.015657e+03 6.108508e+03 6.160149e+03
0.9 6.800681e+03 6.798514e+03 6.061094e+03 6.063261e+03
1.9 6.551792e+03 6.703435e+03 6.067608e+03 5.915965e+03
2.9 6.772084e+03 6.734691e+03 6.105105e+03 6.142498e+03
3.9 6.845330e+03 6.698073e+03 6.124722e+03 6.271979e+03
4.9 6.940108e+03 6.851322e+03 6.107639e+03 6.196425e+03
5.9 6.769869e+03 6.772810e+03 6.080614e+03 6.077673e+03
6.9 6.738902e+03 6.741480e+03 6.061355e+03 6.058777e+03
7.9 6.607198e+03 6.708999e+03 6.065963e+03 5.964162e+03
8.9 6.456702e+03 6.706825e+03 6.102809e+03 5.852686e+03
9.9 6.594259e+03 6.770538e+03 6.124755e+03 5.948476e+03
10.9 6.721649e+03 6.836008e+03 6.109192e+03 5.994833e+03
11.9 6.645963e+03 6.815485e+03 6.083313e+03 5.913791e+03
12.9 6.532561e+03 6.759303e+03 6.083680e+03 5.856938e+03
13.9 6.505902e+03 6.737689e+03 6.114984e+03 5.883197e+03
14.9 6.722252e+03 6.951241e+03 6.125532e+03 5.896543e+03
15.9 7.067298e+03 7.015657e+03 6.108508e+03 6.160149e+03
16.9 7.017197e+03 6.942926e+03 6.112987e+03 6.187258e+03
17.9 7.287715e+03 7.085675e+03 6.132803e+03 6.334844e+03
18.9 7.242871e+03 7.126505e+03 6.123070e+03 6.239437e+03
19.9 7.307088e+03 7.134825e+03 6.105530e+03 6.277794e+03
20.9 7.175608e+03 7.065817e+03 6.119518e+03 6.229310e+03
21.9 7.094176e+03 7.053580e+03 6.130698e+03 6.171294e+03
0.8 6.738902e+03 6.741480e+03 6.061355e+03 6.058777e+03
1.8 6.607198e+03 6.708999e+03 6.065963e+03 5.964162e+03
2.8 6.456702e+03 6.706825e+03 6.102809e+03 5.852686e+03
3.8 6.594259e+03 6.770538e+03 6.124755e+03 5.948476e+03
4.8 6.721649e+03 6.836008e+03 6.109192e+03 5.994833e+03
5.8 6.645963e+03 6.815485e+03 6.083313e+03 5.913791e+03
6.8 6.532561e+03 6.759303e+03 6.083680e+03 5.856938e+03
7.8 6.505902e+03 6.737689e+03 6.114984e+03 5.883197e+03
8.8 6.722252e+03 6.951241e+03 6.125532e+03 5.896543e+03
9.8 7.067298e+03 7.015657e+03 6.108508e+03 6.160149e+03
10.8 7.017197e+03 6.942926e+03 6.112987e+03 6.187258e+03
11.8 7.287715e+03 7.085675e+03 6.132803e+03 6.334844e+03
12.8 7.242871e+03 7.126505e+03 6.123070e+03 6.239437e+03
13.8 7.307088e+03 7.134825e+03 6.105530e+03 6.277794e+03
14.8 7.175608e+03 7.065817e+03 6.119518e+03 6.229310e+03
15.8 7.094176e+03 7.053580e+03 6.130698e+03 6.171294e+03
16.8 7.102889e+03 7.163103e+03 6.111996e+03 6.051782e+03
17.8 7.056243e+03 6.892764e+03 6.105646e+03 6.269125e+03
18.8 6.947681e+03 6.902842e+03 6.126068e+03 6.170906e+03
19.8 7.143965e+03 7.065801e+03 6.125455e+03 6.203619e+03
20.8 7.096745e+03 6.964585e+03 6.097988e+03 6.230148e+03
21.8 7.007618e+03 6.861011e+03 6.069714e+03 6.216321e+03
1.0 6.645963e+03 6.815485e+03 6.083313e+03 5.913791e+03
2.0 6.532561e+03 6.759303e+03 6.083680e+03 5.856938e+03
3.0 6.505902e+03 6.737689e+03 6.114984e+03 5.883197e+03
4.0 6.722252e+03 6.951241e+03 6.125532e+03 5.896543e+03
5.0 7.067298e+03 7.015657e+03 6.108508e+03 6.160149e+03
6.0 7.017197e+03 6.942926e+03 6.112987e+03 6.187258e+03
7.0 7.287715e+03 7.085675e+03 6.132803e+03 6.334844e+03
8.0 7.242871e+03 7.126505e+03 6.123070e+03 6.239437e+03
9.0 7.307088e+03 7.134825e+03 6.105530e+03 6.277794e+03
10.0 7.175608e+03 7.065817e+03 6.119518e+03 6.229310e+03
11.0 7.094176e+03 7.053580e+03 6.130698e+03 6.171294e+03
12.0 7.102889e+03 7.163103e+03 6.111996e+03 6.051782e+03
13.0 7.056243e+03 6.892764e+03 6.105646e+03 6.269125e+03
14.0 6.947681e+03 6.902842e+03 6.126068e+03 6.170906e+03
15.0 7.143965e+03 7.065801e+03 6.125455e+03 6.203619e+03
16.0 7.096745e+03 6.964585e+03 6.097988e+03 6.230148e+03
17.0 7.007618e+03 6.861011e+03 6.069714e+03 6.216321e+03
18.0 6.918342e+03 6.793194e+03 6.052154e+03 6.177302e+03
19.0 6.866441e+03 6.733680e+03 6.044641e+03 6.177403e+03
20.0 6.877716e+03 6.763347e+03 6.059367e+03 6.173737e+03
21.0 6.843766e+03 6.754654e+03 6.102266e+03 6.191378e+03
22.0 6.891160e+03 6.683916e+03 6.125034e+03 6.332277e+03
0.4 6.722252e+03 6.951241e+03 6.125532e+03 5.896543e+03
1.4 7.067298e+03 7.015657e+03 6.108508e+03 6.160149e+03
2.4 7.017197e+03 6.942926e+03 6.112987e+03 6.187258e+03
3.4 7.287715e+03 7.085675e+03 6.132803e+03 6.334844e+03
4.4 7.242871e+03 7.126505e+03 6.123070e+03 6.239437e+03
5.4 7.307088e+03 7.134825e+03 6.105530e+03 6.277794e+03
6.4 7.175608e+03 7.065817e+03 6.119518e+03 6.229310e+03
7.4 7.094176e+03 7.053580e+03 6.130698e+03 6.171294e+03
8.4 7.102889e+03 7.163103e+03 6.111996e+03 6.051782e+03
9.4 7.056243e+03 6.892764e+03 6.105646e+03 6.269125e+03
10.4 6.947681e+03 6.902842e+03 6.126068e+03 6.170906e+03
11.4 7.143965e+03 7.065801e+03 6.125455e+03 6.203619e+03
12.4 7.096745e+03 6.964585e+03 6.097988e+03 6.230148e+03
13.4 7.007618e+03 6.861011e+03 6.069714e+03 6.216321e+03
14.4 6.918342e+03 6.793194e+03 6.052154e+03 6.177302e+03
15.4 6.866441e+03 6.733680e+03 6.044641e+03 6.177403e+03
16.4 6.877716e+03 6.763347e+03 6.059367e+03 6.173737e+03
17.4 6.843766e+03 6.754654e+03 6.102266e+03 6.191378e+03
18.4 6.891160e+03 6.683916e+03 6.125034e+03 6.332277e+03
19.4 6.086343e+03 6.140708e+03 6.109316e+03 6.054952e+03
20.4 7.235062e+03 7.080070e+03 6.084084e+03 6.239076e+03
21.4 7.058031e+03 7.162057e+03 6.086412e+03 5.982386e+03
0.8 7.242871e+03 7.126505e+03 6.123070e+03 6.239437e+03
1.8 7.307088e+03 7.134825e+03 6.105530e+03 6.277794e+03
2.8 7.175608e+03 7.065817e+03 6.119518e+03 6.229310e+03
3.8 7.094176e+03 7.053580e+03 6.130698e+03 6.171294e+03
4.8 7.102889e+03 7.163103e+03 6.111996e+03 6.051782e+03
5.8 7.056243e+03 6.892764e+03 6.105646e+03 6.269125e+03
6.8 6.947681e+03 6.902842e+03 6.126068e+03 6.170906e+03
7.8 7.143965e+03 7.065801e+03 6.125455e+03 6.203619e+03
8.8 7.096745e+03 6.964585e+03 6.097988e+03 6.230148e+03
9.8 7.007618e+03 6.861011e+03 6.069714e+03 6.216321e+03
10.8 6.918342e+03 6.793194e+03 6.052154e+03 6.177302e+03
11.8 6.866441e+03 6.733680e+03 6.044641e+03 6.177403e+03
12.8 6.877716e+03 6.763347e+03 6.059367e+03 6.173737e+03
13.8 6.843766e+03 6.754654e+03 6.102266e+03 6.191378e+03
14.8 6.891160e+03 6.683916e+03 6.125034e+03 6.332277e+03
15.8 6.086343e+03 6.140708e+03 6.109316e+03 6.054952e+03
16.8 7.235062e+03 7.080070e+03 6.084084e+03 6.239076e+03
17.8 7.058031e+03 7.162057e+03 6.086412e+03 5.982386e+03
18.8 6.971907e+03 6.891081e+03 6.117578e+03 6.198405e+03
19.8 6.911059e+03 6.920025e+03 6.125486e+03 6.116520e+03
20.8 6.758427e+03 6.406031e+03 6.108097e+03 6.460494e+03
21.8 6.411913e+03 6.651059e+03 6.114358e+03 5.875212e+03
0.1 7.094176e+03 7.053580e+03 6.130698e+03 6.171294e+03
1.1 7.102889e+03 7.163103e+03 6.111996e+03 6.051782e+03
2.1 7.056243e+03 6.892764e+03 6.105646e+03 6.269125e+03
3.1 6.947681e+03 6.902842e+03 6.126068e+03 6.170906e+03
4.1 7.143965e+03 7.065801e+03 6.125455e+03 6.203619e+03
5.1 7.096745e+03 6.964585e+03 6.097988e+03 6.230148e+03
6.1 7.007618e+03 6.861011e+03 6.069714e+03 6.216321e+03
7.1 6.918342e+03 6.793194e+03 6.052154e+03 6.177302e+03
8.1 6.866441e+03 6.733680e+03 6.044641e+03 6.177403e+03
9.1 6.877716e+03 6.763347e+03 6.059367e+03 6.173737e+03
10.1 6.843766e+03 6.754654e+03 6.102266e+03 6.191378e+03
11.1 6.891160e+03 6.683916e+03 6.125034e+03 6.332277e+03
12.1 6.086343e+03 6.140708e+03 6.109316e+03 6.054952e+03
13.1 7.235062e+03 7.080070e+03 6.084084e+03 6.239076e+03
14.1 7.058031e+03 7.162057e+03 6.086412e+03 5.982386e+03
15.1 6.971907e+03 6.891081e+03 6.117578e+03 6.198405e+03
16.1 6.911059e+03 6.920025e+03 6.125486e+03 6.116520e+03
17.1 6.758427e+03 6.406031e+03 6.108097e+03 6.460494e+03
18.1 6.411913e+03 6.651059e+03 6.114358e+03 5.875212e+03
19.1 6.615169e+03 6.710040e+03 6.133287e+03 6.038416e+03
20.1 6.634844e+03 6.596382e+03 6.121338e+03 6.159800e+03
21.1 6.966976e+03 6.941947e+03 6.090322e+03 6.115350e+03
0.9 6.866441e+03 6.733680e+03 6.044641e+03 6.177403e+03
1.9 6.877716e+03 6.763347e+03 6.059367e+03 6.173737e+03
2.9 6.843766e+03 6.754654e+03 6.102266e+03 6.191378e+03
3.9 6.891160e+03 6.683916e+03 6.125034e+03 6.332277e+03
4.9 6.086343e+03 6.140708e+03 6.109316e+03 6.054952e+03
5.9 7.235062e+03 7.080070e+03 6.084084e+03 6.239076e+03
6.9 7.058031e+03 7.162057e+03 6.086412e+03 5.982386e+03
7.9 6.971907e+03 6.891081e+03 6.117578e+03 6.198405e+03
8.9 6.911059e+03 6.920025e+03 6.125486e+03 6.116520e+03
9.9 6.758427e+03 6.406031e+03 6.108097e+03 6.460494e+03
10.9 6.411913e+03 6.651059e+03 6.114358e+03 5.875212e+03
11.9 6.615169e+03 6.710040e+03 6.133287e+03 6.038416e+03
12.9 6.634844e+03 6.596382e+03 6.121338e+03 6.159800e+03
13.9 6.966976e+03 6.941947e+03 6.090322e+03 6.115350e+03
14.9 6.639169e+03 6.860830e+03 6.064294e+03 5.842634e+03
15.9 6.896736e+03 6.789639e+03 6.055143e+03 6.162241e+03
16.9 6.655949e+03 6.902271e+03 6.081682e+03 5.835359e+03
17.9 6.572145e+03 6.909162e+03 6.117980e+03 5.780962e+03
18.9 6.680649e+03 6.929216e+03 6.117894e+03 5.869328e+03
19.9 6.581689e+03 6.715183e+03 6.106859e+03 5.973365e+03
20.9 5.925388e+03 5.865888e+03 6.124142e+03 6.183641e+03
21.9 5.169204e+03 5.257813e+03 6.134855e+03 6.046246e+03
0.1 6.086343e+03 6.140708e+03 6.109316e+03 6.054952e+03
1.1 7.235062e+03 7.080070e+03 6.084084e+03 6.239076e+03
2.1 7.058031e+03 7.162057e+03 6.086412e+03 5.982386e+03
3.1 6.971907e+03 6.891081e+03 6.117578e+03 6.198405e+03
4.1 6.911059e+03 6.920025e+03 6.125486e+03 6.116520e+03
5.1 6.758427e+03 6.406031e+03 6.108097e+03 6.460494e+03
6.1 6.411913e+03 6.651059e+03 6.114358e+03 5.875212e+03
7.1 6.615169e+03 6.710040e+03 6.133287e+03 6.038416e+03
8.1 6.634844e+03 6.596382e+03 6.121338e+03 6.159800e+03
9.1 6.966976e+03 6.941947e+03 6.090322e+03 6.115350e+03
10.1 6.639169e+03 6.860830e+03 6.064294e+03 5.842634e+03
11.1 6.896736e+03 6.789639e+03 6.055143e+03 6.162241e+03
12.1 6.655949e+03 6.902271e+03 6.081682e+03 5.835359e+03
13.1 6.572145e+03 6.909162e+03 6.117980e+03 5.780962e+03
14.1 6.680649e+03 6.929216e+03 6.117894e+03 5.869328e+03
15.1 6.581689e+03 6.715183e+03 6.106859e+03 5.973365e+03
16.1 5.925388e+03 5.865888e+03 6.124142e+03 6.183641e+03
17.1 5.169204e+03 5.257813e+03 6.134855e+03 6.046246e+03
18.1 6.292562e+03 5.893589e+03 6.114935e+03 6.513907e+03
19.1 6.068454e+03 5.784292e+03 6.108464e+03 6.392626e+03
20.1 5.751936e+03 5.754490e+03 6.128026e+03 6.125471e+03
21.1 5.470818e+03 5.346044e+03 6.125734e+03 6.250509e+03
0.4 6.911059e+03 6.920025e+03 6.125486e+03 6.116520e+03
1.4 6.758427e+03 6.406031e+03 6.108097e+03 6.460494e+03
2.4 6.411913e+03 6.651059e+03 6.114358e+03 5.875212e+03
3.4 6.615169e+03 6.710040e+03 6.133287e+03 6.038416e+03
4.4 6.634844e+03 6.596382e+03 6.121338e+03 6.159800e+03
5.4 6.966976e+03 6.941947e+03 6.090322e+03 6.115350e+03
6.4 6.639169e+03 6.860830e+03 6.064294e+03 5.842634e+03
7.4 6.896736e+03 6.789639e+03 6.055143e+03 6.162241e+03
8.4 6.655949e+03 6.902271e+03 6.081682e+03 5.835359e+03
9.4 6.572145e+03 6.909162e+03 6.117980e+03 5.780962e+03
10.4 6.680649e+03 6.929216e+03 6.117894e+03 5.869328e+03
11.4 6.581689e+03 6.715183e+03 6.106859e+03 5.973365e+03
12.4 5.925388e+03 5.865888e+03 6.124142e+03 6.183641e+03
13.4 5.169204e+03 5.257813e+03 6.134855e+03 6.046246e+03
14.4 6.292562e+03 5.893589e+03 6.114935e+03 6.513907e+03
15.4 6.068454e+03 5.784292e+03 6.108464e+03 6.392626e+03
16.4 5.751936e+03 5.754490e+03 6.128026e+03 6.125471e+03
17.4 5.470818e+03 5.346044e+03 6.125734e+03 6.250509e+03
18.4 5.645705e+03 5.770924e+03 6.097497e+03 5.972278e+03
19.4 5.422080e+03 5.315526e+03 6.069243e+03 6.175797e+03
20.4 5.111448e+03 5.652781e+03 6.053946e+03 5.512614e+03
21.4 5.545920e+03 5.668939e+03 6.070162e+03 5.947143e+03
0.4 6.639169e+03 6.860830e+03 6.064294e+03 5.842634e+03
1.4 6.896736e+03 6.789639e+03 6.055143e+03 6.162241e+03
2.4 6.655949e+03 6.902271e+03 6.081682e+03 5.835359e+03
3.4 6.572145e+03 6.909162e+03 6.117980e+03 5.780962e+03
4.4 6.680649e+03 6.929216e+03 6.117894e+03 5.869328e+03
5.4 6.581689e+03 6.715183e+03 6.106859e+03 5.973365e+03
6.4 5.925388e+03 5.865888e+03 6.124142e+03 6.183641e+03
7.4 5.169204e+03 5.257813e+03 6.134855e+03 6.046246e+03
8.4 6.292562e+03 5.893589e+03 6.114935e+03 6.513907e+03
9.4 6.068454e+03 5.784292e+03 6.108464e+03 6.392626e+03
10.4 5.751936e+03 5.754490e+03 6.128026e+03 6.125471e+03
11.4 5.470818e+03 5.346044e+03 6.125734e+03 6.250509e+03
12.4 5.645705e+03 5.770924e+03 6.097497e+03 5.972278e+03
13.4 5.422080e+03 5.315526e+03 6.069243e+03 6.175797e+03
14.4 5.111448e+03 5.652781e+03 6.053946e+03 5.512614e+03
15.4 5.545920e+03 5.668939e+03 6.070162e+03 5.947143e+03
16.4 5.289991e+03 5.899141e+03 6.110092e+03 5.500942e+03
17.4 6.093899e+03 6.137726e+03 6.121467e+03 6.077640e+03
18.4 5.534005e+03 5.910423e+03 6.100359e+03 5.723942e+03
19.4 6.034603e+03 6.286251e+03 6.074731e+03 5.823083e+03
20.4 6.269993e+03 5.950565e+03 6.059052e+03 6.378480e+03
21.4 6.205940e+03 6.258625e+03 6.072340e+03 6.019655e+03
0.8 6.680649e+03 6.929216e+03 6.117894e+03 5.869328e+03
1.8 6.581689e+03 6.715183e+03 6.106859e+03 5.973365e+03
2.8 5.925388e+03 5.865888e+03 6.124142e+03 6.183641e+03
3.8 5.169204e+03 5.257813e+03 6.134855e+03 6.046246e+03
4.8 6.292562e+03 5.893589e+03 6.114935e+03 6.513907e+03
5.8 6.068454e+03 5.784292e+03 6.108464e+03 6.392626e+03
6.8 5.751936e+03 5.754490e+03 6.128026e+03 6.125471e+03
7.8 5.470818e+03 5.346044e+03 6.125734e+03 6.250509e+03
8.8 5.645705e+03 5.770924e+03 6.097497e+03 5.972278e+03
9.8 5.422080e+03 5.315526e+03 6.069243e+03 6.175797e+03
10.8 5.111448e+03 5.652781e+03 6.053946e+03 5.512614e+03
11.8 5.545920e+03 5.668939e+03 6.070162e+03 5.947143e+03
12.8 5.289991e+03 5.899141e+03 6.110092e+03 5.500942e+03
13.8 6.093899e+03 6.137726e+03 6.121467e+03 6.077640e+03
14.8 5.534005e+03 5.910423e+03 6.100359e+03 5.723942e+03
15.8 6.034603e+03 6.286251e+03 6.074731e+03 5.823083e+03
16.8 6.269993e+03 5.950565e+03 6.059052e+03 6.378480e+03
17.8 6.205940e+03 6.258625e+03 6.072340e+03 6.019655e+03
18.8 6.299582e+03 6.188913e+03 6.111141e+03 6.221809e+03
19.8 6.413535e+03 6.284920e+03 6.123830e+03 6.252445e+03
20.8 6.392197e+03 6.419310e+03 6.102999e+03 6.075886e+03
21.8 6.453590e+03 6.239994e+03 6.079475e+03 6.293072e+03
0.1 5.169204e+03 5.257813e+03 6.134855e+03 6.046246e+03
1.1 6.292562e+03 5.893589e+03 6.114935e+03 6.513907e+03
2.1 6.068454e+03 5.784292e+03 6.108464e+03 6.392626e+03
3.1 5.751936e+03 5.754490e+03 6.128026e+03 6.125471e+03
4.1 5.470818e+03 5.346044e+03 6.125734e+03 6.250509e+03
5.1 5.645705e+03 5.770924e+03 6.097497e+03 5.972278e+03
6.1 5.422080e+03 5.315526e+03 6.069243e+03 6.175797e+03
7.1 5.111448e+03 5.652781e+03 6.053946e+03 5.512614e+03
8.1 5.545920e+03 5.668939e+03 6.070162e+03 5.947143e+03
9.1 5.289991e+03 5.899141e+03 6.110092e+03 5.500942e+03
10.1 6.093899e+03 6.137726e+03 6.121467e+03 6.077640e+03
11.1 5.534005e+03 5.910423e+03 6.100359e+03 5.723942e+03
12.1 6.034603e+03 6.286251e+03 6.074731e+03 5.823083e+03
13.1 6.269993e+03 5.950565e+03 6.059052e+03 6.378480e+03
14.1 6.205940e+03 6.258625e+03 6.072340e+03 6.019655e+03
15.1 6.299582e+03 6.188913e+03 6.111141e+03 6.221809e+03
16.1 6.413535e+03 6.284920e+03 6.123830e+03 6.252445e+03
17.1 6.392197e+03 6.419310e+03 6.102999e+03 6.075886e+03
18.1 6.453590e+03 6.239994e+03 6.079475e+03 6.293072e+03
19.1 5.464466e+03 5.781022e+03 6.088303e+03 5.771747e+03
20.1 6.340873e+03 6.409911e+03 6.120074e+03 6.051036e+03
21.1 6.651551e+03 6.557110e+03 6.122918e+03 6.217359e+03
0.1 5.422080e+03 5.315526e+03 6.069243e+03 6.175797e+03
1.1 5.111448e+03 5.652781e+03 6.053946e+03 5.512614e+03
2.1 5.545920e+03 5.668939e+03 6.070162e+03 5.947143e+03
3.1 5.289991e+03 5.899141e+03 6.110092e+03 5.500942e+03
4.1 6.093899e+03 6.137726e+03 6.121467e+03 6.077640e+03
5.1 5.534005e+03 5.910423e+03 6.100359e+03 5.723942e+03
6.1 6.034603e+03 6.286251e+03 6.074731e+03 5.823083e+03
7.1 6.269993e+03 5.950565e+03 6.059052e+03 6.378480e+03
8.1 6.205940e+03 6.258625e+03 6.072340e+03 6.019655e+03
9.1 6.299582e+03 6.188913e+03 6.111141e+03 6.221809e+03
10.1 6.413535e+03 6.284920e+03 6.123830e+03 6.252445e+03
11.1 6.392197e+03 6.419310e+03 6.102999e+03 6.075886e+03
12.1 6.453590e+03 6.239994e+03 6.079475e+03 6.293072e+03
13.1 5.464466e+03 5.781022e+03 6.088303e+03 5.771747e+03
14.1 6.340873e+03 6.409911e+03 6.120074e+03 6.051036e+03
15.1 6.651551e+03 6.557110e+03 6.122918e+03 6.217359e+03
16.1 6.713379e+03 6.594768e+03 6.106520e+03 6.225131e+03
17.1 6.847071e+03 6.641441e+03 6.117552e+03 6.323182e+03
18.1 6.511073e+03 6.595571e+03 6.133771e+03 6.049274e+03
19.1 6.212146e+03 6.145531e+03 6.117378e+03 6.183994e+03
20.1 5.988407e+03 5.988683e+03 6.085987e+03 6.085711e+03
21.1 6.038045e+03 5.929437e+03 6.061575e+03 6.170183e+03
0.1 6.034603e+03 6.286251e+03 6.074731e+03 5.823083e+03
1.1 6.269993e+03 5.950565e+03 6.059052e+03 6.378480e+03
2.1 6.205940e+03 6.258625e+03 6.072340e+03 6.019655e+03
3.1 6.299582e+03 6.188913e+03 6.111141e+03 6.221809e+03
4.1 6.413535e+03 6.284920e+03 6.123830e+03 6.252445e+03
5.1 6.392197e+03 6.419310e+03 6.102999e+03 6.075886e+03
6.1 6.453590e+03 6.239994e+03 6.079475e+03 6.293072e+03
7.1 5.464466e+03 5.781022e+03 6.088303e+03 5.771747e+03
8.1 6.340873e+03 6.409911e+03 6.120074e+03 6.051036e+03
9.1 6.651551e+03 6.557110e+03 6.122918e+03 6.217359e+03
10.1 6.713379e+03 6.594768e+03 6.106520e+03 6.225131e+03
11.1 6.847071e+03 6.641441e+03 6.117552e+03 6.323182e+03
12.1 6.511073e+03 6.595571e+03 6.133771e+03 6.049274e+03
13.1 6.212146e+03 6.145531e+03 6.117378e+03 6.183994e+03
14.1 5.988407e+03 5.988683e+03 6.085987e+03 6.085711e+03
15.1 6.038045e+03 5.929437e+03 6.061575e+03 6.170183e+03
16.1 5.488776e+03 5.118397e+03 6.056576e+03 6.426956e+03
17.1 5.432669e+03 5.280444e+03 6.087738e+03 6.239963e+03
18.1 5.779532e+03 5.598114e+03 6.120495e+03 6.301913e+03
19.1 6.060992e+03 5.783721e+03 6.115539e+03 6.392810e+03
20.1 5.945767e+03 5.976407e+03 6.107591e+03 6.076951e+03
21.1 5.720011e+03 5.664345e+03 6.127441e+03 6.183107e+03
0.2 6.392197e+03 6.419310e+03 6.102999e+03 6.075886e+03
1.2 6.453590e+03 6.239994e+03 6.079475e+03 6.293072e+03
2.2 5.464466e+03 5.781022e+03 6.088303e+03 5.771747e+03
3.2 6.340873e+03 6.409911e+03 6.120074e+03 6.051036e+03
4.2 6.651551e+03 6.557110e+03 6.122918e+03 6.217359e+03
5.2 6.713379e+03 6.594768e+03 6.106520e+03 6.225131e+03
6.2 6.847071e+03 6.641441e+03 6.117552e+03 6.323182e+03
7.2 6.511073e+03 6.595571e+03 6.133771e+03 6.049274e+03
8.2 6.212146e+03 6.145531e+03 6.117378e+03 6.183994e+03
9.2 5.988407e+03 5.988683e+03 6.085987e+03 6.085711e+03
10.2 6.038045e+03 5.929437e+03 6.061575e+03 6.170183e+03
11.2 5.488776e+03 5.118397e+03 6.056576e+03 6.426956e+03
12.2 5.432669e+03 5.280444e+03 6.087738e+03 6.239963e+03
13.2 5.779532e+03 5.598114e+03 6.120495e+03 6.301913e+03
14.2 6.060992e+03 5.783721e+03 6.115539e+03 6.392810e+03
15.2 5.945767e+03 5.976407e+03 6.107591e+03 6.076951e+03
16.2 5.720011e+03 5.664345e+03 6.127441e+03 6.183107e+03
17.2 5.743976e+03 5.715342e+03 6.133410e+03 6.162043e+03
18.2 5.866358e+03 5.858742e+03 6.111941e+03 6.119556e+03
19.2 5.780758e+03 5.888359e+03 6.110563e+03 6.002962e+03
20.2 5.765222e+03 5.750687e+03 6.129909e+03 6.144443e+03
21.2 5.704394e+03 5.715107e+03 6.122807e+03 6.112094e+03
0.6 6.651551e+03 6.557110e+03 6.122918e+03 6.217359e+03
1.6 6.713379e+03 6.594768e+03 6.106520e+03 6.225131e+03
2.6 6.847071e+03 6.641441e+03 6.117552e+03 6.323182e+03
3.6 6.511073e+03 6.595571e+03 6.133771e+03 6.049274e+03
4.6 6.212146e+03 6.145531e+03 6.117378e+03 6.183994e+03
5.6 5.988407e+03 5.988683e+03 6.085987e+03 6.085711e+03
6.6 6.038045e+03 5.929437e+03 6.061575e+03 6.170183e+03
7.6 5.488776e+03 5.118397e+03 6.056576e+03 6.426956e+03
8.6 5.432669e+03 5.280444e+03 6.087738e+03 6.239963e+03
9.6 5.779532e+03 5.598114e+03 6.120495e+03 6.301913e+03
10.6 6.060992e+03 5.783721e+03 6.115539e+03 6.392810e+03
11.6 5.945767e+03 5.976407e+03 6.107591e+03 6.076951e+03
12.6 5.720011e+03 5.664345e+03 6.127441e+03 6.183107e+03
13.6 5.743976e+03 5.715342e+03 6.133410e+03 6.162043e+03
14.6 5.866358e+03 5.858742e+03 6.111941e+03 6.119556e+03
15.6 5.780758e+03 5.888359e+03 6.110563e+03 6.002962e+03
16.6 5.765222e+03 5.750687e+03 6.129909e+03 6.144443e+03
17.6 5.704394e+03 5.715107e+03 6.122807e+03 6.112094e+03
18.6 5.427936e+03 5.500926e+03 6.104099e+03 6.031108e+03
19.6 5.385513e+03 5.541590e+03 6.116316e+03 5.960239e+03
20.6 5.608713e+03 5.510898e+03 6.130333e+03 6.228148e+03
21.6 5.784524e+03 5.722634e+03 6.112116e+03 6.174006e+03
0.5 6.038045e+03 5.929437e+03 6.061575e+03 6.170183e+03
1.5 5.488776e+03 5.118397e+03 6.056576e+03 6.426956e+03
2.5 5.432669e+03 5.280444e+03 6.087738e+03 6.239963e+03
3.5 5.779532e+03 5.598114e+03 6.120495e+03 6.301913e+03
4.5 6.060992e+03 5.783721e+03 6.115539e+03 6.392810e+03
5.5 5.945767e+03 5.976407e+03 6.107591e+03 6.076951e+03
6.5 5.720011e+03 5.664345e+03 6.127441e+03 6.183107e+03
7.5 5.743976e+03 5.715342e+03 6.133410e+03 6.162043e+03
8.5 5.866358e+03 5.858742e+03 6.111941e+03 6.119556e+03
9.5 5.780758e+03 5.888359e+03 6.110563e+03 6.002962e+03
10.5 5.765222e+03 5.750687e+03 6.129909e+03 6.144443e+03
11.5 5.704394e+03 5.715107e+03 6.122807e+03 6.112094e+03
12.5 5.427936e+03 5.500926e+03 6.104099e+03 6.031108e+03
13.5 5.385513e+03 5.541590e+03 6.116316e+03 5.960239e+03
14.5 5.608713e+03 5.510898e+03 6.130333e+03 6.228148e+03
15.5 5.784524e+03 5.722634e+03 6.112116e+03 6.174006e+03
16.5 5.640576e+03 5.754963e+03 6.082037e+03 5.967649e+03
17.5 5.248901e+03 5.891893e+03 6.074816e+03 5.431824e+03
18.5 6.371931e+03 5.956679e+03 6.104538e+03 6.519790e+03
19.5 6.024973e+03 5.765470e+03 6.122931e+03 6.382434e+03
20.5 5.905315e+03 5.823323e+03 6.108466e+03 6.190458e+03
21.5 5.701875e+03 5.655002e+03 6.107195e+03 6.154068e+03
0.9 6.060992e+03 5.783721e+03 6.115539e+03 6.392810e+03
1.9 5.945767e+03 5.976407e+03 6.107591e+03 6.076951e+03
2.9 5.720011e+03 5.664345e+03 6.127441e+03 6.183107e+03
3.9 5.743976e+03 5.715342e+03 6.133410e+03 6.162043e+03
4.9 5.866358e+03 5.858742e+03 6.111941e+03 6.119556e+03
5.9 5.780758e+03 5.888359e+03 6.110563e+03 6.002962e+03
6.9 5.765222e+03 5.750687e+03 6.129909e+03 6.144443e+03
7.9 5.704394e+03 5.715107e+03 6.122807e+03 6.112094e+03
8.9 5.427936e+03 5.500926e+03 6.104099e+03 6.031108e+03
9.9 5.385513e+03 5.541590e+03 6.116316e+03 5.960239e+03
10.9 5.608713e+03 5.510898e+03 6.130333e+03 6.228148e+03
11.9 5.784524e+03 5.722634e+03 6.112116e+03 6.174006e+03
12.9 5.640576e+03 5.754963e+03 6.082037e+03 5.967649e+03
13.9 5.248901e+03 5.891893e+03 6.074816e+03 5.431824e+03
14.9 6.371931e+03 5.956679e+03 6.104538e+03 6.519790e+03
15.9 6.024973e+03 5.765470e+03 6.122931e+03 6.382434e+03
16.9 5.905315e+03 5.823323e+03 6.108466e+03 6.190458e+03
17.9 5.701875e+03 5.655002e+03 6.107195e+03 6.154068e+03
18.9 5.505009e+03 5.554690e+03 6.129249e+03 6.079568e+03
19.9 5.480973e+03 5.501787e+03 6.126849e+03 6.106036e+03
20.9 5.368402e+03 5.431053e+03 6.098239e+03 6.035588e+03
21.9 5.358511e+03 5.415255e+03 6.074557e+03 6.017813e+03
0.3 5.743976e+03 5.715342e+03 6.133410e+03 6.162043e+03
1.3 5.866358e+03 5.858742e+03 6.111941e+03 6.119556e+03
2.3 5.780758e+03 5.888359e+03 6.110563e+03 6.002962e+03
3.3 5.765222e+03 5.750687e+03 6.129909e+03 6.144443e+03
4.3 5.704394e+03 5.715107e+03 6.122807e+03 6.112094e+03
5.3 5.427936e+03 5.500926e+03 6.104099e+03 6.031108e+03
6.3 5.385513e+03 5.541590e+03 6.116316e+03 5.960239e+03
7.3 5.608713e+03 5.510898e+03 6.130333e+03 6.228148e+03
8.3 5.784524e+03 5.722634e+03 6.112116e+03 6.174006e+03
9.3 5.640576e+03 5.754963e+03 6.082037e+03 5.967649e+03
10.3 5.248901e+03 5.891893e+03 6.074816e+03 5.431824e+03
11.3 6.371931e+03 5.956679e+03 6.104538e+03 6.519790e+03
12.3 6.024973e+03 5.765470e+03 6.122931e+03 6.382434e+03
13.3 5.905315e+03 5.823323e+03 6.108466e+03 6.190458e+03
14.3 5.701875e+03 5.655002e+03 6.107195e+03 6.154068e+03
15.3 5.505009e+03 5.554690e+03 6.129249e+03 6.079568e+03
16.3 5.480973e+03 5.501787e+03 6.126849e+03 6.106036e+03
17.3 5.368402e+03 5.431053e+03 6.098239e+03 6.035588e+03
18.3 5.358511e+03 5.415255e+03 6.074557e+03 6.017813e+03
19.3 5.384884e+03 5.456532e+03 6.088376e+03 6.016728e+03
20.3 5.739057e+03 5.738615e+03 6.119287e+03 6.119729e+03
21.3 5.779165e+03 5.826008e+03 6.117591e+03 6.070748e+03
0.7 5.704394e+03 5.715107e+03 6.122807e+03 6.112094e+03
1.7 5.427936e+03 5.500926e+03 6.104099e+03 6.031108e+03
2.7 5.385513e+03 5.541590e+03 6.116316e+03 5.960239e+03
3.7 5.608713e+03 5.510898e+03 6.130333e+03 6.228148e+03
4.7 5.784524e+03 5.722634e+03 6.112116e+03 6.174006e+03
5.7 5.640576e+03 5.754963e+03 6.082037e+03 5.967649e+03
6.7 5.248901e+03 5.891893e+03 6.074816e+03 5.431824e+03
7.7 6.371931e+03 5.956679e+03 6.104538e+03 6.519790e+03
8.7 6.024973e+03 5.765470e+03 6.122931e+03 6.382434e+03
9.7 5.905315e+03 5.823323e+03 6.108466e+03 6.190458e+03
10.7 5.701875e+03 5.655002e+03 6.107195e+03 6.154068e+03
11.7 5.505009e+03 5.554690e+03 6.129249e+03 6.079568e+03
12.7 5.480973e+03 5.501787e+03 6.126849e+03 6.106036e+03
13.7 5.368402e+03 5.431053e+03 6.098239e+03 6.035588e+03
14.7 5.358511e+03 5.415255e+03 6.074557e+03 6.017813e+03
15.7 5.384884e+03 5.456532e+03 6.088376e+03 6.016728e+03
16.7 5.739057e+03 5.738615e+03 6.119287e+03 6.119729e+03
17.7 5.779165e+03 5.826008e+03 6.117591e+03 6.070748e+03
18.7 5.849876e+03 5.757005e+03 6.091629e+03 6.184500e+03
19.7 5.851833e+03 5.840865e+03 6.067203e+03 6.078172e+03
20.7 5.531277e+03 5.493452e+03 6.056382e+03 6.094208e+03
21.7 5.077974e+03 5.368269e+03 6.078949e+03 5.788653e+03
0.8 5.640576e+03 5.754963e+03 6.082037e+03 5.967649e+03
1.8 5.248901e+03 5.891893e+03 6.074816e+03 5.431824e+03
2.8 6.371931e+03 5.956679e+03 6.104538e+03 6.519790e+03
3.8 6.024973e+03 5.765470e+03 6.122931e+03 6.382434e+03
4.8 5.905315e+03 5.823323e+03 6.108466e+03 6.190458e+03
5.8 5.701875e+03 5.655002e+03 6.107195e+03 6.154068e+03
6.8 5.505009e+03 5.554690e+03 6.129249e+03 6.079568e+03
7.8 5.480973e+03 5.501787e+03 6.126849e+03 6.106036e+03
8.8 5.368402e+03 5.431053e+03 6.098239e+03 6.035588e+03
9.8 5.358511e+03 5.415255e+03 6.074557e+03 6.017813e+03
10.8 5.384884e+03 5.456532e+03 6.088376e+03 6.016728e+03
11.8 5.739057e+03 5.738615e+03 6.119287e+03 6.119729e+03
12.8 5.779165e+03 5.826008e+03 6.117591e+03 6.070748e+03
13.8 5.849876e+03 5.757005e+03 6.091629e+03 6.184500e+03
14.8 5.851833e+03 5.840865e+03 6.067203e+03 6.078172e+03
15.8 5.531277e+03 5.493452e+03 6.056382e+03 6.094208e+03
16.8 5.077974e+03 5.368269e+03 6.078949e+03 5.788653e+03
17.8 6.167275e+03 5.799199e+03 6.116855e+03 6.484931e+03
18.8 5.882131e+03 5.835445e+03 6.120501e+03 6.167188e+03
19.8 5.555677e+03 5.677336e+03 6.096347e+03 5.974687e+03
20.8 5.447317e+03 5.491607e+03 6.071468e+03 6.027177e+03
21.8 5.464129e+03 5.540528e+03 6.059121e+03 5.982723e+03
0.2 6.024973e+03 5.765470e+03 6.122931e+03 6.382434e+03
1.2 5.905315e+03 5.823323e+03 6.108466e+03 6.190458e+03
2.2 5.701875e+03 5.655002e+03 6.107195e+03 6.154068e+03
3.2 5.505009e+03 5.554690e+03 6.129249e+03 6.079568e+03
4.2 5.480973e+03 5.501787e+03 6.126849e+03 6.106036e+03
5.2 5.368402e+03 5.431053e+03 6.098239e+03 6.035588e+03
6.2 5.358511e+03 5.415255e+03 6.074557e+03 6.017813e+03
7.2 5.384884e+03 5.456532e+03 6.088376e+03 6.016728e+03
8.2 5.739057e+03 5.738615e+03 6.119287e+03 6.119729e+03
9.2 5.779165e+03 5.826008e+03 6.117591e+03 6.070748e+03
10.2 5.849876e+03 5.757005e+03 6.091629e+03 6.184500e+03
11.2 5.851833e+03 5.840865e+03 6.067203e+03 6.078172e+03
12.2 5.531277e+03 5.493452e+03 6.056382e+03 6.094208e+03
13.2 5.077974e+03 5.368269e+03 6.078949e+03 5.788653e+03
14.2 6.167275e+03 5.799199e+03 6.116855e+03 6.484931e+03
15.2 5.882131e+03 5.835445e+03 6.120501e+03 6.167188e+03
16.2 5.555677e+03 5.677336e+03 6.096347e+03 5.974687e+03
17.2 5.447317e+03 5.491607e+03 6.071468e+03 6.027177e+03
18.2 5.464129e+03 5.540528e+03 6.059121e+03 5.982723e+03
19.2 5.652167e+03 5.586438e+03 6.079676e+03 6.145404e+03
20.2 5.546921e+03 5.569585e+03 6.117181e+03 6.094518e+03
21.2 5.778374e+03 5.545252e+03 6.121556e+03 6.354678e+03
0.4 5.368402e+03 5.431053e+03 6.098239e+03 6.035588e+03
1.4 5.358511e+03 5.415255e+03 6.074557e+03 6.017813e+03
2.4 5.384884e+03 5.456532e+03 6.088376e+03 6.016728e+03
3.4 5.739057e+03 5.738615e+03 6.119287e+03 6.119729e+03
4.4 5.779165e+03 5.826008e+03 6.117591e+03 6.070748e+03
5.4 5.849876e+03 5.757005e+03 6.091629e+03 6.184500e+03
6.4 5.851833e+03 5.840865e+03 6.067203e+03 6.078172e+03
7.4 5.531277e+03 5.493452e+03 6.056382e+03 6.094208e+03
8.4 5.077974e+03 5.368269e+03 6.078949e+03 5.788653e+03
9.4 6.167275e+03 5.799199e+03 6.116855e+03 6.484931e+03
10.4 5.882131e+03 5.835445e+03 6.120501e+03 6.167188e+03
11.4 5.555677e+03 5.677336e+03 6.096347e+03 5.974687e+03
12.4 5.447317e+03 5.491607e+03 6.071468e+03 6.027177e+03
13.4 5.464129e+03 5.540528e+03 6.059121e+03 5.982723e+03
14.4 5.652167e+03 5.586438e+03 6.079676e+03 6.145404e+03
15.4 5.546921e+03 5.569585e+03 6.117181e+03 6.094518e+03
16.4 5.778374e+03 5.545252e+03 6.121556e+03 6.354678e+03
17.4 5.970373e+03 5.887523e+03 6.107071e+03 6.189921e+03
18.4 5.887507e+03 5.737493e+03 6.119814e+03 6.269828e+03
19.4 5.611159e+03 5.732504e+03 6.135433e+03 6.014089e+03
20.4 5.520093e+03 5.462730e+03 6.118782e+03 6.176145e+03
21.4 5.501437e+03 5.641969e+03 6.105860e+03 5.965328e+03
0.3 5.851833e+03 5.840865e+03 6.067203e+03 6.078172e+03
1.3 5.531277e+03 5.493452e+03 6.056382e+03 6.094208e+03
2.3 5.077974e+03 5.368269e+03 6.078949e+03 5.788653e+03
3.3 6.167275e+03 5.799199e+03 6.116855e+03 6.484931e+03
4.3 5.882131e+03 5.835445e+03 6.120501e+03 6.167188e+03
5.3 5.555677e+03 5.677336e+03 6.096347e+03 5.974687e+03
6.3 5.447317e+03 5.491607e+03 6.071468e+03 6.027177e+03
7.3 5.464129e+03 5.540528e+03 6.059121e+03 5.982723e+03
8.3 5.652167e+03 5.586438e+03 6.079676e+03 6.145404e+03
9.3 5.546921e+03 5.569585e+03 6.117181e+03 6.094518e+03
10.3 5.778374e+03 5.545252e+03 6.121556e+03 6.354678e+03
11.3 5.970373e+03 5.887523e+03 6.107071e+03 6.189921e+03
12.3 5.887507e+03 5.737493e+03 6.119814e+03 6.269828e+03
13.3 5.611159e+03 5.732504e+03 6.135433e+03 6.014089e+03
14.3 5.520093e+03 5.462730e+03 6.118782e+03 6.176145e+03
15.3 5.501437e+03 5.641969e+03 6.105860e+03 5.965328e+03
16.3 5.673946e+03 5.572522e+03 6.123940e+03 6.225364e+03
17.3 5.343930e+03 5.354399e+03 6.128852e+03 6.118382e+03
18.3 5.386068e+03 5.373710e+03 6.103830e+03 6.116188e+03
19.3 5.483462e+03 5.565292e+03 6.076215e+03 5.994384e+03
20.3 5.418345e+03 5.381531e+03 6.080876e+03 6.117690e+03
21.3 5.395193e+03 5.528056e+03 6.113594e+03 5.980731e+03
0.3 5.447317e+03 5.491607e+03 6.071468e+03 6.027177e+03
1.3 5.464129e+03 5.540528e+03 6.059121e+03 5.982723e+03
2.3 5.652167e+03 5.586438e+03 6.079676e+03 6.145404e+03
3.3 5.546921e+03 5.569585e+03 6.117181e+03 6.094518e+03
4.3 5.778374e+03 5.545252e+03 6.121556e+03 6.354678e+03
5.3 5.970373e+03 5.887523e+03 6.107071e+03 6.189921e+03
6.3 5.887507e+03 5.737493e+03 6.119814e+03 6.269828e+03
7.3 5.611159e+03 5.732504e+03 6.135433e+03 6.014089e+03
8.3 5.520093e+03 5.462730e+03 6.118782e+03 6.176145e+03
9.3 5.501437e+03 5.641969e+03 6.105860e+03 5.965328e+03
10.3 5.673946e+03 5.572522e+03 6.123940e+03 6.225364e+03
11.3 5.343930e+03 5.354399e+03 6.128852e+03 6.118382e+03
12.3 5.386068e+03 5.373710e+03 6.103830e+03 6.116188e+03
13.3 5.483462e+03 5.565292e+03 6.076215e+03 5.994384e+03
14.3 5.418345e+03 5.381531e+03 6.080876e+03 6.117690e+03
15.3 5.395193e+03 5.528056e+03 6.113594e+03 5.980731e+03
16.3 5.997835e+03 6.108821e+03 6.120981e+03 6.009996e+03
17.3 5.715215e+03 5.811621e+03 6.097993e+03 6.001587e+03
18.3 5.647671e+03 5.793402e+03 6.071915e+03 5.926185e+03
19.3 5.691301e+03 5.655558e+03 6.056616e+03 6.092359e+03
20.3 5.634084e+03 5.656842e+03 6.070590e+03 6.047832e+03
21.3 5.558194e+03 5.722105e+03 6.110042e+03 5.946132e+03
0.6 5.778374e+03 5.545252e+03 6.121556e+03 6.354678e+03
1.6 5.970373e+03 5.887523e+03 6.107071e+03 6.189921e+03
2.6 5.887507e+03 5.737493e+03 6.119814e+03 6.269828e+03
3.6 5.611159e+03 5.732504e+03 6.135433e+03 6.014089e+03
4.6 5.520093e+03 5.462730e+03 6.118782e+03 6.176145e+03
5.6 5.501437e+03 5.641969e+03 6.105860e+03 5.965328e+03
6.6 5.673946e+03 5.572522e+03 6.123940e+03 6.225364e+03
7.6 5.343930e+03 5.354399e+03 6.128852e+03 6.118382e+03
8.6 5.386068e+03 5.373710e+03 6.103830e+03 6.116188e+03
9.6 5.483462e+03 5.565292e+03 6.076215e+03 5.994384e+03
10.6 5.418345e+03 5.381531e+03 6.080876e+03 6.117690e+03
11.6 5.395193e+03 5.528056e+03 6.113594e+03 5.980731e+03
12.6 5.997835e+03 6.108821e+03 6.120981e+03 6.009996e+03
13.6 5.715215e+03 5.811621e+03 6.097993e+03 6.001587e+03
14.6 5.647671e+03 5.793402e+03 6.071915e+03 5.926185e+03
15.6 5.691301e+03 5.655558e+03 6.056616e+03 6.092359e+03
16.6 5.634084e+03 5.656842e+03 6.070590e+03 6.047832e+03
17.6 5.558194e+03 5.722105e+03 6.110042e+03 5.946132e+03
18.6 5.581619e+03 5.589317e+03 6.123212e+03 6.115515e+03
19.6 5.547288e+03 5.688638e+03 6.102680e+03 5.961329e+03
20.6 5.377727e+03 5.500917e+03 6.076438e+03 5.953247e+03
21.6 5.519390e+03 5.635459e+03 6.059648e+03 5.943579e+03
1.0 5.520093e+03 5.462730e+03 6.118782e+03 6.176145e+03
2.0 5.501437e+03 5.641969e+03 6.105860e+03 5.965328e+03
3.0 5.673946e+03 5.572522e+03 6.123940e+03 6.225364e+03
4.0 5.343930e+03 5.354399e+03 6.128852e+03 6.118382e+03
5.0 5.386068e+03 5.373710e+03 6.103830e+03 6.116188e+03
6.0 5.483462e+03 5.565292e+03 6.076215e+03 5.994384e+03
7.0 5.418345e+03 5.381531e+03 6.080876e+03 6.117690e+03
8.0 5.395193e+03 5.528056e+03 6.113594e+03 5.980731e+03
9.0 5.997835e+03 6.108821e+03 6.120981e+03 6.009996e+03
10.0 5.715215e+03 5.811621e+03 6.097993e+03 6.001587e+03
11.0 5.647671e+03 5.793402e+03 6.071915e+03 5.926185e+03
12.0 5.691301e+03 5.655558e+03 6.056616e+03 6.092359e+03
13.0 5.634084e+03 5.656842e+03 6.070590e+03 6.047832e+03
14.0 5.558194e+03 5.722105e+03 6.110042e+03 5.946132e+03
15.0 5.581619e+03 5.589317e+03 6.123212e+03 6.115515e+03
16.0 5.547288e+03 5.688638e+03 6.102680e+03 5.961329e+03
17.0 5.377727e+03 5.500917e+03 6.076438e+03 5.953247e+03
18.0 5.519390e+03 5.635459e+03 6.059648e+03 5.943579e+03
19.0 5.701695e+03 5.803997e+03 6.070652e+03 5.968349e+03
20.0 5.816225e+03 5.698374e+03 6.109232e+03 6.227083e+03
21.0 5.867899e+03 5.831183e+03 6.124271e+03 6.160987e+03
22.0 5.762411e+03 5.775644e+03 6.104586e+03 6.091354e+03
0.1 5.386068e+03 5.373710e+03 6.103830e+03 6.116188e+03
1.1 5.483462e+03 5.565292e+03 6.076215e+03 5.994384e+03
2.1 5.418345e+03 5.381531e+03 6.080876e+03 6.117690e+03
3.1 5.395193e+03 5.528056e+03 6.113594e+03 5.980731e+03
4.1 5.997835e+03 6.108821e+03 6.120981e+03 6.009996e+03
5.1 5.715215e+03 5.811621e+03 6.097993e+03 6.001587e+03
6.1 5.647671e+03 5.793402e+03 6.071915e+03 5.926185e+03
7.1 5.691301e+03 5.655558e+03 6.056616e+03 6.092359e+03
8.1 5.634084e+03 5.656842e+03 6.070590e+03 6.047832e+03
9.1 5.558194e+03 5.722105e+03 6.110042e+03 5.946132e+03
10.1 5.581619e+03 5.589317e+03 6.123212e+03 6.115515e+03
11.1 5.547288e+03 5.688638e+03 6.102680e+03 5.961329e+03
12.1 5.377727e+03 5.500917e+03 6.076438e+03 5.953247e+03
13.1 5.519390e+03 5.635459e+03 6.059648e+03 5.943579e+03
14.1 5.701695e+03 5.803997e+03 6.070652e+03 5.968349e+03
15.1 5.816225e+03 5.698374e+03 6.109232e+03 6.227083e+03
16.1 5.867899e+03 5.831183e+03 6.124271e+03 6.160987e+03
17.1 5.762411e+03 5.775644e+03 6.104586e+03 6.091354e+03
18.1 5.824667e+03 5.902363e+03 6.077923e+03 6.000228e+03
19.1 5.620812e+03 5.665011e+03 6.059268e+03 6.015069e+03
20.1 5.431791e+03 5.419452e+03 6.049165e+03 6.061504e+03
21.1 5.331680e+03 5.297884e+03 6.044800e+03 6.078596e+03
0.1 5.647671e+03 5.793402e+03 6.071915e+03 5.926185e+03
1.1 5.691301e+03 5.655558e+03 6.056616e+03 6.092359e+03
2.1 5.634084e+03 5.656842e+03 6.070590e+03 6.047832e+03
3.1 5.558194e+03 5.722105e+03 6.110042e+03 5.946132e+03
4.1 5.581619e+03 5.589317e+03 6.123212e+03 6.115515e+03
5.1 5.547288e+03 5.688638e+03 6.102680e+03 5.961329e+03
6.1 5.377727e+03 5.500917e+03 6.076438e+03 5.953247e+03
7.1 5.519390e+03 5.635459e+03 6.059648e+03 5.943579e+03
8.1 5.701695e+03 5.803997e+03 6.070652e+03 5.968349e+03
9.1 5.816225e+03 5.698374e+03 6.109232e+03 6.227083e+03
10.1 5.867899e+03 5.831183e+03 6.124271e+03 6.160987e+03
11.1 5.762411e+03 5.775644e+03 6.104586e+03 6.091354e+03
12.1 5.824667e+03 5.902363e+03 6.077923e+03 6.000228e+03
13.1 5.620812e+03 5.665011e+03 6.059268e+03 6.015069e+03
14.1 5.431791e+03 5.419452e+03 6.049165e+03 6.061504e+03
15.1 5.331680e+03 5.297884e+03 6.044800e+03 6.078596e+03
16.1 5.265426e+03 5.295270e+03 6.043973e+03 6.014129e+03
17.1 5.181999e+03 5.234872e+03 6.049398e+03 5.996524e+03
18.1 5.270307e+03 5.254272e+03 6.081682e+03 6.097717e+03
19.1 5.397721e+03 5.457401e+03 6.123097e+03 6.063417e+03
20.1 5.280507e+03 5.523338e+03 6.126408e+03 5.883577e+03
21.1 6.013365e+03 5.774885e+03 6.101023e+03 6.339503e+03
1.0 5.519390e+03 5.635459e+03 6.059648e+03 5.943579e+03
2.0 5.701695e+03 5.803997e+03 6.070652e+03 5.968349e+03
3.0 5.816225e+03 5.698374e+03 6.109232e+03 6.227083e+03
4.0 5.867899e+03 5.831183e+03 6.124271e+03 6.160987e+03
5.0 5.762411e+03 5.775644e+03 6.104586e+03 6.091354e+03
6.0 5.824667e+03 5.902363e+03 6.077923e+03 6.000228e+03
7.0 5.620812e+03 5.665011e+03 6.059268e+03 6.015069e+03
8.0 5.431791e+03 5.419452e+03 6.049165e+03 6.061504e+03
9.0 5.331680e+03 5.297884e+03 6.044800e+03 6.078596e+03
10.0 5.265426e+03 5.295270e+03 6.043973e+03 6.014129e+03
11.0 5.181999e+03 5.234872e+03 6.049398e+03 5.996524e+03
12.0 5.270307e+03 5.254272e+03 6.081682e+03 6.097717e+03
13.0 5.397721e+03 5.457401e+03 6.123097e+03 6.063417e+03
14.0 5.280507e+03 5.523338e+03 6.126408e+03 5.883577e+03
15.0 6.013365e+03 5.774885e+03 6.101023e+03 6.339503e+03
16.0 5.896004e+03 5.757544e+03 6.082002e+03 6.220462e+03
17.0 5.779734e+03 5.661680e+03 6.100175e+03 6.218229e+03
18.0 5.780413e+03 5.677530e+03 6.126600e+03 6.229482e+03
19.0 5.747384e+03 5.693542e+03 6.117906e+03 6.171748e+03
20.0 5.632230e+03 5.573728e+03 6.089693e+03 6.148195e+03
21.0 5.614927e+03 5.540009e+03 6.076616e+03 6.151534e+03
22.0 5.531432e+03 5.470508e+03 6.101821e+03 6.162745e+03
0.3 5.265426e+03 5.295270e+03 6.043973e+03 6.014129e+03
1.3 5.181999e+03 5.234872e+03 6.049398e+03 5.996524e+03
2.3 5.270307e+03 5.254272e+03 6.081682e+03 6.097717e+03
3.3 5.397721e+03 5.457401e+03 6.123097e+03 6.063417e+03
4.3 5.280507e+03 5.523338e+03 6.126408e+03 5.883577e+03
5.3 6.013365e+03 5.774885e+03 6.101023e+03 6.339503e+03
6.3 5.896004e+03 5.757544e+03 6.082002e+03 6.220462e+03
7.3 5.779734e+03 5.661680e+03 6.100175e+03 6.218229e+03
8.3 5.780413e+03 5.677530e+03 6.126600e+03 6.229482e+03
9.3 5.747384e+03 5.693542e+03 6.117906e+03 6.171748e+03
10.3 5.632230e+03 5.573728e+03 6.089693e+03 6.148195e+03
11.3 5.614927e+03 5.540009e+03 6.076616e+03 6.151534e+03
12.3 5.531432e+03 5.470508e+03 6.101821e+03 6.162745e+03
13.3 5.580733e+03 5.496762e+03 6.125191e+03 6.209163e+03
14.3 5.633534e+03 5.575234e+03 6.112082e+03 6.170383e+03
15.3 5.620768e+03 5.674040e+03 6.084390e+03 6.031118e+03
16.3 5.914085e+03 5.857976e+03 6.077190e+03 6.133299e+03
17.3 6.047460e+03 6.085289e+03 6.106387e+03 6.068559e+03
18.3 6.296379e+03 6.179483e+03 6.125258e+03 6.242154e+03
19.3 6.207042e+03 6.131882e+03 6.108246e+03 6.183406e+03
20.3 6.144075e+03 6.122919e+03 6.080281e+03 6.101436e+03
21.3 6.313444e+03 6.300364e+03 6.060159e+03 6.073240e+03
0.5 6.013365e+03 5.774885e+03 6.101023e+03 6.339503e+03
1.5 5.896004e+03 5.757544e+03 6.082002e+03 6.220462e+03
2.5 5.779734e+03 5.661680e+03 6.100175e+03 6.218229e+03
3.5 5.780413e+03 5.677530e+03 6.126600e+03 6.229482e+03
4.5 5.747384e+03 5.693542e+03 6.117906e+03 6.171748e+03
5.5 5.632230e+03 5.573728e+03 6.089693e+03 6.148195e+03
6.5 5.614927e+03 5.540009e+03 6.076616e+03 6.151534e+03
7.5 5.531432e+03 5.470508e+03 6.101821e+03 6.162745e+03
8.5 5.580733e+03 5.496762e+03 6.125191e+03 6.209163e+03
9.5 5.633534e+03 5.575234e+03 6.112082e+03 6.170383e+03
10.5 5.620768e+03 5.674040e+03 6.084390e+03 6.031118e+03
11.5 5.914085e+03 5.857976e+03 6.077190e+03 6.133299e+03
12.5 6.047460e+03 6.085289e+03 6.106387e+03 6.068559e+03
13.5 6.296379e+03 6.179483e+03 6.125258e+03 6.242154e+03
14.5 6.207042e+03 6.131882e+03 6.108246e+03 6.183406e+03
15.5 6.144075e+03 6.122919e+03 6.080281e+03 6.101436e+03
16.5 6.313444e+03 6.300364e+03 6.060159e+03 6.073240e+03
17.5 6.126717e+03 5.963147e+03 6.063066e+03 6.226636e+03
18.5 5.958606e+03 5.818387e+03 6.099421e+03 6.239640e+03
19.5 6.261104e+03 6.007356e+03 6.123947e+03 6.377696e+03
20.5 5.917127e+03 5.969257e+03 6.112565e+03 6.060435e+03
21.5 5.661057e+03 5.588826e+03 6.110740e+03 6.182972e+03
0.7 5.632230e+03 5.573728e+03 6.089693e+03 6.148195e+03
1.7 5.614927e+03 5.540009e+03 6.076616e+03 6.151534e+03
2.7 5.531432e+03 5.470508e+03 6.101821e+03 6.162745e+03
3.7 5.580733e+03 5.496762e+03 6.125191e+03 6.209163e+03
4.7 5.633534e+03 5.575234e+03 6.112082e+03 6.170383e+03
5.7 5.620768e+03 5.674040e+03 6.084390e+03 6.031118e+03
6.7 5.914085e+03 5.857976e+03 6.077190e+03 6.133299e+03
7.7 6.047460e+03 6.085289e+03 6.106387e+03 6.068559e+03
8.7 6.296379e+03 6.179483e+03 6.125258e+03 6.242154e+03
9.7 6.207042e+03 6.131882e+03 6.108246e+03 6.183406e+03
10.7 6.144075e+03 6.122919e+03 6.080281e+03 6.101436e+03
11.7 6.313444e+03 6.300364e+03 6.060159e+03 6.073240e+03
12.7 6.126717e+03 5.963147e+03 6.063066e+03 6.226636e+03
13.7 5.958606e+03 5.818387e+03 6.099421e+03 6.239640e+03
14.7 6.261104e+03 6.007356e+03 6.123947e+03 6.377696e+03
15.7 5.917127e+03 5.969257e+03 6.112565e+03 6.060435e+03
16.7 5.661057e+03 5.588826e+03 6.110740e+03 6.182972e+03
17.7 5.839076e+03 5.863167e+03 6.132083e+03 6.107992e+03
18.7 6.169092e+03 6.157023e+03 6.129727e+03 6.141797e+03
19.7 5.830604e+03 5.857985e+03 6.100575e+03 6.073193e+03
20.7 5.731676e+03 5.691953e+03 6.071269e+03 6.110992e+03
21.7 6.016869e+03 5.945784e+03 6.054897e+03 6.125982e+03
0.8 5.620768e+03 5.674040e+03 6.084390e+03 6.031118e+03
1.8 5.914085e+03 5.857976e+03 6.077190e+03 6.133299e+03
2.8 6.047460e+03 6.085289e+03 6.106387e+03 6.068559e+03
3.8 6.296379e+03 6.179483e+03 6.125258e+03 6.242154e+03
4.8 6.207042e+03 6.131882e+03 6.108246e+03 6.183406e+03
5.8 6.144075e+03 6.122919e+03 6.080281e+03 6.101436e+03
6.8 6.313444e+03 6.300364e+03 6.060159e+03 6.073240e+03
7.8 6.126717e+03 5.963147e+03 6.063066e+03 6.226636e+03
8.8 5.958606e+03 5.818387e+03 6.099421e+03 6.239640e+03
9.8 6.261104e+03 6.007356e+03 6.123947e+03 6.377696e+03
10.8 5.917127e+03 5.969257e+03 6.112565e+03 6.060435e+03
11.8 5.661057e+03 5.588826e+03 6.110740e+03 6.182972e+03
12.8 5.839076e+03 5.863167e+03 6.132083e+03 6.107992e+03
13.8 6.169092e+03 6.157023e+03 6.129727e+03 6.141797e+03
14.8 5.830604e+03 5.857985e+03 6.100575e+03 6.073193e+03
15.8 5.731676e+03 5.691953e+03 6.071269e+03 6.110992e+03
16.8 6.016869e+03 5.945784e+03 6.054897e+03 6.125982e+03
17.8 5.863607e+03 5.842316e+03 6.069656e+03 6.090947e+03
18.8 5.807637e+03 5.885752e+03 6.109437e+03 6.031322e+03
19.8 5.512579e+03 5.465765e+03 6.121927e+03 6.168741e+03
20.8 5.639343e+03 5.706192e+03 6.107927e+03 6.041078e+03
21.8 5.756515e+03 5.847501e+03 6.116618e+03 6.025632e+03
0.8 6.313444e+03 6.300364e+03 6.060159e+03 6.073240e+03
1.8 6.126717e+03 5.963147e+03 6.063066e+03 6.226636e+03
2.8 5.958606e+03 5.818387e+03 6.099421e+03 6.239640e+03
3.8 6.261104e+03 6.007356e+03 6.123947e+03 6.377696e+03
4.8 5.917127e+03 5.969257e+03 6.112565e+03 6.060435e+03
5.8 5.661057e+03 5.588826e+03 6.110740e+03 6.182972e+03
6.8 5.839076e+03 5.863167e+03 6.132083e+03 6.107992e+03
7.8 6.169092e+03 6.157023e+03 6.129727e+03 6.141797e+03
8.8 5.830604e+03 5.857985e+03 6.100575e+03 6.073193e+03
9.8 5.731676e+03 5.691953e+03 6.071269e+03 6.110992e+03
10.8 6.016869e+03 5.945784e+03 6.054897e+03 6.125982e+03
11.8 5.863607e+03 5.842316e+03 6.069656e+03 6.090947e+03
12.8 5.807637e+03 5.885752e+03 6.109437e+03 6.031322e+03
13.8 5.512579e+03 5.465765e+03 6.121927e+03 6.168741e+03
14.8 5.639343e+03 5.706192e+03 6.107927e+03 6.041078e+03
15.8 5.756515e+03 5.847501e+03 6.116618e+03 6.025632e+03
16.8 5.694533e+03 5.744334e+03 6.135308e+03 6.085507e+03
17.8 5.504475e+03 5.552480e+03 6.122067e+03 6.074061e+03
18.8 5.700391e+03 5.683950e+03 6.090546e+03 6.106986e+03
19.8 5.892756e+03 5.852998e+03 6.074682e+03 6.114440e+03
20.8 5.556604e+03 5.549566e+03 6.098496e+03 6.105534e+03
21.8 5.747481e+03 5.604490e+03 6.122970e+03 6.265962e+03
0.1 6.261104e+03 6.007356e+03 6.123947e+03 6.377696e+03
1.1 5.917127e+03 5.969257e+03 6.112565e+03 6.060435e+03
2.1 5.661057e+03 5.588826e+03 6.110740e+03 6.182972e+03
3.1 5.839076e+03 5.863167e+03 6.132083e+03 6.107992e+03
4.1 6.169092e+03 6.157023e+03 6.129727e+03 6.141797e+03
5.1 5.830604e+03 5.857985e+03 6.100575e+03 6.073193e+03
6.1 5.731676e+03 5.691953e+03 6.071269e+03 6.110992e+03
7.1 6.016869e+03 5.945784e+03 6.054897e+03 6.125982e+03
8.1 5.863607e+03 5.842316e+03 6.069656e+03 6.090947e+03
9.1 5.807637e+03 5.885752e+03 6.109437e+03 6.031322e+03
10.1 5.512579e+03 5.465765e+03 6.121927e+03 6.168741e+03
11.1 5.639343e+03 5.706192e+03 6.107927e+03 6.041078e+03
12.1 5.756515e+03 5.847501e+03 6.116618e+03 6.025632e+03
13.1 5.694533e+03 5.744334e+03 6.135308e+03 6.085507e+03
14.1 5.504475e+03 5.552480e+03 6.122067e+03 6.074061e+03
15.1 5.700391e+03 5.683950e+03 6.090546e+03 6.106986e+03
16.1 5.892756e+03 5.852998e+03 6.074682e+03 6.114440e+03
17.1 5.556604e+03 5.549566e+03 6.098496e+03 6.105534e+03
18.1 5.747481e+03 5.604490e+03 6.122970e+03 6.265962e+03
19.1 5.745694e+03 5.754547e+03 6.112535e+03 6.103682e+03
20.1 5.648803e+03 5.770385e+03 6.105697e+03 5.984115e+03
21.1 5.435036e+03 5.532742e+03 6.126577e+03 6.028871e+03
0.1 5.731676e+03 5.691953e+03 6.071269e+03 6.110992e+03
1.1 6.016869e+03 5.945784e+03 6.054897e+03 6.125982e+03
2.1 5.863607e+03 5.842316e+03 6.069656e+03 6.090947e+03
3.1 5.807637e+03 5.885752e+03 6.109437e+03 6.031322e+03
4.1 5.512579e+03 5.465765e+03 6.121927e+03 6.168741e+03
5.1 5.639343e+03 5.706192e+03 6.107927e+03 6.041078e+03
6.1 5.756515e+03 5.847501e+03 6.116618e+03 6.025632e+03
7.1 5.694533e+03 5.744334e+03 6.135308e+03 6.085507e+03
8.1 5.504475e+03 5.552480e+03 6.122067e+03 6.074061e+03
9.1 5.700391e+03 5.683950e+03 6.090546e+03 6.106986e+03
10.1 5.892756e+03 5.852998e+03 6.074682e+03 6.114440e+03
11.1 5.556604e+03 5.549566e+03 6.098496e+03 6.105534e+03
12.1 5.747481e+03 5.604490e+03 6.122970e+03 6.265962e+03
13.1 5.745694e+03 5.754547e+03 6.112535e+03 6.103682e+03
14.1 5.648803e+03 5.770385e+03 6.105697e+03 5.984115e+03
15.1 5.435036e+03 5.532742e+03 6.126577e+03 6.028871e+03
16.1 5.495042e+03 5.585386e+03 6.130105e+03 6.039761e+03
17.1 5.461014e+03 5.622710e+03 6.108994e+03 5.947299e+03
18.1 5.416729e+03 5.535562e+03 6.111275e+03 5.992443e+03
19.1 5.444485e+03 5.608008e+03 6.130265e+03 5.966743e+03
20.1 5.437579e+03 5.555676e+03 6.120640e+03 6.002543e+03
21.1 5.606409e+03 5.694301e+03 6.103663e+03 6.015771e+03
0.5 5.512579e+03 5.465765e+03 6.121927e+03 6.168741e+03
1.5 5.639343e+03 5.706192e+03 6.107927e+03 6.041078e+03
2.5 5.756515e+03 5.847501e+03 6.116618e+03 6.025632e+03
3.5 5.694533e+03 5.744334e+03 6.135308e+03 6.085507e+03
4.5 5.504475e+03 5.552480e+03 6.122067e+03 6.074061e+03
5.5 5.700391e+03 5.683950e+03 6.090546e+03 6.106986e+03
6.5 5.892756e+03 5.852998e+03 6.074682e+03 6.114440e+03
7.5 5.556604e+03 5.549566e+03 6.098496e+03 6.105534e+03
8.5 5.747481e+03 5.604490e+03 6.122970e+03 6.265962e+03
9.5 5.745694e+03 5.754547e+03 6.112535e+03 6.103682e+03
10.5 5.648803e+03 5.770385e+03 6.105697e+03 5.984115e+03
11.5 5.435036e+03 5.532742e+03 6.126577e+03 6.028871e+03
12.5 5.495042e+03 5.585386e+03 6.130105e+03 6.039761e+03
13.5 5.461014e+03 5.622710e+03 6.108994e+03 5.947299e+03
14.5 5.416729e+03 5.535562e+03 6.111275e+03 5.992443e+03
15.5 5.444485e+03 5.608008e+03 6.130265e+03 5.966743e+03
16.5 5.437579e+03 5.555676e+03 6.120640e+03 6.002543e+03
17.5 5.606409e+03 5.694301e+03 6.103663e+03 6.015771e+03
18.5 5.476566e+03 5.547572e+03 6.118287e+03 6.047282e+03
19.5 5.588540e+03 5.676472e+03 6.129975e+03 6.042043e+03
20.5 5.495526e+03 5.558281e+03 6.109556e+03 6.046800e+03
21.5 5.650010e+03 5.676603e+03 6.079838e+03 6.053245e+03
0.6 5.700391e+03 5.683950e+03 6.090546e+03 6.106986e+03
1.6 5.892756e+03 5.852998e+03 6.074682e+03 6.114440e+03
2.6 5.556604e+03 5.549566e+03 6.098496e+03 6.105534e+03
3.6 5.747481e+03 5.604490e+03 6.122970e+03 6.265962e+03
4.6 5.745694e+03 5.754547e+03 6.112535e+03 6.103682e+03
5.6 5.648803e+03 5.770385e+03 6.105697e+03 5.984115e+03
6.6 5.435036e+03 5.532742e+03 6.126577e+03 6.028871e+03
7.6 5.495042e+03 5.585386e+03 6.130105e+03 6.039761e+03
8.6 5.461014e+03 5.622710e+03 6.108994e+03 5.947299e+03
9.6 5.416729e+03 5.535562e+03 6.111275e+03 5.992443e+03
10.6 5.444485e+03 5.608008e+03 6.130265e+03 5.966743e+03
11.6 5.437579e+03 5.555676e+03 6.120640e+03 6.002543e+03
12.6 5.606409e+03 5.694301e+03 6.103663e+03 6.015771e+03
13.6 5.476566e+03 5.547572e+03 6.118287e+03 6.047282e+03
14.6 5.588540e+03 5.676472e+03 6.129975e+03 6.042043e+03
15.6 5.495526e+03 5.558281e+03 6.109556e+03 6.046800e+03
16.6 5.650010e+03 5.676603e+03 6.079838e+03 6.053245e+03
17.6 5.647479e+03 5.766942e+03 6.075258e+03 5.955795e+03
18.6 5.633368e+03 5.518950e+03 6.106269e+03 6.220686e+03
19.6 5.749877e+03 5.695014e+03 6.122715e+03 6.177578e+03
20.6 5.840004e+03 5.886191e+03 6.104356e+03 6.058170e+03
21.6 5.526517e+03 5.599205e+03 6.078839e+03 6.006151e+03
1.0 5.745694e+03 5.754547e+03 6.112535e+03 6.103682e+03
2.0 5.648803e+03 5.770385e+03 6.105697e+03 5.984115e+03
3.0 5.435036e+03 5.532742e+03 6.126577e+03 6.028871e+03
4.0 5.495042e+03 5.585386e+03 6.130105e+03 6.039761e+03
5.0 5.461014e+03 5.622710e+03 6.108994e+03 5.947299e+03
6.0 5.416729e+03 5.535562e+03 6.111275e+03 5.992443e+03
7.0 5.444485e+03 5.608008e+03 6.130265e+03 5.966743e+03
8.0 5.437579e+03 5.555676e+03 6.120640e+03 6.002543e+03
9.0 5.606409e+03 5.694301e+03 6.103663e+03 6.015771e+03
10.0 5.476566e+03 5.547572e+03 6.118287e+03 6.047282e+03
11.0 5.588540e+03 5.676472e+03 6.129975e+03 6.042043e+03
12.0 5.495526e+03 5.558281e+03 6.109556e+03 6.046800e+03
13.0 5.650010e+03 5.676603e+03 6.079838e+03 6.053245e+03
14.0 5.647479e+03 5.766942e+03 6.075258e+03 5.955795e+03
15.0 5.633368e+03 5.518950e+03 6.106269e+03 6.220686e+03
16.0 5.749877e+03 5.695014e+03 6.122715e+03 6.177578e+03
17.0 5.840004e+03 5.886191e+03 6.104356e+03 6.058170e+03
18.0 5.526517e+03 5.599205e+03 6.078839e+03 6.006151e+03
19.0 5.576403e+03 5.609654e+03 6.082118e+03 6.048868e+03
20.0 5.524644e+03 5.541838e+03 6.114594e+03 6.097399e+03
21.0 5.464276e+03 5.590863e+03 6.123643e+03 5.997056e+03
22.0 5.546879e+03 5.656841e+03 6.100945e+03 5.990984e+03
0.4 5.495042e+03 5.585386e+03 6.130105e+03 6.039761e+03
1.4 5.461014e+03 5.622710e+03 6.108994e+03 5.947299e+03
2.4 5.416729e+03 5.535562e+03 6.111275e+03 5.992443e+03
3.4 5.444485e+03 5.608008e+03 6.130265e+03 5.966743e+03
4.4 5.437579e+03 5.555676e+03 6.120640e+03 6.002543e+03
5.4 5.606409e+03 5.694301e+03 6.103663e+03 6.015771e+03
6.4 5.476566e+03 5.547572e+03 6.118287e+03 6.047282e+03
7.4 5.588540e+03 5.676472e+03 6.129975e+03 6.042043e+03
8.4 5.495526e+03 5.558281e+03 6.109556e+03 6.046800e+03
9.4 5.650010e+03 5.676603e+03 6.079838e+03 6.053245e+03
10.4 5.647479e+03 5.766942e+03 6.075258e+03 5.955795e+03
11.4 5.633368e+03 5.518950e+03 6.106269e+03 6.220686e+03
12.4 5.749877e+03 5.695014e+03 6.122715e+03 6.177578e+03
13.4 5.840004e+03 5.886191e+03 6.104356e+03 6.058170e+03
14.4 5.526517e+03 5.599205e+03 6.078839e+03 6.006151e+03
15.4 5.576403e+03 5.609654e+03 6.082118e+03 6.048868e+03
16.4 5.524644e+03 5.541838e+03 6.114594e+03 6.097399e+03
17.4 5.464276e+03 5.590863e+03 6.123643e+03 5.997056e+03
18.4 5.546879e+03 5.656841e+03 6.100945e+03 5.990984e+03
19.4 5.533932e+03 5.615959e+03 6.073974e+03 5.991947e+03
20.4 5.503080e+03 5.492564e+03 6.057370e+03 6.067885e+03
21.4 5.588277e+03 5.556903e+03 6.068955e+03 6.100329e+03
0.7 5.437579e+03 5.555676e+03 6.120640e+03 6.002543e+03
1.7 5.606409e+03 5.694301e+03 6.103663e+03 6.015771e+03
2.7 5.476566e+03 5.547572e+03 6.118287e+03 6.047282e+03
3.7 5.588540e+03 5.676472e+03 6.129975e+03 6.042043e+03
4.7 5.495526e+03 5.558281e+03 6.109556e+03 6.046800e+03
5.7 5.650010e+03 5.676603e+03 6.079838e+03 6.053245e+03
6.7 5.647479e+03 5.766942e+03 6.075258e+03 5.955795e+03
7.7 5.633368e+03 5.518950e+03 6.106269e+03 6.220686e+03
8.7 5.749877e+03 5.695014e+03 6.122715e+03 6.177578e+03
9.7 5.840004e+03 5.886191e+03 6.104356e+03 6.058170e+03
10.7 5.526517e+03 5.599205e+03 6.078839e+03 6.006151e+03
11.7 5.576403e+03 5.609654e+03 6.082118e+03 6.048868e+03
12.7 5.524644e+03 5.541838e+03 6.114594e+03 6.097399e+03
13.7 5.464276e+03 5.590863e+03 6.123643e+03 5.997056e+03
14.7 5.546879e+03 5.656841e+03 6.100945e+03 5.990984e+03
15.7 5.533932e+03 5.615959e+03 6.073974e+03 5.991947e+03
16.7 5.503080e+03 5.492564e+03 6.057370e+03 6.067885e+03
17.7 5.588277e+03 5.556903e+03 6.068955e+03 6.100329e+03
18.7 5.576519e+03 5.478596e+03 6.108143e+03 6.206066e+03
19.7 5.776507e+03 5.625505e+03 6.123647e+03 6.274648e+03
20.7 5.705321e+03 5.663607e+03 6.104260e+03 6.145974e+03
21.7 5.623999e+03 5.571381e+03 6.080076e+03 6.132694e+03
0.9 5.650010e+03 5.676603e+03 6.079838e+03 6.053245e+03
1.9 5.647479e+03 5.766942e+03 6.075258e+03 5.955795e+03
2.9 5.633368e+03 5.518950e+03 6.106269e+03 6.220686e+03
3.9 5.749877e+03 5.695014e+03 6.122715e+03 6.177578e+03
4.9 5.840004e+03 5.886191e+03 6.104356e+03 6.058170e+03
5.9 5.526517e+03 5.599205e+03 6.078839e+03 6.006151e+03
6.9 5.576403e+03 5.609654e+03 6.082118e+03 6.048868e+03
7.9 5.524644e+03 5.541838e+03 6.114594e+03 6.097399e+03
8.9 5.464276e+03 5.590863e+03 6.123643e+03 5.997056e+03
9.9 5.546879e+03 5.656841e+03 6.100945e+03 5.990984e+03
10.9 5.533932e+03 5.615959e+03 6.073974e+03 5.991947e+03
11.9 5.503080e+03 5.492564e+03 6.057370e+03 6.067885e+03
12.9 5.588277e+03 5.556903e+03 6.068955e+03 6.100329e+03
13.9 5.576519e+03 5.478596e+03 6.108143e+03 6.206066e+03
14.9 5.776507e+03 5.625505e+03 6.123647e+03 6.274648e+03
15.9 5.705321e+03 5.663607e+03 6.104260e+03 6.145974e+03
16.9 5.623999e+03 5.571381e+03 6.080076e+03 6.132694e+03
17.9 5.629079e+03 5.553743e+03 6.086650e+03 6.161985e+03
18.9 5.490913e+03 5.456823e+03 6.118662e+03 6.152752e+03
19.9 5.658717e+03 5.581662e+03 6.123750e+03 6.200805e+03
20.9 5.905514e+03 5.942562e+03 6.106948e+03 6.069900e+03
21.9 6.065285e+03 6.010776e+03 6.116205e+03 6.170715e+03
0.1 5.840004e+03 5.886191e+03 6.104356e+03 6.058170e+03
1.1 5.526517e+03 5.599205e+03 6.078839e+03 6.006151e+03
2.1 5.576403e+03 5.609654e+03 6.082118e+03 6.048868e+03
3.1 5.524644e+03 5.541838e+03 6.114594e+03 6.097399e+03
4.1 5.464276e+03 5.590863e+03 6.123643e+03 5.997056e+03
5.1 5.546879e+03 5.656841e+03 6.100945e+03 5.990984e+03
6.1 5.533932e+03 5.615959e+03 6.073974e+03 5.991947e+03
7.1 5.503080e+03 5.492564e+03 6.057370e+03 6.067885e+03
8.1 5.588277e+03 5.556903e+03 6.068955e+03 6.100329e+03
9.1 5.576519e+03 5.478596e+03 6.108143e+03 6.206066e+03
10.1 5.776507e+03 5.625505e+03 6.123647e+03 6.274648e+03
11.1 5.705321e+03 5.663607e+03 6.104260e+03 6.145974e+03
12.1 5.623999e+03 5.571381e+03 6.080076e+03 6.132694e+03
13.1 5.629079e+03 5.553743e+03 6.086650e+03 6.161985e+03
14.1 5.490913e+03 5.456823e+03 6.118662e+03 6.152752e+03
15.1 5.658717e+03 5.581662e+03 6.123750e+03 6.200805e+03
16.1 5.905514e+03 5.942562e+03 6.106948e+03 6.069900e+03
17.1 6.065285e+03 6.010776e+03 6.116205e+03 6.170715e+03
18.1 5.563542e+03 5.475016e+03 6.133669e+03 6.222195e+03
19.1 5.776688e+03 5.788647e+03 6.119688e+03 6.107730e+03
20.1 5.819586e+03 5.762768e+03 6.105583e+03 6.162401e+03
21.1 5.533559e+03 5.600011e+03 6.122717e+03 6.056264e+03
1.0 5.503080e+03 5.492564e+03 6.057370e+03 6.067885e+03
2.0 5.588277e+03 5.556903e+03 6.068955e+03 6.100329e+03
3.0 5.576519e+03 5.478596e+03 6.108143e+03 6.206066e+03
4.0 5.776507e+03 5.625505e+03 6.123647e+03 6.274648e+03
5.0 5.705321e+03 5.663607e+03 6.104260e+03 6.145974e+03
6.0 5.623999e+03 5.571381e+03 6.080076e+03 6.132694e+03
7.0 5.629079e+03 5.553743e+03 6.086650e+03 6.161985e+03
8.0 5.490913e+03 5.456823e+03 6.118662e+03 6.152752e+03
9.0 5.658717e+03 5.581662e+03 6.123750e+03 6.200805e+03
10.0 5.905514e+03 5.942562e+03 6.106948e+03 6.069900e+03
11.0 6.065285e+03 6.010776e+03 6.116205e+03 6.170715e+03
12.0 5.563542e+03 5.475016e+03 6.133669e+03 6.222195e+03
13.0 5.776688e+03 5.788647e+03 6.119688e+03 6.107730e+03
14.0 5.819586e+03 5.762768e+03 6.105583e+03 6.162401e+03
15.0 5.533559e+03 5.600011e+03 6.122717e+03 6.056264e+03
16.0 5.660364e+03 5.609514e+03 6.129475e+03 6.180325e+03
17.0 5.662831e+03 5.646626e+03 6.105524e+03 6.121729e+03
18.0 5.576239e+03 5.592135e+03 6.075516e+03 6.059620e+03
19.0 5.589155e+03 5.565112e+03 6.055283e+03 6.079326e+03
0.2 5.705321e+03 5.663607e+03 6.104260e+03 6.145974e+03
1.2 5.623999e+03 5.571381e+03 6.080076e+03 6.132694e+03
2.2 5.629079e+03 5.553743e+03 6.086650e+03 6.161985e+03
3.2 5.490913e+03 5.456823e+03 6.118662e+03 6.152752e+03
4.2 5.658717e+03 5.581662e+03 6.123750e+03 6.200805e+03
5.2 5.905514e+03 5.942562e+03 6.106948e+03 6.069900e+03
6.2 6.065285e+03 6.010776e+03 6.116205e+03 6.170715e+03
7.2 5.563542e+03 5.475016e+03 6.133669e+03 6.222195e+03
8.2 5.776688e+03 5.788647e+03 6.119688e+03 6.107730e+03
9.2 5.819586e+03 5.762768e+03 6.105583e+03 6.162401e+03
10.2 5.533559e+03 5.600011e+03 6.122717e+03 6.056264e+03
11.2 5.660364e+03 5.609514e+03 6.129475e+03 6.180325e+03
12.2 5.662831e+03 5.646626e+03 6.105524e+03 6.121729e+03
13.2 5.576239e+03 5.592135e+03 6.075516e+03 6.059620e+03
14.2 5.589155e+03 5.565112e+03 6.055283e+03 6.079326e+03
0.5 5.658717e+03 5.581662e+03 6.123750e+03 6.200805e+03
1.5 5.905514e+03 5.942562e+03 6.106948e+03 6.069900e+03
2.5 6.065285e+03 6.010776e+03 6.116205e+03 6.170715e+03
3.5 5.563542e+03 5.475016e+03 6.133669e+03 6.222195e+03
4.5 5.776688e+03 5.788647e+03 6.119688e+03 6.107730e+03
5.5 5.819586e+03 5.762768e+03 6.105583e+03 6.162401e+03
6.5 5.533559e+03 5.600011e+03 6.122717e+03 6.056264e+03
7.5 5.660364e+03 5.609514e+03 6.129475e+03 6.180325e+03
8.5 5.662831e+03 5.646626e+03 6.105524e+03 6.121729e+03
9.5 5.576239e+03 5.592135e+03 6.075516e+03 6.059620e+03
10.5 5.589155e+03 5.565112e+03 6.055283e+03 6.079326e+03
0.9 5.776688e+03 5.788647e+03 6.119688e+03 6.107730e+03
1.9 5.819586e+03 5.762768e+03 6.105583e+03 6.162401e+03
2.9 5.533559e+03 5.600011e+03 6.122717e+03 6.056264e+03
3.9 5.660364e+03 5.609514e+03 6.129475e+03 6.180325e+03
4.9 5.662831e+03 5.646626e+03 6.105524e+03 6.121729e+03
5.9 5.576239e+03 5.592135e+03 6.075516e+03 6.059620e+03
6.9 5.589155e+03 5.565112e+03 6.055283e+03 6.079326e+03
