4.296935e+03 3.419816e+03 4.260607e+03 3.456143e+03
4.236794e+03 3.419816e+03 4.243817e+03 3.412792e+03
4.140408e+03 3.419816e+03 4.218102e+03 3.342121e+03
4.105662e+03 3.419816e+03 4.252780e+03 3.272698e+03
4.194807e+03 3.419816e+03 4.298645e+03 3.315977e+03
4.200511e+03 3.419816e+03 4.305943e+03 3.314383e+03
4.275059e+03 3.419816e+03 4.304870e+03 3.390005e+03
4.326102e+03 3.419816e+03 4.246396e+03 3.499522e+03
4.277128e+03 3.419816e+03 4.264547e+03 3.432396e+03
4.237304e+03 3.426716e+03 4.252086e+03 3.411934e+03
4.269448e+03 3.481405e+03 4.291348e+03 3.459505e+03
4.421676e+03 3.518470e+03 4.331108e+03 3.609038e+03
4.512834e+03 3.499595e+03 4.329614e+03 3.682815e+03
4.445021e+03 3.463768e+03 4.259326e+03 3.649464e+03
4.287312e+03 3.436660e+03 4.256886e+03 3.467086e+03
4.257719e+03 3.421064e+03 4.232034e+03 3.446749e+03
4.306945e+03 3.413503e+03 4.305117e+03 3.415330e+03
4.299121e+03 3.411057e+03 4.318720e+03 3.391458e+03
4.372706e+03 3.411637e+03 4.320407e+03 3.463935e+03
4.334500e+03 3.413569e+03 4.279157e+03 3.468912e+03
4.249450e+03 3.415676e+03 4.264511e+03 3.400614e+03
4.334199e+03 3.417365e+03 4.282649e+03 3.468915e+03
4.389783e+03 3.418494e+03 4.315691e+03 3.492587e+03
4.367751e+03 3.419158e+03 4.338514e+03 3.448394e+03
4.247700e+03 3.419510e+03 4.338251e+03 3.328959e+03
4.241839e+03 3.419682e+03 4.342497e+03 3.319024e+03
4.288225e+03 3.419760e+03 4.339493e+03 3.368492e+03
4.280206e+03 3.419794e+03 4.377152e+03 3.322847e+03
4.256595e+03 3.420421e+03 4.354592e+03 3.322424e+03
4.293136e+03 3.453527e+03 4.352648e+03 3.394015e+03
4.336084e+03 3.510263e+03 4.399112e+03 3.447235e+03
4.360256e+03 3.512344e+03 4.378738e+03 3.493862e+03
4.320570e+03 3.485007e+03 4.368533e+03 3.437043e+03
4.353072e+03 3.508492e+03 4.403206e+03 3.458358e+03
4.346715e+03 3.529759e+03 4.404092e+03 3.472382e+03
4.304134e+03 3.501246e+03 4.379633e+03 3.425746e+03
4.375903e+03 3.459294e+03 4.367433e+03 3.467764e+03
4.445619e+03 3.429789e+03 4.338861e+03 3.536546e+03
4.474238e+03 3.414489e+03 4.396218e+03 3.492509e+03
4.514371e+03 3.408394e+03 4.414420e+03 3.508345e+03
4.467141e+03 3.407548e+03 4.387229e+03 3.487460e+03
4.381405e+03 3.409451e+03 4.369763e+03 3.421092e+03
4.400512e+03 3.430001e+03 4.406298e+03 3.424215e+03
4.552013e+03 3.493145e+03 4.445048e+03 3.600111e+03
4.477623e+03 3.514631e+03 4.472437e+03 3.519817e+03
4.449713e+03 3.489010e+03 4.453030e+03 3.485694e+03
4.380491e+03 3.493163e+03 4.463611e+03 3.410042e+03
4.386056e+03 3.523908e+03 4.495690e+03 3.414274e+03
4.431160e+03 3.508455e+03 4.473987e+03 3.465628e+03
4.428167e+03 3.468219e+03 4.432195e+03 3.464191e+03
4.447979e+03 3.435689e+03 4.412944e+03 3.470723e+03
4.542359e+03 3.417611e+03 4.461648e+03 3.498322e+03
4.617375e+03 3.409769e+03 4.491384e+03 3.535761e+03
4.599368e+03 3.407858e+03 4.477574e+03 3.529652e+03
4.610161e+03 3.409137e+03 4.447709e+03 3.571589e+03
4.485050e+03 3.411749e+03 4.421057e+03 3.475741e+03
4.463132e+03 3.414450e+03 4.468991e+03 3.408592e+03
4.392687e+03 3.416606e+03 4.492186e+03 3.317107e+03
4.457827e+03 3.418062e+03 4.527282e+03 3.348608e+03
4.465534e+03 3.418930e+03 4.505027e+03 3.379438e+03
4.446436e+03 3.419399e+03 4.487246e+03 3.378588e+03
4.324935e+03 3.419631e+03 4.451556e+03 3.293010e+03
4.456826e+03 3.421714e+03 4.459783e+03 3.418757e+03
4.591090e+03 3.465818e+03 4.499937e+03 3.556972e+03
4.575564e+03 3.519350e+03 4.563745e+03 3.531170e+03
4.647159e+03 3.512589e+03 4.538426e+03 3.621322e+03
4.584623e+03 3.475821e+03 4.510880e+03 3.549564e+03
4.453722e+03 3.443939e+03 4.479748e+03 3.417913e+03
4.254699e+03 3.425977e+03 4.453608e+03 3.227068e+03
4.359547e+03 3.455732e+03 4.504434e+03 3.310845e+03
4.406321e+03 3.504779e+03 4.553841e+03 3.357260e+03
4.411939e+03 3.500458e+03 4.532875e+03 3.379522e+03
4.363807e+03 3.467513e+03 4.506085e+03 3.325234e+03
4.338424e+03 3.442555e+03 4.477908e+03 3.303071e+03
4.459244e+03 3.474249e+03 4.548746e+03 3.384747e+03
4.463978e+03 3.510850e+03 4.578061e+03 3.396767e+03
4.496325e+03 3.495085e+03 4.530213e+03 3.461198e+03
4.593504e+03 3.474750e+03 4.553868e+03 3.514386e+03
4.587023e+03 3.507835e+03 4.571421e+03 3.523437e+03
4.653503e+03 3.516082e+03 4.599134e+03 3.570451e+03
4.578624e+03 3.482913e+03 4.561575e+03 3.499963e+03
4.496645e+03 3.446203e+03 4.535637e+03 3.407210e+03
4.484111e+03 3.422984e+03 4.561860e+03 3.345236e+03
4.389742e+03 3.411806e+03 4.410103e+03 3.391445e+03
4.381800e+03 3.407979e+03 4.411081e+03 3.378697e+03
4.584087e+03 3.408258e+03 4.485251e+03 3.507093e+03
4.567620e+03 3.410531e+03 4.434598e+03 3.543553e+03
4.493504e+03 3.413324e+03 4.394648e+03 3.512180e+03
4.530759e+03 3.415765e+03 4.332324e+03 3.614200e+03
4.540727e+03 3.417520e+03 4.309944e+03 3.648303e+03
4.420692e+03 3.418618e+03 4.268525e+03 3.570785e+03
4.363232e+03 3.419235e+03 4.278373e+03 3.504094e+03
4.245556e+03 3.419552e+03 4.177785e+03 3.487322e+03
3.502691e+03 3.419704e+03 3.572496e+03 3.349899e+03
4.124768e+03 3.419771e+03 4.147596e+03 3.396943e+03
4.336194e+03 3.419798e+03 4.159771e+03 3.596221e+03
4.391080e+03 3.424597e+03 4.093233e+03 3.722444e+03
4.429600e+03 3.475884e+03 4.092605e+03 3.812879e+03
4.201610e+03 3.517812e+03 3.882220e+03 3.837203e+03
4.157045e+03 3.502474e+03 4.010653e+03 3.648866e+03
3.989171e+03 3.466654e+03 4.010201e+03 3.445624e+03
4.148005e+03 3.438493e+03 4.033604e+03 3.552894e+03
4.190561e+03 3.422036e+03 4.162620e+03 3.449976e+03
4.109880e+03 3.413917e+03 4.125556e+03 3.398240e+03
4.051405e+03 3.411121e+03 4.126269e+03 3.336257e+03
3.933387e+03 3.411513e+03 4.116653e+03 3.228247e+03
3.780039e+03 3.413384e+03 4.077074e+03 3.116348e+03
3.728739e+03 3.415507e+03 4.087196e+03 3.057050e+03
3.589561e+03 3.417242e+03 3.966403e+03 3.040401e+03
3.298702e+03 3.419359e+03 3.458919e+03 3.259142e+03
3.293556e+03 3.456440e+03 3.457121e+03 3.292875e+03
3.476456e+03 3.511751e+03 3.549571e+03 3.438636e+03
3.796371e+03 3.510788e+03 3.619092e+03 3.688068e+03
3.662191e+03 3.483588e+03 3.549419e+03 3.596361e+03
3.529638e+03 3.506822e+03 3.412018e+03 3.624442e+03
3.465770e+03 3.524369e+03 3.462670e+03 3.527469e+03
3.197070e+03 3.495362e+03 3.207477e+03 3.484955e+03
2.972227e+03 3.455464e+03 3.213651e+03 3.214039e+03
3.062131e+03 3.428027e+03 3.130931e+03 3.359227e+03
3.246397e+03 3.414029e+03 3.436195e+03 3.224231e+03
2.948801e+03 3.408610e+03 2.968544e+03 3.388867e+03
3.293193e+03 3.408044e+03 3.335949e+03 3.365287e+03
3.162140e+03 3.409958e+03 3.443438e+03 3.128660e+03
3.172225e+03 3.412709e+03 3.191058e+03 3.393877e+03
3.163580e+03 3.415267e+03 3.286763e+03 3.292084e+03
3.041286e+03 3.417182e+03 3.152168e+03 3.306299e+03
3.101790e+03 3.418417e+03 3.244547e+03 3.275660e+03
3.125066e+03 3.419127e+03 3.319019e+03 3.225173e+03
3.237751e+03 3.419498e+03 3.260366e+03 3.396883e+03
2.671296e+03 3.419678e+03 2.861422e+03 3.229552e+03
3.158196e+03 3.419760e+03 3.148538e+03 3.429418e+03
3.548543e+03 3.419794e+03 3.360465e+03 3.607871e+03
3.445142e+03 3.419807e+03 3.299471e+03 3.565478e+03
3.636891e+03 3.419815e+03 3.378549e+03 3.678157e+03
3.576157e+03 3.419816e+03 3.393312e+03 3.602660e+03
3.298217e+03 3.419816e+03 3.191917e+03 3.526115e+03
3.318224e+03 3.419816e+03 3.175825e+03 3.562215e+03
3.277855e+03 3.419816e+03 3.149935e+03 3.547736e+03
2.787525e+03 3.419816e+03 2.629310e+03 3.578031e+03
3.118065e+03 3.419816e+03 2.932814e+03 3.605066e+03
3.063418e+03 3.419816e+03 2.943956e+03 3.539278e+03
3.215707e+03 3.419816e+03 3.064350e+03 3.571173e+03
3.172088e+03 3.419816e+03 3.148661e+03 3.443243e+03
3.005447e+03 3.422140e+03 2.957065e+03 3.470522e+03
3.108450e+03 3.466469e+03 3.091375e+03 3.483545e+03
3.031613e+03 3.515639e+03 3.111879e+03 3.435373e+03
2.974408e+03 3.506960e+03 3.103090e+03 3.378279e+03
2.998672e+03 3.471621e+03 3.056550e+03 3.413743e+03
3.088482e+03 3.441747e+03 3.039442e+03 3.490787e+03
3.025288e+03 3.423790e+03 2.868669e+03 3.580409e+03
2.905051e+03 3.415075e+03 2.940214e+03 3.379911e+03
2.985698e+03 3.441487e+03 2.979391e+03 3.447794e+03
3.125755e+03 3.499744e+03 3.061417e+03 3.564082e+03
3.058889e+03 3.506902e+03 2.885618e+03 3.680173e+03
2.741308e+03 3.476335e+03 2.894743e+03 3.322899e+03
2.911225e+03 3.446852e+03 2.952920e+03 3.405157e+03
2.939855e+03 3.467995e+03 2.917684e+03 3.490166e+03
2.952380e+03 3.513658e+03 2.996902e+03 3.469136e+03
2.858367e+03 3.505826e+03 2.933482e+03 3.430710e+03
2.793361e+03 3.476808e+03 2.886370e+03 3.383798e+03
2.840273e+03 3.501469e+03 2.895300e+03 3.446443e+03
2.892327e+03 3.519011e+03 2.893204e+03 3.518134e+03
2.860700e+03 3.490669e+03 2.867243e+03 3.484127e+03
2.865986e+03 3.452229e+03 2.901010e+03 3.417205e+03
3.015981e+03 3.440171e+03 3.006870e+03 3.449282e+03
3.085794e+03 3.489368e+03 3.074988e+03 3.500175e+03
3.114632e+03 3.511497e+03 3.096646e+03 3.529483e+03
3.042080e+03 3.484723e+03 3.079591e+03 3.447211e+03
2.844403e+03 3.449823e+03 2.851090e+03 3.443136e+03
2.609832e+03 3.426586e+03 2.666508e+03 3.369910e+03
3.103978e+03 3.426217e+03 2.962207e+03 3.567987e+03
3.108267e+03 3.480108e+03 3.059401e+03 3.528975e+03
2.999742e+03 3.507913e+03 2.989957e+03 3.517697e+03
2.892149e+03 3.485625e+03 2.936577e+03 3.441197e+03
2.835244e+03 3.452690e+03 2.917046e+03 3.370888e+03
2.832791e+03 3.429689e+03 2.916786e+03 3.345694e+03
2.693468e+03 3.427846e+03 2.779578e+03 3.341736e+03
2.839761e+03 3.482757e+03 2.911901e+03 3.410616e+03
3.033829e+03 3.514080e+03 3.007457e+03 3.540452e+03
3.126367e+03 3.491673e+03 2.997730e+03 3.620310e+03
3.041013e+03 3.456497e+03 2.954659e+03 3.542851e+03
2.996173e+03 3.431474e+03 2.847454e+03 3.580193e+03
2.848177e+03 3.417750e+03 2.892916e+03 3.373011e+03
2.896452e+03 3.414248e+03 2.878130e+03 3.432570e+03
2.865738e+03 3.458524e+03 2.725375e+03 3.598887e+03
2.831660e+03 3.507490e+03 2.833013e+03 3.506137e+03
2.721325e+03 3.499650e+03 2.825972e+03 3.395004e+03
2.702996e+03 3.466420e+03 2.758307e+03 3.411109e+03
2.733997e+03 3.438627e+03 2.818640e+03 3.353984e+03
2.963103e+03 3.422119e+03 3.078284e+03 3.306937e+03
2.940243e+03 3.413887e+03 3.044598e+03 3.309532e+03
2.860819e+03 3.410947e+03 3.005083e+03 3.266683e+03
2.858672e+03 3.411236e+03 2.924282e+03 3.345626e+03
2.862056e+03 3.413086e+03 2.887541e+03 3.387601e+03
2.814203e+03 3.420044e+03 2.877830e+03 3.356416e+03
2.879025e+03 3.473132e+03 2.851265e+03 3.500893e+03
2.879195e+03 3.516307e+03 2.903000e+03 3.492501e+03
2.842014e+03 3.501714e+03 2.828157e+03 3.515570e+03
2.864587e+03 3.466296e+03 2.839808e+03 3.491076e+03
2.862248e+03 3.438334e+03 2.842502e+03 3.458080e+03
2.868100e+03 3.425622e+03 2.840749e+03 3.452974e+03
2.903618e+03 3.466209e+03 2.891832e+03 3.477995e+03
2.939549e+03 3.508403e+03 2.916307e+03 3.531645e+03
2.901352e+03 3.496017e+03 2.915794e+03 3.481574e+03
2.766178e+03 3.462187e+03 2.794913e+03 3.433452e+03
2.716536e+03 3.435456e+03 2.702963e+03 3.449028e+03
2.663297e+03 3.420143e+03 2.654346e+03 3.429093e+03
2.640900e+03 3.412816e+03 2.640856e+03 3.412859e+03
2.606680e+03 3.410477e+03 2.614695e+03 3.402462e+03
2.645052e+03 3.411109e+03 2.621765e+03 3.434396e+03
2.714652e+03 3.413117e+03 2.670928e+03 3.456841e+03
2.628457e+03 3.415333e+03 2.627682e+03 3.416108e+03
2.716404e+03 3.417134e+03 2.723703e+03 3.409835e+03
2.735659e+03 3.418356e+03 2.725525e+03 3.428490e+03
2.688962e+03 3.419146e+03 2.683898e+03 3.424210e+03
2.675492e+03 3.440052e+03 2.679014e+03 3.436529e+03
2.694157e+03 3.500708e+03 2.707900e+03 3.486965e+03
2.685204e+03 3.516666e+03 2.678245e+03 3.523626e+03
2.685260e+03 3.487240e+03 2.644102e+03 3.528397e+03
2.673933e+03 3.453051e+03 2.611772e+03 3.515212e+03
2.666238e+03 3.430174e+03 2.615861e+03 3.480551e+03
2.675820e+03 3.417739e+03 2.658195e+03 3.435364e+03
2.666646e+03 3.412204e+03 2.675130e+03 3.403720e+03
2.793778e+03 3.411007e+03 2.791066e+03 3.413719e+03
2.827837e+03 3.412218e+03 2.814856e+03 3.425199e+03
2.892110e+03 3.414313e+03 2.817374e+03 3.489049e+03
2.875949e+03 3.416317e+03 2.824857e+03 3.467408e+03
2.865943e+03 3.417813e+03 2.821923e+03 3.461833e+03
2.908318e+03 3.418766e+03 2.923502e+03 3.403583e+03
2.876819e+03 3.419306e+03 2.827320e+03 3.468805e+03
2.873736e+03 3.419584e+03 2.768229e+03 3.525091e+03
2.999256e+03 3.419716e+03 2.813325e+03 3.605647e+03
2.878980e+03 3.419775e+03 2.778558e+03 3.520197e+03
2.778379e+03 3.419800e+03 2.717251e+03 3.480928e+03
2.881020e+03 3.419810e+03 2.791483e+03 3.509347e+03
2.837576e+03 3.419816e+03 2.858291e+03 3.399100e+03
2.661239e+03 3.419816e+03 2.763700e+03 3.317355e+03
2.639411e+03 3.419816e+03 2.736629e+03 3.322598e+03
2.765759e+03 3.419816e+03 2.832681e+03 3.352893e+03
2.743962e+03 3.419816e+03 2.788599e+03 3.375179e+03
2.669946e+03 3.425251e+03 2.794296e+03 3.300901e+03
2.620744e+03 3.477741e+03 2.704146e+03 3.394339e+03
2.751906e+03 3.518084e+03 2.818329e+03 3.451662e+03
2.770757e+03 3.501528e+03 2.849848e+03 3.422437e+03
2.702199e+03 3.465684e+03 2.809391e+03 3.358491e+03
2.740814e+03 3.437872e+03 2.761754e+03 3.416931e+03
2.929661e+03 3.421705e+03 2.791962e+03 3.559404e+03
2.954507e+03 3.413774e+03 2.800610e+03 3.567671e+03
2.811189e+03 3.411097e+03 2.729138e+03 3.493149e+03
2.864530e+03 3.411553e+03 2.750725e+03 3.525358e+03
2.981430e+03 3.413445e+03 2.813964e+03 3.580911e+03
2.862268e+03 3.415564e+03 2.807199e+03 3.470633e+03
2.725965e+03 3.420936e+03 2.742236e+03 3.404665e+03
2.759993e+03 3.470762e+03 2.786256e+03 3.444498e+03
2.685102e+03 3.516421e+03 2.789957e+03 3.411567e+03
2.598173e+03 3.504012e+03 2.763119e+03 3.339066e+03
2.611560e+03 3.483585e+03 2.763922e+03 3.331223e+03
2.689252e+03 3.514870e+03 2.782862e+03 3.421260e+03
2.726428e+03 3.520906e+03 2.826538e+03 3.420796e+03
2.694127e+03 3.486620e+03 2.786825e+03 3.393922e+03
2.720609e+03 3.484215e+03 2.796068e+03 3.408756e+03
2.748354e+03 3.519181e+03 2.795431e+03 3.472103e+03
2.826429e+03 3.508942e+03 2.844127e+03 3.491244e+03
2.843803e+03 3.469580e+03 2.873727e+03 3.439656e+03
2.832312e+03 3.438195e+03 2.795596e+03 3.474911e+03
2.900518e+03 3.462193e+03 2.854309e+03 3.508402e+03
2.958638e+03 3.504430e+03 2.938213e+03 3.524854e+03
2.840804e+03 3.495126e+03 2.838206e+03 3.497724e+03
2.809755e+03 3.461239e+03 2.834430e+03 3.436564e+03
2.787127e+03 3.433753e+03 2.787256e+03 3.433625e+03
2.732124e+03 3.418349e+03 2.796366e+03 3.354107e+03
2.715999e+03 3.411360e+03 2.841303e+03 3.286056e+03
2.717527e+03 3.409398e+03 2.811952e+03 3.314974e+03
2.720800e+03 3.410323e+03 2.762848e+03 3.368274e+03
2.756091e+03 3.412556e+03 2.782993e+03 3.385655e+03
2.768688e+03 3.414954e+03 2.762816e+03 3.420826e+03
2.858468e+03 3.416900e+03 2.809099e+03 3.466269e+03
2.843903e+03 3.418220e+03 2.830914e+03 3.431210e+03
2.835573e+03 3.419010e+03 2.811150e+03 3.443433e+03
2.829757e+03 3.419437e+03 2.786592e+03 3.462602e+03
2.818145e+03 3.419649e+03 2.740585e+03 3.497210e+03
2.901802e+03 3.419746e+03 2.810131e+03 3.511417e+03
2.952182e+03 3.419788e+03 2.937485e+03 3.434485e+03
2.963206e+03 3.419893e+03 2.970446e+03 3.412652e+03
2.868563e+03 3.441888e+03 2.745473e+03 3.564977e+03
3.002371e+03 3.502213e+03 2.880860e+03 3.623724e+03
2.969491e+03 3.516304e+03 2.856001e+03 3.629795e+03
2.834603e+03 3.488183e+03 2.800972e+03 3.521813e+03
2.843142e+03 3.498266e+03 2.808333e+03 3.533074e+03
2.846332e+03 3.529240e+03 2.835573e+03 3.539998e+03
2.768866e+03 3.510277e+03 2.803605e+03 3.475538e+03
2.740859e+03 3.468125e+03 2.781100e+03 3.427884e+03
2.743763e+03 3.435140e+03 2.766448e+03 3.412456e+03
