9.733145e+03 9.627372e+03 9.785127e+03 9.575390e+03
9.680201e+03 9.630121e+03 9.749863e+03 9.560459e+03
9.697396e+03 9.657806e+03 9.710553e+03 9.644649e+03
9.720894e+03 9.702245e+03 9.765856e+03 9.657283e+03
9.743474e+03 9.710901e+03 9.781920e+03 9.672455e+03
9.751065e+03 9.685146e+03 9.720209e+03 9.716002e+03
9.727876e+03 9.655725e+03 9.732382e+03 9.651219e+03
9.714822e+03 9.638280e+03 9.693433e+03 9.659670e+03
9.744054e+03 9.654219e+03 9.725999e+03 9.672273e+03
9.770170e+03 9.694278e+03 9.781643e+03 9.682805e+03
9.820421e+03 9.703393e+03 9.744804e+03 9.779010e+03
9.808787e+03 9.679327e+03 9.740242e+03 9.747872e+03
9.775158e+03 9.651610e+03 9.750782e+03 9.675987e+03
9.733225e+03 9.635367e+03 9.699160e+03 9.669433e+03
9.746528e+03 9.651453e+03 9.742953e+03 9.655028e+03
9.748481e+03 9.694273e+03 9.759021e+03 9.683733e+03
9.750704e+03 9.708807e+03 9.785479e+03 9.674032e+03
9.741495e+03 9.685807e+03 9.756112e+03 9.671190e+03
9.742930e+03 9.655977e+03 9.722870e+03 9.676037e+03
9.729542e+03 9.636423e+03 9.716058e+03 9.649907e+03
9.792247e+03 9.646288e+03 9.732714e+03 9.705821e+03
9.803893e+03 9.686847e+03 9.800935e+03 9.689805e+03
9.773604e+03 9.704043e+03 9.806520e+03 9.671127e+03
9.745690e+03 9.688865e+03 9.778223e+03 9.656332e+03
9.760290e+03 9.693777e+03 9.772247e+03 9.681821e+03
9.782950e+03 9.715285e+03 9.829791e+03 9.668444e+03
9.772630e+03 9.705458e+03 9.779148e+03 9.698940e+03
9.765164e+03 9.685632e+03 9.785355e+03 9.665441e+03
9.785613e+03 9.699240e+03 9.809039e+03 9.675815e+03
9.803722e+03 9.711675e+03 9.802315e+03 9.713082e+03
9.787477e+03 9.692367e+03 9.795722e+03 9.684123e+03
9.786101e+03 9.685445e+03 9.776241e+03 9.695305e+03
9.800345e+03 9.706763e+03 9.812454e+03 9.694654e+03
9.816559e+03 9.705819e+03 9.834478e+03 9.687900e+03
9.800481e+03 9.676448e+03 9.766586e+03 9.710342e+03
9.809504e+03 9.650067e+03 9.766811e+03 9.692761e+03
9.852801e+03 9.661878e+03 9.820197e+03 9.694482e+03
9.861300e+03 9.696391e+03 9.830688e+03 9.727003e+03
9.856737e+03 9.698468e+03 9.845614e+03 9.709590e+03
9.826853e+03 9.672057e+03 9.827024e+03 9.671886e+03
9.808720e+03 9.651981e+03 9.781613e+03 9.679087e+03
9.823540e+03 9.671361e+03 9.823126e+03 9.671775e+03
9.880434e+03 9.702725e+03 9.858096e+03 9.725063e+03
9.849304e+03 9.697494e+03 9.849844e+03 9.696954e+03
9.819659e+03 9.684249e+03 9.830248e+03 9.673661e+03
9.818360e+03 9.702632e+03 9.865257e+03 9.655735e+03
9.839588e+03 9.713300e+03 9.847591e+03 9.705298e+03
9.829909e+03 9.689513e+03 9.829782e+03 9.689641e+03
9.845458e+03 9.657704e+03 9.812525e+03 9.690637e+03
9.872170e+03 9.655560e+03 9.810634e+03 9.717096e+03
9.889026e+03 9.688990e+03 9.864177e+03 9.713839e+03
9.897740e+03 9.702540e+03 9.906409e+03 9.693871e+03
9.869180e+03 9.680756e+03 9.845896e+03 9.704040e+03
9.836323e+03 9.652145e+03 9.840665e+03 9.647803e+03
9.814987e+03 9.633484e+03 9.821560e+03 9.626911e+03
9.808282e+03 9.642588e+03 9.818326e+03 9.632544e+03
9.841961e+03 9.683706e+03 9.867996e+03 9.657671e+03
9.872060e+03 9.703997e+03 9.919625e+03 9.656432e+03
9.881308e+03 9.685490e+03 9.870712e+03 9.696085e+03
9.864375e+03 9.657042e+03 9.844586e+03 9.676830e+03
9.856143e+03 9.637159e+03 9.835128e+03 9.658174e+03
9.887444e+03 9.644085e+03 9.856852e+03 9.674676e+03
9.924109e+03 9.683950e+03 9.910547e+03 9.697512e+03
9.916669e+03 9.704805e+03 9.921199e+03 9.700275e+03
9.915123e+03 9.686643e+03 9.868566e+03 9.733200e+03
9.854758e+03 9.657912e+03 9.858119e+03 9.654550e+03
9.789720e+03 9.637436e+03 9.849504e+03 9.577653e+03
9.785240e+03 9.642336e+03 9.837689e+03 9.589887e+03
9.813628e+03 9.681509e+03 9.874296e+03 9.620841e+03
9.841974e+03 9.704840e+03 9.921737e+03 9.625077e+03
9.845373e+03 9.688295e+03 9.863257e+03 9.670411e+03
9.820163e+03 9.660781e+03 9.866926e+03 9.614019e+03
9.834598e+03 9.661172e+03 9.864528e+03 9.631242e+03
9.856423e+03 9.694452e+03 9.896345e+03 9.654530e+03
9.899881e+03 9.705666e+03 9.912603e+03 9.692945e+03
9.890369e+03 9.687567e+03 9.927306e+03 9.650630e+03
9.896455e+03 9.692329e+03 9.888850e+03 9.699933e+03
9.909280e+03 9.713397e+03 9.931494e+03 9.691183e+03
9.896017e+03 9.703049e+03 9.912266e+03 9.686800e+03
9.886585e+03 9.684401e+03 9.924908e+03 9.646078e+03
9.896105e+03 9.699273e+03 9.895979e+03 9.699399e+03
9.890039e+03 9.711159e+03 9.941262e+03 9.659936e+03
9.911575e+03 9.691275e+03 9.907720e+03 9.695131e+03
9.915455e+03 9.684524e+03 9.932539e+03 9.667441e+03
1.003394e+04 9.706236e+03 9.974870e+03 9.765307e+03
9.998295e+03 9.705584e+03 9.970045e+03 9.733834e+03
9.969129e+03 9.676383e+03 9.901663e+03 9.743848e+03
9.955059e+03 9.646323e+03 9.915843e+03 9.685539e+03
9.935436e+03 9.627654e+03 9.812486e+03 9.750604e+03
9.880481e+03 9.619667e+03 9.884394e+03 9.615754e+03
9.878239e+03 9.635323e+03 9.815415e+03 9.698147e+03
9.892310e+03 9.680932e+03 9.972957e+03 9.600284e+03
9.928512e+03 9.705137e+03 9.766511e+03 9.867137e+03
9.499394e+03 9.688427e+03 9.463075e+03 9.724745e+03
1.007008e+04 9.661601e+03 1.003678e+04 9.694899e+03
1.005368e+04 9.664076e+03 9.929118e+03 9.788641e+03
1.003027e+04 9.697211e+03 1.000491e+04 9.722575e+03
9.983845e+03 9.705618e+03 9.931932e+03 9.757531e+03
9.767617e+03 9.687131e+03 9.835321e+03 9.619427e+03
9.913336e+03 9.693787e+03 9.813816e+03 9.793306e+03
9.921615e+03 9.713911e+03 9.905017e+03 9.730509e+03
9.792121e+03 9.701208e+03 9.786842e+03 9.706487e+03
9.798135e+03 9.668232e+03 9.768844e+03 9.697523e+03
9.702512e+03 9.640561e+03 9.741460e+03 9.601613e+03
9.623490e+03 9.630832e+03 9.715570e+03 9.538752e+03
9.701318e+03 9.659047e+03 9.744823e+03 9.615541e+03
9.676784e+03 9.697637e+03 9.781121e+03 9.593301e+03
9.682367e+03 9.697546e+03 9.736397e+03 9.643516e+03
9.726006e+03 9.685814e+03 9.738879e+03 9.672941e+03
9.158384e+03 9.704188e+03 9.292960e+03 9.569612e+03
9.761933e+03 9.715578e+03 9.864925e+03 9.612587e+03
9.842239e+03 9.694400e+03 9.783095e+03 9.753544e+03
9.764245e+03 9.687521e+03 9.615664e+03 9.836101e+03
9.781971e+03 9.708318e+03 9.761295e+03 9.728993e+03
9.678508e+03 9.705881e+03 9.609652e+03 9.774736e+03
9.612727e+03 9.675861e+03 9.676861e+03 9.611727e+03
9.495929e+03 9.645823e+03 9.417858e+03 9.723894e+03
9.032497e+03 9.629560e+03 9.109682e+03 9.552375e+03
9.409956e+03 9.646800e+03 9.361027e+03 9.695728e+03
9.650254e+03 9.689252e+03 9.603637e+03 9.735869e+03
8.878020e+03 9.701345e+03 8.924384e+03 9.654981e+03
9.657340e+03 9.678904e+03 9.646326e+03 9.689918e+03
9.588519e+03 9.651657e+03 9.865412e+03 9.374764e+03
9.087762e+03 9.634988e+03 9.203444e+03 9.519306e+03
9.763280e+03 9.649115e+03 9.742130e+03 9.670266e+03
9.439161e+03 9.690366e+03 9.561226e+03 9.568302e+03
9.765510e+03 9.703857e+03 9.715421e+03 9.753946e+03
9.697161e+03 9.681710e+03 9.850847e+03 9.528024e+03
9.585664e+03 9.656701e+03 9.575013e+03 9.667352e+03
9.432271e+03 9.666087e+03 9.495248e+03 9.603111e+03
9.783001e+03 9.699864e+03 9.704308e+03 9.778557e+03
9.773119e+03 9.702888e+03 9.694922e+03 9.781084e+03
9.745839e+03 9.685454e+03 9.676142e+03 9.755151e+03
9.783220e+03 9.697183e+03 9.704135e+03 9.776268e+03
9.739889e+03 9.714426e+03 9.693284e+03 9.761030e+03
9.621333e+03 9.696998e+03 9.606103e+03 9.712227e+03
9.656674e+03 9.663624e+03 9.688994e+03 9.631305e+03
9.612930e+03 9.637671e+03 9.658637e+03 9.591963e+03
9.232841e+03 9.632356e+03 9.152537e+03 9.712660e+03
9.666606e+03 9.665485e+03 9.645490e+03 9.686602e+03
9.753074e+03 9.700311e+03 9.680627e+03 9.772759e+03
9.700706e+03 9.695042e+03 9.630482e+03 9.765265e+03
9.691111e+03 9.686592e+03 9.664818e+03 9.712885e+03
9.598990e+03 9.707696e+03 9.577428e+03 9.729257e+03
9.646192e+03 9.714042e+03 9.647695e+03 9.712540e+03
9.648554e+03 9.691217e+03 9.590214e+03 9.749556e+03
9.679314e+03 9.689752e+03 9.633795e+03 9.735271e+03
9.724887e+03 9.710319e+03 9.666267e+03 9.768940e+03
9.686972e+03 9.702770e+03 9.709818e+03 9.679923e+03
9.529398e+03 9.682879e+03 9.498701e+03 9.713576e+03
9.668509e+03 9.695868e+03 9.590393e+03 9.773984e+03
9.695239e+03 9.710771e+03 9.683431e+03 9.722578e+03
9.670149e+03 9.691403e+03 9.674207e+03 9.687346e+03
9.400692e+03 9.659424e+03 9.495355e+03 9.564761e+03
9.560875e+03 9.651747e+03 9.647847e+03 9.564775e+03
9.692942e+03 9.683346e+03 9.684219e+03 9.692070e+03
9.678794e+03 9.702901e+03 9.656895e+03 9.724799e+03
9.624972e+03 9.687523e+03 9.711550e+03 9.600945e+03
9.670073e+03 9.686172e+03 9.670506e+03 9.685739e+03
9.696001e+03 9.709619e+03 9.690727e+03 9.714893e+03
9.656613e+03 9.707067e+03 9.675178e+03 9.688502e+03
9.618656e+03 9.676650e+03 9.663177e+03 9.632129e+03
9.618613e+03 9.651472e+03 9.623330e+03 9.646754e+03
9.625921e+03 9.666164e+03 9.649825e+03 9.642260e+03
9.695291e+03 9.699027e+03 9.685411e+03 9.708908e+03
9.666606e+03 9.697224e+03 9.709270e+03 9.654561e+03
9.632754e+03 9.669622e+03 9.657621e+03 9.644755e+03
9.654258e+03 9.643654e+03 9.707020e+03 9.590892e+03
9.321956e+03 9.632150e+03 9.423782e+03 9.530324e+03
9.399953e+03 9.656141e+03 9.398760e+03 9.657335e+03
9.772247e+03 9.696442e+03 9.715331e+03 9.753358e+03
9.708045e+03 9.700318e+03 9.655732e+03 9.752631e+03
9.631067e+03 9.674638e+03 9.645944e+03 9.659760e+03
9.611882e+03 9.648188e+03 9.605075e+03 9.654995e+03
9.561079e+03 9.635062e+03 9.584065e+03 9.612076e+03
9.580895e+03 9.656914e+03 9.606954e+03 9.630855e+03
9.559592e+03 9.696788e+03 9.510460e+03 9.745921e+03
9.694708e+03 9.701439e+03 9.676193e+03 9.719954e+03
9.670210e+03 9.686039e+03 9.608534e+03 9.747716e+03
9.721511e+03 9.699587e+03 9.661009e+03 9.760089e+03
9.669803e+03 9.716193e+03 9.669700e+03 9.716296e+03
9.532779e+03 9.698490e+03 9.587118e+03 9.644151e+03
9.646955e+03 9.684752e+03 9.568541e+03 9.763166e+03
9.686893e+03 9.703974e+03 9.696702e+03 9.694165e+03
9.469381e+03 9.709196e+03 9.510607e+03 9.667969e+03
9.626420e+03 9.682594e+03 9.611178e+03 9.697836e+03
9.559171e+03 9.653235e+03 9.563184e+03 9.649221e+03
9.601445e+03 9.658190e+03 9.563220e+03 9.696415e+03
9.626628e+03 9.692975e+03 9.631046e+03 9.688557e+03
9.602714e+03 9.700828e+03 9.634763e+03 9.668779e+03
9.609464e+03 9.676389e+03 9.652023e+03 9.633829e+03
9.609500e+03 9.648664e+03 9.608807e+03 9.649357e+03
9.599558e+03 9.632399e+03 9.606626e+03 9.625330e+03
9.627330e+03 9.647254e+03 9.607005e+03 9.667580e+03
9.649176e+03 9.689199e+03 9.662311e+03 9.676063e+03
9.630713e+03 9.703200e+03 9.668681e+03 9.665232e+03
9.632209e+03 9.681371e+03 9.633004e+03 9.680576e+03
9.608576e+03 9.653472e+03 9.609844e+03 9.652204e+03
9.619833e+03 9.635622e+03 9.608830e+03 9.646624e+03
9.604141e+03 9.647320e+03 9.578994e+03 9.672467e+03
9.661479e+03 9.688337e+03 9.636050e+03 9.713766e+03
9.638210e+03 9.704326e+03 9.632128e+03 9.710408e+03
9.560652e+03 9.683398e+03 9.629336e+03 9.614714e+03
9.583919e+03 9.655051e+03 9.579525e+03 9.659446e+03
9.590391e+03 9.635217e+03 9.557861e+03 9.667747e+03
9.557653e+03 9.624476e+03 9.557509e+03 9.624620e+03
9.541702e+03 9.619836e+03 9.568486e+03 9.593052e+03
9.547962e+03 9.618956e+03 9.535201e+03 9.631718e+03
9.546764e+03 9.624724e+03 9.535120e+03 9.636367e+03
9.583796e+03 9.659047e+03 9.557529e+03 9.685315e+03
9.610250e+03 9.703078e+03 9.578805e+03 9.734523e+03
9.536762e+03 9.706598e+03 9.585719e+03 9.657640e+03
9.568228e+03 9.679610e+03 9.565190e+03 9.682648e+03
9.566765e+03 9.659388e+03 9.560544e+03 9.665609e+03
9.576655e+03 9.678708e+03 9.567764e+03 9.687599e+03
9.569293e+03 9.706802e+03 9.580870e+03 9.695225e+03
9.559925e+03 9.697559e+03 9.550339e+03 9.707145e+03
9.582726e+03 9.667564e+03 9.551407e+03 9.698883e+03
9.587013e+03 9.653661e+03 9.560354e+03 9.680320e+03
9.588668e+03 9.680458e+03 9.585313e+03 9.683812e+03
9.567709e+03 9.705304e+03 9.612813e+03 9.660201e+03
9.542816e+03 9.691367e+03 9.585547e+03 9.648637e+03
9.570989e+03 9.661926e+03 9.532372e+03 9.700542e+03
9.607862e+03 9.654272e+03 9.654675e+03 9.607458e+03
9.611263e+03 9.685313e+03 9.626255e+03 9.670320e+03
9.604437e+03 9.705376e+03 9.607780e+03 9.702033e+03
9.569142e+03 9.687289e+03 9.626037e+03 9.630394e+03
9.610012e+03 9.657557e+03 9.596893e+03 9.670677e+03
9.575724e+03 9.636165e+03 9.539189e+03 9.672700e+03
9.689317e+03 9.639255e+03 9.601435e+03 9.727137e+03
9.666655e+03 9.677906e+03 9.628736e+03 9.715825e+03
9.632323e+03 9.703981e+03 9.628785e+03 9.707519e+03
9.637635e+03 9.691880e+03 9.545308e+03 9.784208e+03
9.611591e+03 9.689941e+03 9.621804e+03 9.679728e+03
9.538422e+03 9.712631e+03 9.636489e+03 9.614564e+03
9.497261e+03 9.710127e+03 9.585301e+03 9.622086e+03
9.556224e+03 9.679133e+03 9.517681e+03 9.717676e+03
9.549056e+03 9.647977e+03 9.516291e+03 9.680742e+03
9.508843e+03 9.630571e+03 9.529907e+03 9.609507e+03
9.521270e+03 9.646262e+03 9.538711e+03 9.628821e+03
9.587822e+03 9.688555e+03 9.595183e+03 9.681194e+03
9.581882e+03 9.701834e+03 9.579548e+03 9.704168e+03
9.524000e+03 9.686949e+03 9.595882e+03 9.615067e+03
9.538108e+03 9.696190e+03 9.582530e+03 9.651767e+03
9.624883e+03 9.716060e+03 9.625352e+03 9.715591e+03
9.641806e+03 9.701983e+03 9.565631e+03 9.778158e+03
9.570026e+03 9.668470e+03 9.547784e+03 9.690712e+03
9.568778e+03 9.651605e+03 9.501209e+03 9.719174e+03
9.674170e+03 9.676923e+03 9.576242e+03 9.774851e+03
9.616516e+03 9.702943e+03 9.632442e+03 9.687016e+03
9.554341e+03 9.691849e+03 9.600017e+03 9.646172e+03
9.601263e+03 9.684579e+03 9.581046e+03 9.704796e+03
9.565985e+03 9.706777e+03 9.622566e+03 9.650196e+03
9.526281e+03 9.710528e+03 9.600021e+03 9.636788e+03
9.492973e+03 9.688084e+03 9.508057e+03 9.673000e+03
9.540953e+03 9.690509e+03 9.532088e+03 9.699375e+03
9.562813e+03 9.710699e+03 9.558455e+03 9.715057e+03
9.537506e+03 9.700466e+03 9.576466e+03 9.661505e+03
9.526547e+03 9.682417e+03 9.548488e+03 9.660476e+03
9.550639e+03 9.697964e+03 9.573171e+03 9.675432e+03
9.571922e+03 9.710390e+03 9.557499e+03 9.724813e+03
9.563346e+03 9.688681e+03 9.578428e+03 9.673599e+03
9.592798e+03 9.657086e+03 9.548587e+03 9.701298e+03
9.582680e+03 9.652217e+03 9.540672e+03 9.694225e+03
9.627071e+03 9.685186e+03 9.577434e+03 9.734823e+03
9.618833e+03 9.702672e+03 9.609889e+03 9.711616e+03
9.595843e+03 9.683153e+03 9.595906e+03 9.683090e+03
9.580217e+03 9.656025e+03 9.576040e+03 9.660202e+03
9.577442e+03 9.659511e+03 9.604802e+03 9.632151e+03
9.563521e+03 9.694037e+03 9.588653e+03 9.668905e+03
9.527312e+03 9.703658e+03 9.587028e+03 9.643942e+03
9.537661e+03 9.679527e+03 9.579811e+03 9.637377e+03
9.544965e+03 9.650853e+03 9.521731e+03 9.674086e+03
9.549736e+03 9.633199e+03 9.532585e+03 9.650351e+03
9.588594e+03 9.645516e+03 9.556844e+03 9.677266e+03
9.591582e+03 9.687180e+03 9.585932e+03 9.692830e+03
9.590162e+03 9.703662e+03 9.595840e+03 9.697984e+03
9.578430e+03 9.683051e+03 9.583568e+03 9.677913e+03
9.569532e+03 9.657340e+03 9.574896e+03 9.651976e+03
9.596466e+03 9.664329e+03 9.555332e+03 9.705463e+03
9.604097e+03 9.698363e+03 9.574942e+03 9.727518e+03
9.606279e+03 9.703772e+03 9.612969e+03 9.697082e+03
9.592644e+03 9.685909e+03 9.569841e+03 9.708712e+03
9.646161e+03 9.695751e+03 9.630832e+03 9.711081e+03
9.655643e+03 9.714317e+03 9.579407e+03 9.790554e+03
9.612351e+03 9.699453e+03 9.602519e+03 9.709285e+03
9.599302e+03 9.684457e+03 9.568504e+03 9.715255e+03
9.600748e+03 9.702674e+03 9.610415e+03 9.693006e+03
9.589613e+03 9.709858e+03 9.576241e+03 9.723231e+03
9.549037e+03 9.684395e+03 9.574950e+03 9.658483e+03
9.531868e+03 9.652492e+03 9.499923e+03 9.684437e+03
9.538713e+03 9.630980e+03 9.531543e+03 9.638150e+03
9.138238e+03 9.620309e+03 9.305830e+03 9.452718e+03
