2.340047e+03 2.966780e+03 2.500342e+03 2.806485e+03
2.342461e+03 2.966780e+03 2.440331e+03 2.868910e+03
2.421708e+03 2.966780e+03 2.425792e+03 2.962696e+03
2.360244e+03 2.971494e+03 2.383044e+03 2.948694e+03
2.054591e+03 3.005492e+03 2.266652e+03 2.793431e+03
2.468975e+03 3.027098e+03 2.333093e+03 3.162980e+03
2.225504e+03 3.014899e+03 2.281846e+03 2.958558e+03
2.406289e+03 2.993045e+03 2.388615e+03 3.010719e+03
2.266857e+03 2.976705e+03 2.374669e+03 2.868894e+03
2.425618e+03 2.970164e+03 2.333138e+03 3.062644e+03
2.154918e+03 2.987945e+03 2.377690e+03 2.765173e+03
2.321890e+03 3.001626e+03 2.430358e+03 2.893159e+03
2.455681e+03 2.994324e+03 2.416599e+03 3.033406e+03
2.333500e+03 2.980915e+03 2.457246e+03 2.857169e+03
2.105320e+03 2.971150e+03 2.400568e+03 2.675902e+03
2.328064e+03 2.968047e+03 2.349115e+03 2.946996e+03
2.209399e+03 2.995366e+03 2.303118e+03 2.901647e+03
2.147598e+03 3.022233e+03 2.241375e+03 2.928455e+03
2.252906e+03 3.014872e+03 2.307230e+03 2.960548e+03
2.367978e+03 2.993958e+03 2.290020e+03 3.071916e+03
2.627291e+03 2.977242e+03 2.323533e+03 3.281000e+03
2.520190e+03 2.969471e+03 2.340750e+03 3.148911e+03
2.184535e+03 2.993614e+03 2.236954e+03 2.941195e+03
2.429443e+03 3.020387e+03 2.226526e+03 3.223304e+03
2.285292e+03 3.013698e+03 2.271494e+03 3.027495e+03
2.356033e+03 3.001607e+03 2.211505e+03 3.146135e+03
2.408575e+03 3.021576e+03 2.228644e+03 3.201507e+03
2.231836e+03 3.027246e+03 2.203539e+03 3.055543e+03
2.286880e+03 3.007207e+03 2.212872e+03 3.081215e+03
2.205359e+03 2.997739e+03 2.283673e+03 2.919425e+03
2.230568e+03 3.006172e+03 2.286460e+03 2.950279e+03
2.407407e+03 2.999870e+03 2.336014e+03 3.071264e+03
2.377338e+03 2.986215e+03 2.319425e+03 3.044128e+03
2.407386e+03 2.995864e+03 2.298239e+03 3.105011e+03
2.465630e+03 3.005881e+03 2.361528e+03 3.109982e+03
2.322728e+03 2.995960e+03 2.329787e+03 2.988901e+03
2.414570e+03 2.980360e+03 2.300790e+03 3.094140e+03
2.311451e+03 2.975849e+03 2.289050e+03 2.998250e+03
2.231105e+03 3.005778e+03 2.197231e+03 3.039652e+03
2.272651e+03 3.022109e+03 2.199459e+03 3.095301e+03
2.363064e+03 3.007893e+03 2.260197e+03 3.110760e+03
2.278520e+03 2.987053e+03 2.235943e+03 3.029631e+03
2.496091e+03 2.979779e+03 2.241551e+03 3.234319e+03
2.426810e+03 2.996680e+03 2.317012e+03 3.106478e+03
2.391342e+03 3.001259e+03 2.349517e+03 3.043084e+03
2.123320e+03 2.989598e+03 2.296212e+03 2.816706e+03
2.399604e+03 2.991786e+03 2.361166e+03 3.030224e+03
2.334006e+03 3.005538e+03 2.347156e+03 2.992388e+03
2.179230e+03 3.000510e+03 2.382600e+03 2.797141e+03
2.492328e+03 2.985105e+03 2.385096e+03 3.092337e+03
2.403953e+03 2.974436e+03 2.330895e+03 3.047494e+03
2.412474e+03 2.997243e+03 2.271306e+03 3.138411e+03
2.377503e+03 3.024410e+03 2.290748e+03 3.111165e+03
2.184919e+03 3.016859e+03 2.287069e+03 2.914709e+03
2.276762e+03 2.994657e+03 2.346379e+03 2.925040e+03
2.408376e+03 2.976911e+03 2.407633e+03 2.977654e+03
2.399515e+03 2.968215e+03 2.387832e+03 2.979899e+03
2.367283e+03 2.990526e+03 2.334299e+03 3.023510e+03
2.277150e+03 3.019080e+03 2.321221e+03 2.975008e+03
2.504151e+03 3.014232e+03 2.366607e+03 3.151776e+03
2.452205e+03 2.993986e+03 2.417715e+03 3.028475e+03
2.584555e+03 2.977206e+03 2.427790e+03 3.133972e+03
2.307426e+03 2.968235e+03 2.391899e+03 2.883762e+03
2.339174e+03 2.981442e+03 2.440996e+03 2.879620e+03
2.511620e+03 3.001649e+03 2.539277e+03 2.973991e+03
2.487200e+03 2.999180e+03 2.559724e+03 2.926656e+03
2.444631e+03 2.985390e+03 2.547931e+03 2.882090e+03
2.365411e+03 2.973762e+03 2.575410e+03 2.763763e+03
2.475389e+03 2.967572e+03 2.527969e+03 2.914992e+03
2.352856e+03 2.980474e+03 2.488422e+03 2.844909e+03
2.456383e+03 3.000930e+03 2.597245e+03 2.860068e+03
2.262053e+03 2.999421e+03 2.565919e+03 2.695556e+03
2.278507e+03 2.986119e+03 2.581271e+03 2.683355e+03
2.466346e+03 2.976005e+03 2.556764e+03 2.885587e+03
2.365595e+03 2.988947e+03 2.486759e+03 2.867783e+03
2.671032e+03 3.003873e+03 2.410916e+03 3.263989e+03
2.624531e+03 2.997454e+03 2.444221e+03 3.177763e+03
2.424304e+03 2.989168e+03 2.434554e+03 2.978918e+03
2.346321e+03 3.002651e+03 2.434271e+03 2.914701e+03
2.354529e+03 3.006012e+03 2.457495e+03 2.903046e+03
2.563805e+03 2.992961e+03 2.497777e+03 3.058989e+03
2.467739e+03 2.999217e+03 2.400900e+03 3.066056e+03
2.396671e+03 3.023878e+03 2.332303e+03 3.088246e+03
2.612143e+03 3.019600e+03 2.643331e+03 2.988411e+03
2.341872e+03 3.001109e+03 2.537667e+03 2.805314e+03
2.390577e+03 3.014554e+03 2.379991e+03 3.025139e+03
2.356552e+03 3.027000e+03 2.390679e+03 2.992872e+03
2.466645e+03 3.010983e+03 2.425617e+03 3.052012e+03
2.373031e+03 2.987515e+03 2.508082e+03 2.852465e+03
2.445994e+03 2.971211e+03 2.557801e+03 2.859403e+03
2.449071e+03 2.962916e+03 2.613134e+03 2.798853e+03
2.381572e+03 2.960949e+03 2.579947e+03 2.762574e+03
2.706437e+03 2.986806e+03 2.792584e+03 2.900658e+03
2.235542e+03 3.018823e+03 2.709995e+03 2.544369e+03
2.542316e+03 3.016105e+03 2.216495e+03 3.341926e+03
2.435398e+03 2.996211e+03 2.320586e+03 3.111024e+03
2.485700e+03 2.980902e+03 2.468037e+03 2.998564e+03
2.899192e+03 2.991413e+03 2.471673e+03 3.418932e+03
3.422309e+03 3.003262e+03 3.081192e+03 3.344379e+03
2.654735e+03 2.995097e+03 2.940002e+03 2.709830e+03
2.878158e+03 2.991413e+03 2.791512e+03 3.078059e+03
2.854305e+03 3.017958e+03 2.571748e+03 3.300515e+03
2.823776e+03 3.024460e+03 2.548450e+03 3.299786e+03
2.742641e+03 3.005119e+03 2.549461e+03 3.198298e+03
2.573200e+03 2.983614e+03 2.509259e+03 3.047555e+03
2.384474e+03 2.969854e+03 2.498670e+03 2.855658e+03
2.565698e+03 2.973122e+03 2.412352e+03 3.126468e+03
2.500610e+03 3.009030e+03 2.350501e+03 3.159139e+03
2.769823e+03 3.023151e+03 2.656804e+03 3.136170e+03
4.156468e+03 3.007478e+03 4.324811e+03 2.839135e+03
3.613619e+03 3.001501e+03 3.456947e+03 3.158172e+03
3.281003e+03 3.009825e+03 3.275119e+03 3.015709e+03
3.154935e+03 3.001829e+03 3.301006e+03 2.855758e+03
3.581151e+03 2.987433e+03 3.571321e+03 2.997263e+03
2.977198e+03 2.996256e+03 3.488174e+03 2.485280e+03
3.422479e+03 3.004254e+03 3.538537e+03 2.888196e+03
3.807497e+03 2.993837e+03 3.657186e+03 3.144148e+03
4.167593e+03 2.978922e+03 3.590341e+03 3.556173e+03
3.275182e+03 2.968752e+03 3.653172e+03 2.590762e+03
4.430739e+03 2.967467e+03 3.272626e+03 4.125581e+03
4.032083e+03 2.999576e+03 3.915748e+03 3.115911e+03
2.665075e+03 3.024850e+03 2.632577e+03 3.057348e+03
3.182279e+03 3.014768e+03 2.994619e+03 3.202429e+03
2.381541e+03 2.992967e+03 2.701012e+03 2.673495e+03
3.236159e+03 2.976307e+03 3.059243e+03 3.153223e+03
2.852850e+03 2.969740e+03 2.926257e+03 2.896333e+03
2.426037e+03 2.996537e+03 2.762584e+03 2.659989e+03
2.308740e+03 3.020751e+03 2.645814e+03 2.683677e+03
2.678085e+03 3.011846e+03 2.750799e+03 2.939132e+03
3.223009e+03 2.991263e+03 3.007373e+03 3.206899e+03
2.642529e+03 2.980705e+03 2.633898e+03 2.989336e+03
2.491592e+03 3.006312e+03 2.700085e+03 2.797819e+03
2.888999e+03 3.022660e+03 2.690957e+03 3.220702e+03
1.998014e+03 3.008648e+03 2.549976e+03 2.456686e+03
2.434854e+03 3.002592e+03 2.124150e+03 3.313296e+03
3.047113e+03 3.024217e+03 2.727829e+03 3.343500e+03
2.960708e+03 3.022837e+03 2.701480e+03 3.282065e+03
2.927776e+03 3.000438e+03 2.970875e+03 2.957339e+03
3.623502e+03 2.979358e+03 4.067465e+03 2.535396e+03
3.449625e+03 2.966944e+03 3.405446e+03 3.011123e+03
3.298340e+03 2.975567e+03 3.336759e+03 2.937148e+03
2.452539e+03 3.010552e+03 3.094480e+03 2.368611e+03
3.237895e+03 3.018580e+03 3.086986e+03 3.169488e+03
2.824002e+03 3.002297e+03 3.426358e+03 2.399941e+03
2.725500e+03 3.001453e+03 3.071656e+03 2.655298e+03
3.089106e+03 3.009351e+03 3.122037e+03 2.976420e+03
3.168294e+03 2.999500e+03 3.227455e+03 2.940338e+03
3.034421e+03 2.989583e+03 3.237034e+03 2.786970e+03
3.395893e+03 3.012992e+03 3.183913e+03 3.224972e+03
3.330873e+03 3.023986e+03 3.630159e+03 2.724700e+03
3.533128e+03 3.007160e+03 3.380788e+03 3.159500e+03
3.472128e+03 2.997527e+03 3.372706e+03 3.096949e+03
3.217675e+03 3.006702e+03 3.473064e+03 2.751313e+03
3.722789e+03 3.001504e+03 3.537426e+03 3.186867e+03
3.870829e+03 2.985289e+03 3.108828e+03 3.747289e+03
2.909368e+03 2.972278e+03 3.242029e+03 2.639617e+03
3.675556e+03 2.981501e+03 3.400165e+03 3.256891e+03
3.217625e+03 3.001375e+03 3.365053e+03 2.853947e+03
3.224680e+03 2.999462e+03 3.536991e+03 2.687152e+03
3.476308e+03 2.988625e+03 3.450874e+03 3.014059e+03
3.687368e+03 2.999323e+03 3.551522e+03 3.135169e+03
3.531590e+03 3.006844e+03 3.583306e+03 2.955128e+03
3.397876e+03 2.995489e+03 3.622448e+03 2.770917e+03
3.215818e+03 2.979917e+03 3.277389e+03 2.918346e+03
3.437451e+03 2.975045e+03 3.261689e+03 3.150807e+03
3.510841e+03 2.995113e+03 3.320389e+03 3.185565e+03
3.614413e+03 3.004139e+03 3.369814e+03 3.248738e+03
3.539580e+03 2.993232e+03 3.473592e+03 3.059219e+03
3.174384e+03 2.979009e+03 3.381057e+03 2.772336e+03
4.530387e+03 2.969539e+03 3.841971e+03 3.657954e+03
2.854427e+03 2.969388e+03 3.087870e+03 2.735945e+03
2.979262e+03 2.991351e+03 3.072323e+03 2.898290e+03
3.501441e+03 3.002683e+03 3.377974e+03 3.126150e+03
3.663458e+03 2.993599e+03 3.322099e+03 3.334958e+03
3.476692e+03 2.980177e+03 3.393164e+03 3.063706e+03
3.268139e+03 2.970803e+03 3.374610e+03 2.864332e+03
3.974353e+03 2.970052e+03 3.831429e+03 3.112976e+03
3.328781e+03 2.992431e+03 3.495561e+03 2.825651e+03
3.729333e+03 3.005196e+03 3.691132e+03 3.043397e+03
3.658128e+03 2.996201e+03 3.598602e+03 3.055727e+03
3.617974e+03 2.998116e+03 3.439307e+03 3.176783e+03
3.651199e+03 3.024150e+03 3.699019e+03 2.976330e+03
3.566622e+03 3.023950e+03 3.547143e+03 3.043428e+03
3.124755e+03 3.003122e+03 3.474090e+03 2.653786e+03
4.112946e+03 3.000874e+03 3.992185e+03 3.121635e+03
3.895761e+03 3.007690e+03 3.757979e+03 3.145472e+03
3.327364e+03 2.997483e+03 3.459805e+03 2.865042e+03
3.690278e+03 2.980931e+03 3.752994e+03 2.918214e+03
3.342605e+03 2.972846e+03 3.359844e+03 2.955607e+03
3.230770e+03 2.999712e+03 3.242216e+03 2.988266e+03
2.790928e+03 3.021300e+03 3.074608e+03 2.737620e+03
3.049954e+03 3.010466e+03 3.137641e+03 2.922779e+03
3.163290e+03 2.989567e+03 3.301613e+03 2.851244e+03
3.335018e+03 2.974099e+03 3.343402e+03 2.965715e+03
3.502064e+03 2.967544e+03 3.320726e+03 3.148882e+03
3.361719e+03 2.984606e+03 3.297788e+03 3.048537e+03
3.211124e+03 3.000711e+03 3.347497e+03 2.864338e+03
3.525253e+03 2.995113e+03 3.478590e+03 3.041776e+03
3.402276e+03 2.981861e+03 3.309393e+03 3.074744e+03
3.285728e+03 2.971761e+03 3.233450e+03 3.024039e+03
2.680218e+03 2.967625e+03 3.087689e+03 2.560153e+03
3.521492e+03 2.984864e+03 3.174955e+03 3.331401e+03
3.293609e+03 3.002472e+03 3.253766e+03 3.042315e+03
3.260301e+03 2.997644e+03 3.348707e+03 2.909237e+03
3.481288e+03 2.983964e+03 3.407784e+03 3.057468e+03
3.629986e+03 2.973119e+03 3.379528e+03 3.223576e+03
3.609954e+03 2.966899e+03 3.403843e+03 3.173010e+03
3.452283e+03 2.963922e+03 3.362766e+03 3.053439e+03
3.500089e+03 2.962973e+03 3.412722e+03 3.050341e+03
3.744023e+03 2.963233e+03 3.361648e+03 3.345608e+03
3.598024e+03 2.971807e+03 3.383004e+03 3.186828e+03
3.660763e+03 3.008907e+03 3.319127e+03 3.350543e+03
3.050079e+03 3.025905e+03 3.217191e+03 2.858793e+03
3.005972e+03 3.011210e+03 3.266952e+03 2.750229e+03
2.976813e+03 2.989972e+03 3.293497e+03 2.673288e+03
3.084414e+03 2.983233e+03 3.326872e+03 2.740775e+03
3.440006e+03 2.999428e+03 3.394204e+03 3.045230e+03
3.483257e+03 3.001956e+03 3.402116e+03 3.083097e+03
3.302137e+03 2.988869e+03 3.384863e+03 2.906143e+03
3.138931e+03 2.975730e+03 3.337048e+03 2.777613e+03
3.256941e+03 2.985861e+03 3.290595e+03 2.952206e+03
3.156613e+03 3.017599e+03 3.277898e+03 2.896314e+03
3.107908e+03 3.019621e+03 3.250400e+03 2.877129e+03
2.594694e+03 2.999794e+03 2.709362e+03 2.885126e+03
2.913346e+03 2.981397e+03 2.819323e+03 3.075420e+03
2.830080e+03 2.992928e+03 2.922330e+03 2.900678e+03
2.976416e+03 3.020036e+03 2.961201e+03 3.035251e+03
3.117095e+03 3.016197e+03 2.918474e+03 3.214819e+03
3.080673e+03 2.995149e+03 3.072467e+03 3.003355e+03
2.683903e+03 2.977226e+03 2.961473e+03 2.699655e+03
2.491316e+03 2.967487e+03 2.742563e+03 2.716240e+03
2.920354e+03 2.984879e+03 3.260487e+03 2.644745e+03
3.130996e+03 3.016903e+03 3.160017e+03 2.987883e+03
2.591456e+03 3.016593e+03 2.961593e+03 2.646456e+03
2.735569e+03 3.001254e+03 2.854617e+03 2.882206e+03
2.928038e+03 3.018130e+03 3.308247e+03 2.637920e+03
3.613640e+03 3.031678e+03 3.369423e+03 3.275895e+03
2.800131e+03 3.014624e+03 3.084639e+03 2.730116e+03
3.112073e+03 2.989684e+03 3.032887e+03 3.068869e+03
3.370743e+03 2.972264e+03 3.192734e+03 3.150273e+03
3.350441e+03 2.965499e+03 3.409022e+03 2.906917e+03
3.172954e+03 2.983351e+03 3.269996e+03 2.886309e+03
3.309834e+03 2.999362e+03 3.142129e+03 3.167066e+03
3.467158e+03 2.993817e+03 3.323010e+03 3.137965e+03
3.500538e+03 2.992604e+03 3.459610e+03 3.033532e+03
3.224711e+03 3.019852e+03 3.180208e+03 3.064355e+03
3.644073e+03 3.025274e+03 3.345351e+03 3.323995e+03
3.703664e+03 3.005250e+03 3.554773e+03 3.154141e+03
3.439704e+03 2.983775e+03 3.447641e+03 2.975838e+03
3.553095e+03 2.987239e+03 3.223535e+03 3.316799e+03
3.595848e+03 3.016299e+03 3.277202e+03 3.334945e+03
3.470516e+03 3.018081e+03 3.365936e+03 3.122661e+03
3.486087e+03 2.999805e+03 3.387888e+03 3.098004e+03
3.775262e+03 3.000705e+03 3.489573e+03 3.286394e+03
3.612955e+03 3.007658e+03 3.621958e+03 2.998654e+03
3.678891e+03 2.996959e+03 3.655445e+03 3.020405e+03
3.904533e+03 2.986639e+03 3.621702e+03 3.269470e+03
3.806594e+03 2.999526e+03 3.610054e+03 3.196066e+03
3.715315e+03 3.003188e+03 3.631497e+03 3.087007e+03
3.615658e+03 2.990687e+03 3.639325e+03 2.967020e+03
3.806292e+03 2.990978e+03 3.660344e+03 3.136925e+03
3.835510e+03 3.006129e+03 3.645077e+03 3.196561e+03
3.670841e+03 3.002512e+03 3.497690e+03 3.175662e+03
2.689132e+03 2.986778e+03 3.529846e+03 2.146064e+03
3.396568e+03 2.974144e+03 3.496264e+03 2.874448e+03
3.375390e+03 2.983996e+03 3.420452e+03 2.938935e+03
3.136367e+03 3.001242e+03 3.480847e+03 2.656761e+03
3.207387e+03 2.997463e+03 3.506399e+03 2.698451e+03
3.537959e+03 2.983658e+03 3.483493e+03 3.038124e+03
3.451162e+03 2.975383e+03 3.577888e+03 2.848657e+03
3.511491e+03 3.000423e+03 3.515986e+03 2.995928e+03
3.826097e+03 3.023180e+03 3.483734e+03 3.365544e+03
3.632248e+03 3.013014e+03 3.585293e+03 3.059969e+03
3.749240e+03 2.991515e+03 3.607523e+03 3.133231e+03
3.662444e+03 2.975227e+03 3.599252e+03 3.038419e+03
3.633638e+03 2.968385e+03 3.615370e+03 2.986653e+03
3.675723e+03 2.993940e+03 3.627587e+03 3.042075e+03
3.775838e+03 3.020236e+03 3.549180e+03 3.246894e+03
3.625959e+03 3.012989e+03 3.579642e+03 3.059306e+03
3.707348e+03 2.992501e+03 3.660656e+03 3.039193e+03
3.640844e+03 2.980477e+03 3.690645e+03 2.930676e+03
3.665196e+03 3.004564e+03 3.455444e+03 3.214315e+03
3.091712e+03 3.022742e+03 3.427307e+03 2.687147e+03
3.440118e+03 3.009829e+03 3.522966e+03 2.926981e+03
3.388260e+03 2.997300e+03 3.540292e+03 2.845269e+03
3.458699e+03 3.006556e+03 3.590628e+03 2.874627e+03
3.515470e+03 3.004128e+03 3.604257e+03 2.915340e+03
3.313031e+03 2.989149e+03 3.573251e+03 2.728929e+03
3.539704e+03 2.992511e+03 3.655885e+03 2.876329e+03
3.864415e+03 3.005933e+03 3.701894e+03 3.168455e+03
3.551012e+03 2.999622e+03 3.634649e+03 2.915986e+03
3.614546e+03 2.983848e+03 3.689161e+03 2.909232e+03
3.472930e+03 2.971490e+03 3.289966e+03 3.154454e+03
