5.175235e+03 4.379014e+03 5.114658e+03 4.439590e+03
5.092911e+03 4.379014e+03 5.102697e+03 4.369228e+03
4.995653e+03 4.379014e+03 5.062534e+03 4.312133e+03
4.979733e+03 4.386383e+03 5.116691e+03 4.249425e+03
5.063325e+03 4.439524e+03 5.163330e+03 4.339519e+03
5.070320e+03 4.473296e+03 5.164044e+03 4.379572e+03
5.129124e+03 4.454229e+03 5.165996e+03 4.417356e+03
5.162326e+03 4.420068e+03 5.088223e+03 4.494171e+03
5.136133e+03 4.394528e+03 5.128398e+03 4.402263e+03
5.102595e+03 4.379910e+03 5.117191e+03 4.365314e+03
5.158117e+03 4.372865e+03 5.145241e+03 4.385740e+03
5.301152e+03 4.370638e+03 5.183706e+03 4.488084e+03
5.360519e+03 4.371249e+03 5.184720e+03 4.547048e+03
5.293171e+03 4.373111e+03 5.100247e+03 4.566035e+03
5.147676e+03 4.375116e+03 5.119546e+03 4.403245e+03
5.115609e+03 4.380200e+03 5.090781e+03 4.405028e+03
5.179065e+03 4.427718e+03 5.192086e+03 4.414696e+03
5.175229e+03 4.471271e+03 5.188328e+03 4.458172e+03
5.241164e+03 4.459395e+03 5.190645e+03 4.509915e+03
5.205386e+03 4.425475e+03 5.136315e+03 4.494546e+03
5.125791e+03 4.398005e+03 5.124631e+03 4.399165e+03
5.205567e+03 4.384782e+03 5.158691e+03 4.431658e+03
5.243634e+03 4.421800e+03 5.199581e+03 4.465854e+03
5.210291e+03 4.463225e+03 5.217314e+03 4.456202e+03
5.121458e+03 4.452545e+03 5.218599e+03 4.355404e+03
5.115893e+03 4.433537e+03 5.230538e+03 4.318892e+03
5.151399e+03 4.464700e+03 5.219216e+03 4.396883e+03
5.147019e+03 4.473541e+03 5.266775e+03 4.353785e+03
5.127582e+03 4.441819e+03 5.237424e+03 4.331976e+03
5.174085e+03 4.405931e+03 5.230463e+03 4.349553e+03
5.199751e+03 4.382970e+03 5.268191e+03 4.314531e+03
5.216518e+03 4.371796e+03 5.236376e+03 4.351938e+03
5.201204e+03 4.367865e+03 5.240282e+03 4.328787e+03
5.211792e+03 4.367988e+03 5.274750e+03 4.305030e+03
5.209729e+03 4.370097e+03 5.259990e+03 4.319836e+03
5.210678e+03 4.372754e+03 5.239048e+03 4.344384e+03
5.261954e+03 4.375093e+03 5.238003e+03 4.399044e+03
5.329255e+03 4.386837e+03 5.216511e+03 4.499582e+03
5.355911e+03 4.443364e+03 5.292467e+03 4.506808e+03
5.360859e+03 4.472774e+03 5.298425e+03 4.535208e+03
5.321407e+03 4.451092e+03 5.267921e+03 4.504578e+03
5.252975e+03 4.417306e+03 5.252381e+03 4.417900e+03
5.289003e+03 4.392845e+03 5.291921e+03 4.389927e+03
5.399719e+03 4.379039e+03 5.320747e+03 4.458010e+03
5.345541e+03 4.372510e+03 5.346188e+03 4.371863e+03
5.312977e+03 4.370604e+03 5.328513e+03 4.355068e+03
5.269453e+03 4.371379e+03 5.337712e+03 4.303120e+03
5.266838e+03 4.373288e+03 5.365732e+03 4.274394e+03
5.316750e+03 4.375273e+03 5.336324e+03 4.355698e+03
5.316149e+03 4.376825e+03 5.301027e+03 4.391947e+03
5.357883e+03 4.380871e+03 5.292515e+03 4.446239e+03
5.413775e+03 4.428035e+03 5.350839e+03 4.490971e+03
5.486673e+03 4.475494e+03 5.376856e+03 4.585310e+03
5.451824e+03 4.464910e+03 5.362105e+03 4.554629e+03
5.443734e+03 4.429390e+03 5.318718e+03 4.554406e+03
5.339581e+03 4.399989e+03 5.291075e+03 4.448495e+03
5.336010e+03 4.384676e+03 5.361991e+03 4.358695e+03
5.287931e+03 4.418176e+03 5.386460e+03 4.319647e+03
5.367147e+03 4.461880e+03 5.412159e+03 4.416868e+03
5.352178e+03 4.453749e+03 5.379935e+03 4.425992e+03
5.351318e+03 4.421805e+03 5.365552e+03 4.407571e+03
5.234176e+03 4.395429e+03 5.323928e+03 4.305677e+03
5.369146e+03 4.380079e+03 5.338345e+03 4.410880e+03
5.471670e+03 4.372629e+03 5.366715e+03 4.477585e+03
5.467207e+03 4.370112e+03 5.420960e+03 4.416360e+03
5.496692e+03 4.370560e+03 5.393043e+03 4.474210e+03
5.398690e+03 4.372427e+03 5.368434e+03 4.402683e+03
5.268457e+03 4.374561e+03 5.337041e+03 4.305977e+03
5.123396e+03 4.376327e+03 5.318691e+03 4.181032e+03
5.206371e+03 4.377541e+03 5.372686e+03 4.211226e+03
5.281205e+03 4.378271e+03 5.413627e+03 4.245848e+03
5.261173e+03 4.378665e+03 5.389852e+03 4.249987e+03
5.223675e+03 4.378859e+03 5.362929e+03 4.239606e+03
5.210447e+03 4.378949e+03 5.345199e+03 4.244198e+03
5.332876e+03 4.378988e+03 5.432641e+03 4.279223e+03
5.392891e+03 4.379004e+03 5.478651e+03 4.293245e+03
5.416733e+03 4.379012e+03 5.423666e+03 4.372079e+03
5.522913e+03 4.379014e+03 5.475369e+03 4.426558e+03
5.513275e+03 4.379014e+03 5.483415e+03 4.408875e+03
5.547692e+03 4.379014e+03 5.507778e+03 4.418929e+03
5.474341e+03 4.379744e+03 5.465308e+03 4.388778e+03
5.419083e+03 4.412908e+03 5.452928e+03 4.379062e+03
5.410717e+03 4.466245e+03 5.482232e+03 4.394731e+03
5.378753e+03 4.466678e+03 5.356916e+03 4.488514e+03
5.378027e+03 4.440214e+03 5.357707e+03 4.460534e+03
5.563461e+03 4.461051e+03 5.425841e+03 4.598670e+03
5.534038e+03 4.479057e+03 5.369993e+03 4.643103e+03
5.456492e+03 4.452242e+03 5.316572e+03 4.592162e+03
5.451036e+03 4.414005e+03 5.237936e+03 4.627105e+03
5.445214e+03 4.387403e+03 5.220072e+03 4.612544e+03
5.325369e+03 4.373738e+03 5.180792e+03 4.518316e+03
5.272709e+03 4.370271e+03 5.210321e+03 4.432659e+03
5.204678e+03 4.410484e+03 5.093880e+03 4.521282e+03
4.587978e+03 4.460432e+03 4.663784e+03 4.384625e+03
5.345087e+03 4.456142e+03 5.342798e+03 4.458430e+03
5.445279e+03 4.425029e+03 5.304484e+03 4.565823e+03
5.432186e+03 4.398043e+03 5.210212e+03 4.620016e+03
5.414896e+03 4.381802e+03 5.175459e+03 4.621239e+03
5.209350e+03 4.373614e+03 4.953799e+03 4.629165e+03
5.100876e+03 4.370622e+03 5.047725e+03 4.423773e+03
5.013674e+03 4.387681e+03 5.035890e+03 4.365464e+03
5.100412e+03 4.447112e+03 4.985461e+03 4.562063e+03
5.127297e+03 4.467758e+03 5.110291e+03 4.484765e+03
5.007442e+03 4.442699e+03 5.053798e+03 4.396342e+03
4.962787e+03 4.410866e+03 5.037363e+03 4.336289e+03
4.828497e+03 4.389109e+03 5.052067e+03 4.165539e+03
4.725423e+03 4.393025e+03 5.041253e+03 4.077195e+03
4.722074e+03 4.447799e+03 5.045200e+03 4.124673e+03
4.597913e+03 4.468765e+03 4.926389e+03 4.140290e+03
4.017094e+03 4.442920e+03 4.121506e+03 4.338507e+03
4.156060e+03 4.409955e+03 4.321149e+03 4.244866e+03
4.467165e+03 4.387733e+03 4.477250e+03 4.377648e+03
4.658989e+03 4.375848e+03 4.434448e+03 4.600389e+03
4.454863e+03 4.370674e+03 4.384314e+03 4.441222e+03
4.323957e+03 4.369664e+03 4.210356e+03 4.483266e+03
4.292302e+03 4.370987e+03 4.336168e+03 4.327121e+03
3.993825e+03 4.373182e+03 4.032402e+03 4.334605e+03
3.712182e+03 4.375285e+03 4.000609e+03 4.086858e+03
4.100946e+03 4.376866e+03 4.071402e+03 4.406410e+03
4.160530e+03 4.383775e+03 4.377797e+03 4.166508e+03
3.698396e+03 4.437416e+03 3.749522e+03 4.386290e+03
4.321062e+03 4.477282e+03 4.355343e+03 4.443000e+03
4.272263e+03 4.460303e+03 4.487662e+03 4.244904e+03
4.246376e+03 4.424474e+03 4.203084e+03 4.467767e+03
4.200221e+03 4.396804e+03 4.376504e+03 4.220522e+03
4.174656e+03 4.385320e+03 4.243811e+03 4.316165e+03
4.232081e+03 4.426418e+03 4.372443e+03 4.286055e+03
4.261482e+03 4.463813e+03 4.450889e+03 4.274406e+03
4.336637e+03 4.449659e+03 4.331671e+03 4.454625e+03
3.724240e+03 4.417371e+03 3.957269e+03 4.184342e+03
4.369812e+03 4.400815e+03 4.321841e+03 4.448786e+03
4.632635e+03 4.440820e+03 4.444261e+03 4.629194e+03
4.543244e+03 4.466364e+03 4.405202e+03 4.604406e+03
4.666096e+03 4.444458e+03 4.473483e+03 4.637071e+03
4.648133e+03 4.434992e+03 4.482124e+03 4.601001e+03
4.305431e+03 4.468792e+03 4.178115e+03 4.596108e+03
4.297498e+03 4.466635e+03 4.195713e+03 4.568420e+03
4.310100e+03 4.431625e+03 4.181899e+03 4.559825e+03
3.696370e+03 4.398676e+03 3.472017e+03 4.623029e+03
4.044043e+03 4.379271e+03 3.854070e+03 4.569243e+03
4.062319e+03 4.392750e+03 3.919949e+03 4.535120e+03
4.230854e+03 4.447434e+03 4.039926e+03 4.638362e+03
4.137582e+03 4.459981e+03 4.136458e+03 4.461104e+03
3.890089e+03 4.433049e+03 3.872549e+03 4.450589e+03
4.044749e+03 4.403492e+03 4.046229e+03 4.402013e+03
3.997729e+03 4.384515e+03 4.061782e+03 4.320462e+03
3.940077e+03 4.374646e+03 4.063983e+03 4.250740e+03
3.964155e+03 4.381657e+03 4.013365e+03 4.332447e+03
4.033397e+03 4.437276e+03 4.013435e+03 4.457238e+03
3.937007e+03 4.465900e+03 3.777323e+03 4.625583e+03
3.822530e+03 4.445151e+03 3.875580e+03 4.392101e+03
3.946917e+03 4.413269e+03 3.909437e+03 4.450749e+03
4.076852e+03 4.390500e+03 3.999672e+03 4.467681e+03
3.908897e+03 4.377815e+03 3.869113e+03 4.417599e+03
3.844996e+03 4.371942e+03 3.999848e+03 4.217090e+03
4.028377e+03 4.370386e+03 3.999844e+03 4.398920e+03
3.991944e+03 4.371334e+03 3.906946e+03 4.456332e+03
3.970616e+03 4.373311e+03 4.000365e+03 4.343562e+03
3.833039e+03 4.375310e+03 3.911830e+03 4.296520e+03
3.763972e+03 4.376856e+03 3.851552e+03 4.289275e+03
3.809704e+03 4.377867e+03 3.844361e+03 4.343210e+03
3.808832e+03 4.378449e+03 3.835444e+03 4.351838e+03
3.761426e+03 4.378754e+03 3.806248e+03 4.333933e+03
3.813296e+03 4.378902e+03 3.869033e+03 4.323165e+03
3.975216e+03 4.378968e+03 3.974574e+03 4.379609e+03
4.038074e+03 4.378996e+03 4.022496e+03 4.394575e+03
4.073456e+03 4.379007e+03 4.028268e+03 4.424195e+03
3.989661e+03 4.379014e+03 4.033876e+03 4.334799e+03
3.826701e+03 4.379014e+03 3.827493e+03 4.378222e+03
3.575276e+03 4.379014e+03 3.670743e+03 4.283547e+03
4.120246e+03 4.379014e+03 4.008443e+03 4.490817e+03
4.093468e+03 4.379014e+03 4.032058e+03 4.440424e+03
3.957460e+03 4.379014e+03 3.943566e+03 4.392908e+03
3.835262e+03 4.379014e+03 3.870396e+03 4.343881e+03
3.785714e+03 4.379014e+03 3.868268e+03 4.296460e+03
3.796252e+03 4.379014e+03 3.881893e+03 4.293373e+03
3.634754e+03 4.379014e+03 3.691463e+03 4.322305e+03
3.816090e+03 4.379014e+03 3.858660e+03 4.336445e+03
4.034840e+03 4.379014e+03 3.955112e+03 4.458743e+03
4.079055e+03 4.379228e+03 3.940378e+03 4.517904e+03
3.972369e+03 4.404629e+03 3.913181e+03 4.463816e+03
3.909803e+03 4.461262e+03 3.790678e+03 4.580386e+03
3.808263e+03 4.469691e+03 3.867817e+03 4.410137e+03
3.867098e+03 4.439366e+03 3.847856e+03 4.458608e+03
3.806690e+03 4.407649e+03 3.633618e+03 4.580721e+03
3.741145e+03 4.387111e+03 3.744690e+03 4.383565e+03
3.692349e+03 4.376149e+03 3.782171e+03 4.286328e+03
3.654903e+03 4.371446e+03 3.684904e+03 4.341445e+03
3.693826e+03 4.376514e+03 3.777044e+03 4.293296e+03
3.963603e+03 4.429022e+03 4.058852e+03 4.333773e+03
3.890948e+03 4.468009e+03 4.020019e+03 4.338938e+03
3.831733e+03 4.452948e+03 3.964218e+03 4.320463e+03
3.838941e+03 4.420097e+03 3.893566e+03 4.365472e+03
3.820530e+03 4.394741e+03 3.853990e+03 4.361281e+03
3.778864e+03 4.380063e+03 3.860453e+03 4.298475e+03
3.832853e+03 4.372915e+03 3.832901e+03 4.372867e+03
3.834744e+03 4.370586e+03 3.870903e+03 4.334427e+03
3.770822e+03 4.371132e+03 3.776414e+03 4.365540e+03
3.797523e+03 4.372979e+03 3.830755e+03 4.339747e+03
3.846514e+03 4.375005e+03 3.860210e+03 4.361308e+03
3.858940e+03 4.376636e+03 3.854093e+03 4.381484e+03
3.914326e+03 4.377729e+03 3.890689e+03 4.401366e+03
3.932349e+03 4.378373e+03 3.909022e+03 4.401700e+03
3.882425e+03 4.378716e+03 3.906996e+03 4.354145e+03
3.752412e+03 4.378884e+03 3.775067e+03 4.356229e+03
3.688473e+03 4.378960e+03 3.676338e+03 4.391095e+03
3.627870e+03 4.378993e+03 3.624545e+03 4.382318e+03
3.603408e+03 4.379006e+03 3.606670e+03 4.375745e+03
3.554295e+03 4.379014e+03 3.584008e+03 4.349301e+03
3.592115e+03 4.379017e+03 3.594371e+03 4.376761e+03
3.669719e+03 4.391140e+03 3.655766e+03 4.405093e+03
3.590972e+03 4.447717e+03 3.673319e+03 4.365370e+03
3.834258e+03 4.473140e+03 3.793651e+03 4.513747e+03
3.830265e+03 4.449391e+03 3.783210e+03 4.496446e+03
3.780594e+03 4.415692e+03 3.733730e+03 4.462556e+03
3.768268e+03 4.391841e+03 3.725081e+03 4.435028e+03
3.760326e+03 4.378516e+03 3.741369e+03 4.397474e+03
3.745069e+03 4.372303e+03 3.707989e+03 4.409383e+03
3.742481e+03 4.370592e+03 3.684457e+03 4.428615e+03
3.726102e+03 4.371834e+03 3.650818e+03 4.447118e+03
3.728830e+03 4.402241e+03 3.668217e+03 4.462855e+03
3.746522e+03 4.459771e+03 3.714380e+03 4.491913e+03
3.729983e+03 4.466457e+03 3.738980e+03 4.457460e+03
3.941059e+03 4.436228e+03 3.947396e+03 4.429892e+03
4.003908e+03 4.406701e+03 3.959466e+03 4.451143e+03
4.055870e+03 4.423391e+03 3.956737e+03 4.522524e+03
4.020667e+03 4.464486e+03 3.965893e+03 4.519260e+03
4.001913e+03 4.457533e+03 3.955893e+03 4.503554e+03
4.032531e+03 4.424026e+03 4.017051e+03 4.439507e+03
3.977709e+03 4.395667e+03 3.936638e+03 4.436738e+03
4.011596e+03 4.380268e+03 3.882884e+03 4.508980e+03
4.104484e+03 4.407368e+03 3.910054e+03 4.601799e+03
3.938198e+03 4.457387e+03 3.856494e+03 4.539091e+03
3.861493e+03 4.456887e+03 3.798506e+03 4.519874e+03
3.945069e+03 4.432904e+03 3.902410e+03 4.475562e+03
3.923575e+03 4.459278e+03 3.951452e+03 4.431401e+03
3.710484e+03 4.480454e+03 3.813799e+03 4.377139e+03
3.720717e+03 4.453798e+03 3.787004e+03 4.387511e+03
3.845614e+03 4.414815e+03 3.887986e+03 4.372442e+03
3.775107e+03 4.387587e+03 3.819376e+03 4.343317e+03
3.708639e+03 4.373549e+03 3.836648e+03 4.245541e+03
3.653343e+03 4.368018e+03 3.714083e+03 4.307278e+03
3.777421e+03 4.367344e+03 3.848726e+03 4.296039e+03
3.780446e+03 4.369223e+03 3.868774e+03 4.280896e+03
3.704498e+03 4.390161e+03 3.824222e+03 4.270437e+03
3.746825e+03 4.450468e+03 3.769472e+03 4.427822e+03
3.922674e+03 4.469241e+03 3.791146e+03 4.600769e+03
3.921899e+03 4.442994e+03 3.808286e+03 4.556606e+03
3.765194e+03 4.411133e+03 3.724704e+03 4.451623e+03
3.880867e+03 4.416258e+03 3.771100e+03 4.526024e+03
3.955399e+03 4.460474e+03 3.835129e+03 4.580744e+03
3.825911e+03 4.461910e+03 3.824975e+03 4.462846e+03
3.711700e+03 4.429921e+03 3.750540e+03 4.391082e+03
3.735863e+03 4.399588e+03 3.772307e+03 4.363145e+03
3.652590e+03 4.381370e+03 3.759424e+03 4.274537e+03
3.568859e+03 4.372553e+03 3.727825e+03 4.213587e+03
3.597812e+03 4.369434e+03 3.738361e+03 4.228885e+03
3.672429e+03 4.369648e+03 3.750221e+03 4.291856e+03
3.704705e+03 4.371527e+03 3.802452e+03 4.273781e+03
3.665650e+03 4.373829e+03 3.756022e+03 4.283457e+03
3.704586e+03 4.375815e+03 3.772537e+03 4.307863e+03
3.726480e+03 4.377223e+03 3.762847e+03 4.340855e+03
3.809440e+03 4.378092e+03 3.827691e+03 4.359841e+03
3.833687e+03 4.378572e+03 3.856857e+03 4.355402e+03
3.813709e+03 4.378818e+03 3.772382e+03 4.420145e+03
3.910237e+03 4.378931e+03 3.830933e+03 4.458235e+03
3.949128e+03 4.378980e+03 3.921743e+03 4.406365e+03
3.815830e+03 4.379001e+03 3.811790e+03 4.383041e+03
3.804330e+03 4.379009e+03 3.814065e+03 4.369275e+03
3.758325e+03 4.383584e+03 3.759503e+03 4.382407e+03
3.700342e+03 4.432535e+03 3.779831e+03 4.353046e+03
3.696223e+03 4.472558e+03 3.827427e+03 4.341355e+03
3.691216e+03 4.457917e+03 3.785031e+03 4.364102e+03
3.690426e+03 4.423725e+03 3.731059e+03 4.383091e+03
3.736886e+03 4.396843e+03 3.754052e+03 4.379676e+03
3.757286e+03 4.384621e+03 3.730537e+03 4.411369e+03
3.839721e+03 4.423325e+03 3.789406e+03 4.473640e+03
3.829100e+03 4.463586e+03 3.812879e+03 4.479808e+03
3.815906e+03 4.451755e+03 3.787742e+03 4.479919e+03
3.804857e+03 4.419460e+03 3.759758e+03 4.464560e+03
3.772863e+03 4.400530e+03 3.704709e+03 4.468684e+03
3.877259e+03 4.438118e+03 3.801007e+03 4.514370e+03
3.958608e+03 4.466504e+03 3.932896e+03 4.492216e+03
3.963601e+03 4.446254e+03 3.989417e+03 4.420439e+03
3.835222e+03 4.412659e+03 3.726036e+03 4.521845e+03
3.968772e+03 4.388699e+03 3.876460e+03 4.481011e+03
3.953038e+03 4.375927e+03 3.850113e+03 4.478852e+03
3.811686e+03 4.370429e+03 3.797899e+03 4.384216e+03
3.839682e+03 4.369260e+03 3.796264e+03 4.412678e+03
3.838396e+03 4.370509e+03 3.815116e+03 4.393789e+03
3.752241e+03 4.372725e+03 3.772704e+03 4.352261e+03
3.722546e+03 4.374919e+03 3.762626e+03 4.334838e+03
3.845990e+03 4.376615e+03 3.842057e+03 4.380548e+03
